# Position (bp)	A	C	G	T	N
0.0	31.035805626598467	31.374680306905372	12.902813299232738	24.680306905370845	0.006393861892583119
1.0	30.888746803069054	31.406649616368288	13.024296675191815	24.67391304347826	0.006393861892583119
2.0	30.971867007672632	31.361892583120206	12.953964194373402	24.705882352941178	0.006393861892583119
3.0	30.901534526854217	31.432225063938617	13.017902813299232	24.641943734015346	0.006393861892583119
4.0	31.00383631713555	31.425831202046034	12.941176470588237	24.622762148337596	0.006393861892583119
5.0	30.914322250639387	31.36828644501279	13.01150895140665	24.699488491048594	0.006393861892583119
6.0	31.054987212276213	31.432225063938617	12.953964194373402	24.55242966751918	0.006393861892583119
7.0	30.939897698209716	31.406649616368288	12.979539641943735	24.66751918158568	0.006393861892583119
8.0	30.984654731457802	31.36828644501279	12.941176470588237	24.699488491048594	0.006393861892583119
9.0	30.843989769820972	31.438618925831204	13.024296675191815	24.686700767263428	0.006393861892583119
10.0	31.0230179028133	31.336317135549873	12.921994884910488	24.712276214833757	0.006393861892583119
11.0	30.856777493606135	31.400255754475705	13.0306905370844	24.705882352941178	0.006393861892583119
12.0	31.035805626598467	31.310741687979537	12.934782608695652	24.712276214833757	0.006393861892583119
13.0	30.88235294117647	31.374680306905372	13.07544757033248	24.661125319693095	0.006393861892583119
14.0	30.991048593350385	31.259590792838875	12.979539641943735	24.763427109974426	0.006393861892583119
15.0	30.888746803069054	31.36828644501279	13.043478260869565	24.693094629156008	0.006393861892583119
16.0	30.946291560102303	31.323529411764707	13.01150895140665	24.712276214833757	0.006393861892583119
17.0	30.895140664961634	31.349104859335036	13.024296675191815	24.725063938618927	0.006393861892583119
18.0	30.927109974424553	31.29156010230179	13.005115089514065	24.769820971867006	0.006393861892583119
19.0	30.939897698209716	31.32992327365729	13.069053708439899	24.654731457800512	0.006393861892583119
20.0	30.895140664961634	31.361892583120206	13.037084398976981	24.699488491048594	0.006393861892583119
21.0	30.875959079283888	31.24680306905371	13.037084398976981	24.83375959079284	0.006393861892583119
22.0	31.00383631713555	31.272378516624038	13.037084398976981	24.680306905370845	0.006393861892583119
23.0	30.895140664961634	31.310741687979537	13.0306905370844	24.757033248081843	0.006393861892583119
24.0	30.965473145780052	31.240409207161125	13.04987212276215	24.737851662404093	0.006393861892583119
25.0	30.914322250639387	31.323529411764707	13.062659846547314	24.693094629156008	0.006393861892583119
26.0	30.946291560102303	31.285166240409207	12.992327365728901	24.769820971867006	0.006393861892583119
27.0	30.946291560102303	31.36828644501279	13.005115089514065	24.67391304347826	0.006393861892583119
28.0	30.914322250639387	31.323529411764707	12.992327365728901	24.763427109974426	0.006393861892583119
29.0	30.978260869565215	31.323529411764707	13.005115089514065	24.686700767263428	0.006393861892583119
30.0	30.927109974424553	31.323529411764707	13.037084398976981	24.705882352941178	0.006393861892583119
31.0	30.965473145780052	31.26598465473146	13.043478260869565	24.718670076726344	0.006393861892583119
32.0	30.984654731457802	31.32992327365729	12.998721227621484	24.680306905370845	0.006393861892583119
33.0	30.965473145780052	31.30434782608696	13.05626598465473	24.66751918158568	0.006393861892583119
34.0	31.035805626598467	31.227621483375962	13.05626598465473	24.67391304347826	0.006393861892583119
35.0	30.88235294117647	31.393861892583118	13.005115089514065	24.712276214833757	0.006393861892583119
36.0	31.00383631713555	31.29156010230179	13.005115089514065	24.693094629156008	0.006393861892583119
37.0	30.939897698209716	31.272378516624038	13.01150895140665	24.769820971867006	0.006393861892583119
38.0	31.0230179028133	31.34271099744246	12.973145780051151	24.654731457800512	0.006393861892583119
39.0	30.939897698209716	31.26598465473146	12.992327365728901	24.795396419437342	0.006393861892583119
40.0	31.061381074168796	31.278772378516624	12.947570332480819	24.705882352941178	0.006393861892583119
41.0	30.95907928388747	31.24680306905371	13.113810741687978	24.67391304347826	0.006393861892583119
42.0	31.054987212276213	31.278772378516624	12.921994884910488	24.737851662404093	0.006393861892583119
43.0	30.978260869565215	31.297953964194374	13.037084398976981	24.680306905370845	0.006393861892583119
44.0	30.978260869565215	31.36828644501279	12.934782608695652	24.712276214833757	0.006393861892583119
45.0	30.965473145780052	31.285166240409207	12.985933503836316	24.757033248081843	0.006393861892583119
46.0	30.952685421994886	31.32992327365729	13.024296675191815	24.686700767263428	0.006393861892583119
47.0	30.927109974424553	31.278772378516624	13.037084398976981	24.750639386189256	0.006393861892583119
48.0	31.04219948849105	31.24680306905371	12.998721227621484	24.705882352941178	0.006393861892583119
49.0	31.01023017902813	31.29156010230179	13.05626598465473	24.635549872122763	0.006393861892583119
50.0	31.04219948849105	31.163682864450127	13.01150895140665	24.776214833759592	0.006393861892583119
51.0	30.971867007672632	31.278772378516624	12.966751918158566	24.776214833759592	0.006393861892583119
52.0	31.04219948849105	31.25319693094629	12.985933503836316	24.712276214833757	0.006393861892583119
53.0	30.971867007672632	31.29156010230179	12.992327365728901	24.737851662404093	0.006393861892583119
54.0	31.04859335038363	31.259590792838875	12.979539641943735	24.705882352941178	0.006393861892583119
55.0	30.952685421994886	31.29156010230179	12.998721227621484	24.750639386189256	0.006393861892583119
56.0	31.00383631713555	31.240409207161125	13.01150895140665	24.737851662404093	0.006393861892583119
57.0	30.984654731457802	31.310741687979537	13.017902813299232	24.680306905370845	0.006393861892583119
58.0	31.0230179028133	31.361892583120206	12.947570332480819	24.661125319693095	0.006393861892583119
59.0	31.00383631713555	31.20843989769821	13.043478260869565	24.737851662404093	0.006393861892583119
60.0	31.0230179028133	31.387468030690535	12.934782608695652	24.64833759590793	0.006393861892583119
61.0	30.965473145780052	31.336317135549873	12.960358056265985	24.731457800511507	0.006393861892583119
62.0	31.016624040920714	31.31713554987212	12.960358056265985	24.699488491048594	0.006393861892583119
63.0	30.971867007672632	31.32992327365729	12.953964194373402	24.737851662404093	0.006393861892583119
64.0	31.054987212276213	31.336317135549873	12.896419437340153	24.705882352941178	0.006393861892583119
65.0	30.978260869565215	31.32992327365729	12.985933503836316	24.699488491048594	0.006393861892583119
66.0	30.997442455242968	31.361892583120206	12.966751918158566	24.66751918158568	0.006393861892583119
67.0	30.997442455242968	31.374680306905372	12.966751918158566	24.654731457800512	0.006393861892583119
68.0	30.952685421994886	31.32992327365729	12.934782608695652	24.776214833759592	0.006393861892583119
69.0	31.054987212276213	31.336317135549873	12.921994884910488	24.680306905370845	0.006393861892583119
70.0	31.054987212276213	31.272378516624038	12.960358056265985	24.705882352941178	0.006393861892583119
71.0	30.984654731457802	31.400255754475705	12.921994884910488	24.686700767263428	0.006393861892583119
72.0	31.01023017902813	31.387468030690535	12.953964194373402	24.641943734015346	0.006393861892583119
73.0	30.991048593350385	31.41304347826087	12.915601023017903	24.67391304347826	0.006393861892583119
74.0	30.946291560102303	31.381074168797955	13.01150895140665	24.654731457800512	0.006393861892583119
75.0	31.0230179028133	31.30434782608696	12.921994884910488	24.744245524296677	0.006393861892583119
76.0	31.01023017902813	31.26598465473146	13.017902813299232	24.699488491048594	0.006393861892583119
77.0	30.978260869565215	31.35549872122762	12.960358056265985	24.699488491048594	0.006393861892583119
78.0	31.067774936061383	31.278772378516624	12.979539641943735	24.66751918158568	0.006393861892583119
79.0	30.95907928388747	31.310741687979537	12.934782608695652	24.789002557544755	0.006393861892583119
80.0	30.952685421994886	31.349104859335036	13.005115089514065	24.686700767263428	0.006393861892583119
81.0	31.035805626598467	31.259590792838875	12.934782608695652	24.763427109974426	0.006393861892583119
82.0	30.901534526854217	31.336317135549873	13.043478260869565	24.712276214833757	0.006393861892583119
83.0	31.016624040920714	31.36828644501279	12.953964194373402	24.654731457800512	0.006393861892583119
84.0	30.927109974424553	31.297953964194374	12.998721227621484	24.769820971867006	0.006393861892583119
85.0	31.01023017902813	31.36828644501279	12.896419437340153	24.718670076726344	0.006393861892583119
86.0	30.984654731457802	31.36828644501279	13.005115089514065	24.635549872122763	0.006393861892583119
87.0	30.984654731457802	31.31713554987212	12.896419437340153	24.795396419437342	0.006393861892583119
88.0	30.914322250639387	31.400255754475705	13.024296675191815	24.654731457800512	0.006393861892583119
89.0	30.984654731457802	31.393861892583118	12.921994884910488	24.693094629156008	0.006393861892583119
90.0	30.933503836317133	31.310741687979537	13.04987212276215	24.699488491048594	0.006393861892583119
91.0	30.984654731457802	31.349104859335036	12.941176470588237	24.718670076726344	0.006393861892583119
92.0	30.95907928388747	31.361892583120206	12.992327365728901	24.680306905370845	0.006393861892583119
93.0	30.984654731457802	31.445012787723787	12.84526854219949	24.718670076726344	0.006393861892583119
94.0	30.991048593350385	31.272378516624038	12.985933503836316	24.744245524296677	0.006393861892583119
95.0	30.991048593350385	31.432225063938617	12.851662404092071	24.718670076726344	0.006393861892583119
96.0	30.927109974424553	31.310741687979537	12.979539641943735	24.776214833759592	0.006393861892583119
97.0	30.933503836317133	31.502557544757032	12.877237851662404	24.680306905370845	0.006393861892583119
98.0	30.99303024490057	31.376686488905943	12.948398235181276	24.681885031012214	0.0
