# Position (bp)	A	C	G	T	N
0.0	31.037796284433057	31.383728379244076	12.869955156950672	24.702114029468287	0.0064061499039077515
1.0	30.88404868673927	31.4029468289558	13.023702754644459	24.68289557975657	0.0064061499039077515
2.0	30.93529788597053	31.383728379244076	12.946828955797566	24.72773862908392	0.0064061499039077515
3.0	30.877642536835364	31.45419602818706	13.010890454836643	24.650864830237026	0.0064061499039077515
4.0	30.96732863549007	31.44778987828315	12.901985906470212	24.67648942985266	0.0064061499039077515
5.0	30.88404868673927	31.383728379244076	13.004484304932735	24.721332479180013	0.0064061499039077515
6.0	31.044202434336967	31.46060217809097	12.901985906470212	24.586803331197952	0.0064061499039077515
7.0	30.896860986547086	31.44778987828315	12.985265855221012	24.663677130044842	0.0064061499039077515
8.0	30.992953235105702	31.383728379244076	12.908392056374119	24.708520179372197	0.0064061499039077515
9.0	30.80076873798847	31.46060217809097	13.030108904548365	24.702114029468287	0.0064061499039077515
10.0	31.018577834721334	31.33888532991672	12.921204356181933	24.714926329276103	0.0064061499039077515
11.0	30.832799487508005	31.4029468289558	13.030108904548365	24.72773862908392	0.0064061499039077515
12.0	30.980140935297882	31.358103779628443	12.94042280589366	24.714926329276103	0.0064061499039077515
13.0	30.864830237027547	31.409352978859705	13.042921204356182	24.67648942985266	0.0064061499039077515
14.0	30.96732863549007	31.29404228058937	12.96604740550929	24.766175528507368	0.0064061499039077515
15.0	30.88404868673927	31.383728379244076	13.01729660474055	24.708520179372197	0.0064061499039077515
16.0	30.92889173606662	31.351697629724534	12.991672005124922	24.721332479180013	0.0064061499039077515
17.0	30.832799487508005	31.39654067905189	13.01729660474055	24.746957078795646	0.0064061499039077515
18.0	30.9096732863549	31.319666880205	12.978859705317106	24.78539397821909	0.0064061499039077515
19.0	30.9096732863549	31.351697629724534	13.062139654067906	24.670083279948752	0.0064061499039077515
20.0	30.88404868673927	31.39654067905189	12.998078155028828	24.714926329276103	0.0064061499039077515
21.0	30.864830237027547	31.28763613068546	13.01729660474055	24.823830877642536	0.0064061499039077515
22.0	30.986547085201792	31.306854580397182	13.01729660474055	24.68289557975657	0.0064061499039077515
23.0	30.871236386931457	31.33247918001281	13.030108904548365	24.759769378603462	0.0064061499039077515
24.0	30.960922485586163	31.28122998078155	13.01729660474055	24.73414477898783	0.0064061499039077515
25.0	30.88404868673927	31.351697629724534	13.042921204356182	24.714926329276103	0.0064061499039077515
26.0	30.960922485586163	31.33247918001281	12.96604740550929	24.73414477898783	0.0064061499039077515
27.0	30.90326713645099	31.422165278667517	12.96604740550929	24.702114029468287	0.0064061499039077515
28.0	30.877642536835364	31.390134529147986	12.96604740550929	24.759769378603462	0.0064061499039077515
29.0	30.92248558616272	31.358103779628443	12.985265855221012	24.72773862908392	0.0064061499039077515
30.0	30.90326713645099	31.377322229340166	12.998078155028828	24.714926329276103	0.0064061499039077515
31.0	30.92889173606662	31.351697629724534	12.998078155028828	24.714926329276103	0.0064061499039077515
32.0	30.97373478539398	31.390134529147986	12.978859705317106	24.650864830237026	0.0064061499039077515
33.0	30.9096732863549	31.390134529147986	13.030108904548365	24.663677130044842	0.0064061499039077515
34.0	30.999359385009612	31.29404228058937	13.01729660474055	24.68289557975657	0.0064061499039077515
35.0	30.858424087123637	31.441383728379247	12.985265855221012	24.708520179372197	0.0064061499039077515
36.0	30.986547085201792	31.34529147982063	12.978859705317106	24.68289557975657	0.0064061499039077515
37.0	30.9096732863549	31.33888532991672	12.991672005124922	24.753363228699552	0.0064061499039077515
38.0	30.97373478539398	31.428571428571427	12.94042280589366	24.650864830237026	0.0064061499039077515
39.0	30.92248558616272	31.319666880205	12.953235105701474	24.798206278026903	0.0064061499039077515
40.0	31.024983984625244	31.358103779628443	12.901985906470212	24.708520179372197	0.0064061499039077515
41.0	30.91607943625881	31.3260730301089	13.081358103779628	24.670083279948752	0.0064061499039077515
42.0	31.044202434336967	31.33888532991672	12.882767456758486	24.72773862908392	0.0064061499039077515
43.0	30.91607943625881	31.383728379244076	12.991672005124922	24.702114029468287	0.0064061499039077515
44.0	30.92889173606662	31.45419602818706	12.889173606662396	24.721332479180013	0.0064061499039077515
45.0	30.92248558616272	31.358103779628443	12.946828955797566	24.766175528507368	0.0064061499039077515
46.0	30.92248558616272	31.4029468289558	12.991672005124922	24.67648942985266	0.0064061499039077515
47.0	30.871236386931457	31.34529147982063	13.004484304932735	24.772581678411274	0.0064061499039077515
48.0	31.005765534913515	31.31326073030109	12.972453555413196	24.702114029468287	0.0064061499039077515
49.0	30.96732863549007	31.33888532991672	13.004484304932735	24.68289557975657	0.0064061499039077515
50.0	31.012171684817424	31.236386931454195	12.95964125560538	24.78539397821909	0.0064061499039077515
51.0	30.92889173606662	31.358103779628443	12.901985906470212	24.804612427930813	0.0064061499039077515
52.0	31.018577834721334	31.34529147982063	12.908392056374119	24.721332479180013	0.0064061499039077515
53.0	30.94811018577835	31.364509929532353	12.946828955797566	24.73414477898783	0.0064061499039077515
54.0	30.980140935297882	31.33888532991672	12.921204356181933	24.753363228699552	0.0064061499039077515
55.0	30.896860986547086	31.364509929532353	12.946828955797566	24.78539397821909	0.0064061499039077515
56.0	30.93529788597053	31.33247918001281	12.946828955797566	24.778987828315184	0.0064061499039077515
57.0	30.960922485586163	31.390134529147986	12.95964125560538	24.68289557975657	0.0064061499039077515
58.0	30.96732863549007	31.441383728379247	12.908392056374119	24.67648942985266	0.0064061499039077515
59.0	30.986547085201792	31.28122998078155	12.972453555413196	24.753363228699552	0.0064061499039077515
60.0	30.94811018577835	31.486226777706598	12.901985906470212	24.657270980140936	0.0064061499039077515
61.0	30.92889173606662	31.4029468289558	12.921204356181933	24.740550928891736	0.0064061499039077515
62.0	30.97373478539398	31.409352978859705	12.914798206278027	24.69570787956438	0.0064061499039077515
63.0	30.954516335682253	31.383728379244076	12.921204356181933	24.73414477898783	0.0064061499039077515
64.0	30.992953235105702	31.415759128763614	12.837924407431133	24.746957078795646	0.0064061499039077515
65.0	30.91607943625881	31.428571428571427	12.94042280589366	24.708520179372197	0.0064061499039077515
66.0	30.91607943625881	31.46060217809097	12.908392056374119	24.708520179372197	0.0064061499039077515
67.0	30.960922485586163	31.434977578475337	12.921204356181933	24.67648942985266	0.0064061499039077515
68.0	30.890454836643176	31.4029468289558	12.901985906470212	24.798206278026903	0.0064061499039077515
69.0	31.031390134529147	31.390134529147986	12.857142857142856	24.714926329276103	0.0064061499039077515
70.0	30.96732863549007	31.364509929532353	12.908392056374119	24.753363228699552	0.0064061499039077515
71.0	30.954516335682253	31.46060217809097	12.869955156950672	24.708520179372197	0.0064061499039077515
72.0	30.92889173606662	31.47982062780269	12.895579756566303	24.689301729660475	0.0064061499039077515
73.0	30.97373478539398	31.45419602818706	12.863549007046766	24.702114029468287	0.0064061499039077515
74.0	30.890454836643176	31.45419602818706	12.946828955797566	24.702114029468287	0.0064061499039077515
75.0	30.96732863549007	31.358103779628443	12.882767456758486	24.78539397821909	0.0064061499039077515
76.0	30.960922485586163	31.33247918001281	12.953235105701474	24.746957078795646	0.0064061499039077515
77.0	30.94811018577835	31.4029468289558	12.927610506085843	24.714926329276103	0.0064061499039077515
78.0	31.018577834721334	31.364509929532353	12.927610506085843	24.68289557975657	0.0064061499039077515
79.0	30.91607943625881	31.34529147982063	12.889173606662396	24.84304932735426	0.0064061499039077515
80.0	30.90326713645099	31.434977578475337	12.953235105701474	24.702114029468287	0.0064061499039077515
81.0	30.980140935297882	31.29404228058937	12.901985906470212	24.81742472773863	0.0064061499039077515
82.0	30.852017937219735	31.415759128763614	13.010890454836643	24.714926329276103	0.0064061499039077515
83.0	30.960922485586163	31.422165278667517	12.921204356181933	24.689301729660475	0.0064061499039077515
84.0	30.88404868673927	31.370916079436256	12.96604740550929	24.772581678411274	0.0064061499039077515
85.0	30.92889173606662	31.44778987828315	12.863549007046766	24.753363228699552	0.0064061499039077515
86.0	30.92889173606662	31.434977578475337	12.927610506085843	24.702114029468287	0.0064061499039077515
87.0	30.93529788597053	31.39654067905189	12.85073670723895	24.81101857783472	0.0064061499039077515
88.0	30.826393337604102	31.486226777706598	12.978859705317106	24.702114029468287	0.0064061499039077515
89.0	30.94811018577835	31.44778987828315	12.87636130685458	24.721332479180013	0.0064061499039077515
90.0	30.858424087123637	31.39654067905189	13.010890454836643	24.72773862908392	0.0064061499039077515
91.0	30.954516335682253	31.409352978859705	12.889173606662396	24.740550928891736	0.0064061499039077515
92.0	30.90326713645099	31.45419602818706	12.953235105701474	24.68289557975657	0.0064061499039077515
93.0	30.92889173606662	31.49903907751441	12.799487508007687	24.766175528507368	0.0064061499039077515
94.0	30.94170403587444	31.34529147982063	12.94042280589366	24.766175528507368	0.0064061499039077515
95.0	30.92889173606662	31.50544522741832	12.831518257527227	24.72773862908392	0.0064061499039077515
96.0	30.877642536835364	31.39654067905189	12.914798206278027	24.804612427930813	0.0064061499039077515
97.0	30.88404868673927	31.582319026265214	12.837924407431133	24.689301729660475	0.0064061499039077515
98.0	30.95009289512461	31.456211160228076	12.896405919661733	24.697290024985584	0.0
