# Position (bp)	A	C	G	T	N
0.0	31.014943960149438	31.3013698630137	12.988792029887918	24.688667496886673	0.0062266500622665
1.0	31.008717310087174	31.363636363636367	12.90161892901619	24.719800747198008	0.0062266500622665
2.0	31.014943960149438	31.38854296388543	12.926525529265257	24.66376089663761	0.0062266500622665
3.0	30.977584059775843	31.320049813200495	12.988792029887918	24.707347447073474	0.0062266500622665
4.0	30.94022415940224	31.40099626400996	12.926525529265257	24.726027397260275	0.0062266500622665
5.0	30.996264009962637	31.40722291407223	12.914072229140722	24.676214196762142	0.0062266500622665
6.0	30.983810709838107	31.31382316313823	12.995018679950189	24.701120797011207	0.0062266500622665
7.0	30.915317559153177	31.419676214196762	12.932752179327522	24.726027397260275	0.0062266500622665
8.0	30.958904109589042	31.394769613947698	12.976338729763388	24.66376089663761	0.0062266500622665
9.0	30.983810709838107	31.432129514321293	12.889165628891655	24.688667496886673	0.0062266500622665
10.0	30.977584059775843	31.320049813200495	12.938978829389788	24.75716064757161	0.0062266500622665
11.0	30.933997509339978	31.36986301369863	12.988792029887918	24.701120797011207	0.0062266500622665
12.0	30.94645080946451	31.438356164383563	12.932752179327522	24.676214196762142	0.0062266500622665
13.0	30.927770859277707	31.332503113325032	12.957658779576589	24.775840597758407	0.0062266500622665
14.0	30.983810709838107	31.363636363636367	12.957658779576589	24.688667496886673	0.0062266500622665
15.0	30.89041095890411	31.38854296388543	12.988792029887918	24.726027397260275	0.0062266500622665
16.0	30.983810709838107	31.344956413449566	12.95143212951432	24.71357409713574	0.0062266500622665
17.0	30.927770859277707	31.38854296388543	12.988792029887918	24.688667496886673	0.0062266500622665
18.0	30.96513075965131	31.326276463262765	12.988792029887918	24.71357409713574	0.0062266500622665
19.0	30.902864259028647	31.376089663760897	12.957658779576589	24.75716064757161	0.0062266500622665
20.0	30.92154420921544	31.394769613947698	12.988792029887918	24.688667496886673	0.0062266500622665
21.0	30.958904109589042	31.257783312577832	13.007471980074719	24.76961394769614	0.0062266500622665
22.0	30.871731008717312	31.438356164383563	12.995018679950189	24.688667496886673	0.0062266500622665
23.0	30.96513075965131	31.320049813200495	13.019925280199251	24.688667496886673	0.0062266500622665
24.0	30.85305105853051	31.36986301369863	12.957658779576589	24.813200498132005	0.0062266500622665
25.0	30.983810709838107	31.363636363636367	12.95143212951432	24.694894146948943	0.0062266500622665
26.0	30.877957658779575	31.35118306351183	13.063511830635118	24.701120797011207	0.0062266500622665
27.0	30.89041095890411	31.357409713574096	13.038605230386052	24.707347447073474	0.0062266500622665
28.0	30.865504358655045	31.376089663760897	12.995018679950189	24.75716064757161	0.0062266500622665
29.0	30.896637608966376	31.357409713574096	13.051058530510584	24.688667496886673	0.0062266500622665
30.0	30.871731008717312	31.326276463262765	13.007471980074719	24.78829389788294	0.0062266500622665
31.0	30.896637608966376	31.40099626400996	13.019925280199251	24.676214196762142	0.0062266500622665
32.0	30.909090909090907	31.376089663760897	13.038605230386052	24.669987546699875	0.0062266500622665
33.0	30.94022415940224	31.29514321295143	13.063511830635118	24.694894146948943	0.0062266500622665
34.0	30.85305105853051	31.40722291407223	13.032378580323787	24.701120797011207	0.0062266500622665
35.0	30.94022415940224	31.29514321295143	13.051058530510584	24.707347447073474	0.0062266500622665
36.0	30.902864259028647	31.38231631382316	13.032378580323787	24.676214196762142	0.0062266500622665
37.0	30.94022415940224	31.376089663760897	13.02615193026152	24.651307596513075	0.0062266500622665
38.0	30.94022415940224	31.25155666251557	13.051058530510584	24.75093399750934	0.0062266500622665
39.0	30.896637608966376	31.326276463262765	13.019925280199251	24.75093399750934	0.0062266500622665
40.0	30.884184308841846	31.36986301369863	13.001245330012454	24.73848069738481	0.0062266500622665
41.0	30.915317559153177	31.307596513075964	13.038605230386052	24.73225404732254	0.0062266500622665
42.0	30.94645080946451	31.320049813200495	12.988792029887918	24.73848069738481	0.0062266500622665
43.0	30.85305105853051	31.257783312577832	13.063511830635118	24.81942714819427	0.0062266500622665
44.0	30.96513075965131	31.31382316313823	13.051058530510584	24.66376089663761	0.0062266500622665
45.0	31.002490660024907	31.232876712328768	13.02615193026152	24.73225404732254	0.0062266500622665
46.0	30.971357409713573	31.31382316313823	13.007471980074719	24.701120797011207	0.0062266500622665
47.0	30.933997509339978	31.363636363636367	13.044831880448319	24.651307596513075	0.0062266500622665
48.0	30.996264009962637	31.27646326276463	12.97011207970112	24.75093399750934	0.0062266500622665
49.0	30.95267745952677	31.232876712328768	13.038605230386052	24.76961394769614	0.0062266500622665
50.0	30.96513075965131	31.3013698630137	13.044831880448319	24.68244084682441	0.0062266500622665
51.0	31.03362391033624	31.3013698630137	13.038605230386052	24.620174346201743	0.0062266500622665
52.0	30.902864259028647	31.2826899128269	13.007471980074719	24.80074719800747	0.0062266500622665
53.0	30.909090909090907	31.307596513075964	13.019925280199251	24.75716064757161	0.0062266500622665
54.0	30.927770859277707	31.320049813200495	13.07596513075965	24.669987546699875	0.0062266500622665
55.0	30.96513075965131	31.27646326276463	13.02615193026152	24.726027397260275	0.0062266500622665
56.0	30.958904109589042	31.320049813200495	13.044831880448319	24.669987546699875	0.0062266500622665
57.0	30.915317559153177	31.344956413449566	13.057285180572853	24.676214196762142	0.0062266500622665
58.0	30.96513075965131	31.3013698630137	13.051058530510584	24.676214196762142	0.0062266500622665
59.0	30.96513075965131	31.288916562889163	13.051058530510584	24.688667496886673	0.0062266500622665
60.0	30.94022415940224	31.35118306351183	12.995018679950189	24.707347447073474	0.0062266500622665
61.0	30.996264009962637	31.29514321295143	13.088418430884186	24.613947696139476	0.0062266500622665
62.0	30.95267745952677	31.376089663760897	13.013698630136986	24.651307596513075	0.0062266500622665
63.0	30.94022415940224	31.332503113325032	13.032378580323787	24.688667496886673	0.0062266500622665
64.0	31.002490660024907	31.320049813200495	13.038605230386052	24.632627646326277	0.0062266500622665
65.0	30.94022415940224	31.31382316313823	13.02615193026152	24.71357409713574	0.0062266500622665
66.0	31.02117061021171	31.326276463262765	13.02615193026152	24.620174346201743	0.0062266500622665
67.0	30.94022415940224	31.2826899128269	13.057285180572853	24.71357409713574	0.0062266500622665
68.0	30.983810709838107	31.320049813200495	13.019925280199251	24.669987546699875	0.0062266500622665
69.0	31.027397260273972	31.2826899128269	13.013698630136986	24.669987546699875	0.0062266500622665
70.0	30.909090909090907	31.38854296388543	12.995018679950189	24.701120797011207	0.0062266500622665
71.0	30.990037359900374	31.245330012453298	13.069738480697385	24.688667496886673	0.0062266500622665
72.0	31.02117061021171	31.257783312577832	13.02615193026152	24.688667496886673	0.0062266500622665
73.0	30.927770859277707	31.36986301369863	13.019925280199251	24.676214196762142	0.0062266500622665
74.0	30.977584059775843	31.2826899128269	12.976338729763388	24.75716064757161	0.0062266500622665
75.0	30.958904109589042	31.326276463262765	13.051058530510584	24.65753424657534	0.0062266500622665
76.0	30.94022415940224	31.36986301369863	12.945205479452055	24.73848069738481	0.0062266500622665
77.0	30.96513075965131	31.288916562889163	13.02615193026152	24.71357409713574	0.0062266500622665
78.0	30.94645080946451	31.29514321295143	13.019925280199251	24.73225404732254	0.0062266500622665
79.0	30.95267745952677	31.326276463262765	13.019925280199251	24.694894146948943	0.0062266500622665
80.0	30.933997509339978	31.29514321295143	13.038605230386052	24.726027397260275	0.0062266500622665
81.0	30.95267745952677	31.307596513075964	12.988792029887918	24.744707347447072	0.0062266500622665
82.0	30.927770859277707	31.394769613947698	12.982565379825653	24.688667496886673	0.0062266500622665
83.0	30.92154420921544	31.363636363636367	13.02615193026152	24.68244084682441	0.0062266500622665
84.0	30.92154420921544	31.376089663760897	12.982565379825653	24.71357409713574	0.0062266500622665
85.0	30.89041095890411	31.326276463262765	13.051058530510584	24.726027397260275	0.0062266500622665
86.0	30.983810709838107	31.38854296388543	12.963885429638855	24.65753424657534	0.0062266500622665
87.0	30.933997509339978	31.36986301369863	12.938978829389788	24.75093399750934	0.0062266500622665
88.0	30.859277708592774	31.38231631382316	13.001245330012454	24.75093399750934	0.0062266500622665
89.0	30.877957658779575	31.40099626400996	12.988792029887918	24.726027397260275	0.0062266500622665
90.0	30.877957658779575	31.413449564134492	12.976338729763388	24.726027397260275	0.0062266500622665
91.0	30.96513075965131	31.35118306351183	12.963885429638855	24.71357409713574	0.0062266500622665
92.0	30.85305105853051	31.40099626400996	13.013698630136986	24.726027397260275	0.0062266500622665
93.0	30.95267745952677	31.338729763387295	12.995018679950189	24.707347447073474	0.0062266500622665
94.0	30.828144458281443	31.457036114570364	12.90161892901619	24.806973848069738	0.0062266500622665
95.0	30.933997509339978	31.40099626400996	12.963885429638855	24.694894146948943	0.0062266500622665
96.0	30.915317559153177	31.357409713574096	12.957658779576589	24.763387297633873	0.0062266500622665
97.0	30.927770859277707	31.413449564134492	12.938978829389788	24.71357409713574	0.0062266500622665
98.0	30.902864259028647	31.394769613947698	12.957658779576589	24.73848069738481	0.0062266500622665
99.0	30.958904109589042	31.307596513075964	12.982565379825653	24.744707347447072	0.0062266500622665
100.0	30.95267745952677	31.38231631382316	12.945205479452055	24.71357409713574	0.0062266500622665
101.0	31.002490660024907	31.29514321295143	12.957658779576589	24.73848069738481	0.0062266500622665
102.0	30.902864259028647	31.40722291407223	12.938978829389788	24.744707347447072	0.0062266500622665
103.0	30.933997509339978	31.38231631382316	12.876712328767123	24.80074719800747	0.0062266500622665
104.0	30.971357409713573	31.36986301369863	12.926525529265257	24.726027397260275	0.0062266500622665
105.0	30.971357409713573	31.320049813200495	12.938978829389788	24.763387297633873	0.0062266500622665
106.0	30.977584059775843	31.376089663760897	12.945205479452055	24.694894146948943	0.0062266500622665
107.0	30.96513075965131	31.36986301369863	12.926525529265257	24.73225404732254	0.0062266500622665
108.0	30.909090909090907	31.326276463262765	12.97011207970112	24.78829389788294	0.0062266500622665
109.0	31.08343711083437	31.288916562889163	12.882938978829388	24.73848069738481	0.0062266500622665
110.0	30.996264009962637	31.376089663760897	12.839352428393525	24.78206724782067	0.0062266500622665
111.0	30.94645080946451	31.320049813200495	12.938978829389788	24.78829389788294	0.0062266500622665
112.0	31.07098381070984	31.38231631382316	12.895392278953924	24.645080946450808	0.0062266500622665
113.0	31.014943960149438	31.320049813200495	12.90161892901619	24.75716064757161	0.0062266500622665
114.0	31.002490660024907	31.31382316313823	12.932752179327522	24.744707347447072	0.0062266500622665
115.0	31.02117061021171	31.338729763387295	12.90161892901619	24.73225404732254	0.0062266500622665
116.0	30.996264009962637	31.36986301369863	12.938978829389788	24.688667496886673	0.0062266500622665
117.0	31.008717310087174	31.35118306351183	12.926525529265257	24.707347447073474	0.0062266500622665
118.0	30.958904109589042	31.38854296388543	12.90161892901619	24.744707347447072	0.0062266500622665
119.0	31.027397260273972	31.332503113325032	12.876712328767123	24.75716064757161	0.0062266500622665
120.0	31.077210460772104	31.307596513075964	12.95143212951432	24.65753424657534	0.0062266500622665
121.0	31.008717310087174	31.394769613947698	12.839352428393525	24.75093399750934	0.0062266500622665
122.0	31.03362391033624	31.357409713574096	12.895392278953924	24.707347447073474	0.0062266500622665
123.0	30.958904109589042	31.40722291407223	12.926525529265257	24.701120797011207	0.0062266500622665
124.0	30.96513075965131	31.376089663760897	12.914072229140722	24.73848069738481	0.0062266500622665
125.0	31.07098381070984	31.36986301369863	12.839352428393525	24.71357409713574	0.0062266500622665
126.0	30.977584059775843	31.257783312577832	12.957658779576589	24.80074719800747	0.0062266500622665
127.0	31.07098381070984	31.376089663760897	12.84557907845579	24.701120797011207	0.0062266500622665
128.0	31.02117061021171	31.320049813200495	12.907845579078456	24.744707347447072	0.0062266500622665
129.0	30.96513075965131	31.29514321295143	12.938978829389788	24.794520547945208	0.0062266500622665
130.0	31.058530510585303	31.363636363636367	12.870485678704856	24.701120797011207	0.0062266500622665
131.0	30.990037359900374	31.363636363636367	12.84557907845579	24.794520547945208	0.0062266500622665
132.0	31.02117061021171	31.376089663760897	12.907845579078456	24.688667496886673	0.0062266500622665
133.0	30.94645080946451	31.326276463262765	12.882938978829388	24.83810709838107	0.0062266500622665
134.0	31.027397260273972	31.332503113325032	12.914072229140722	24.719800747198008	0.0062266500622665
135.0	31.027397260273972	31.326276463262765	12.889165628891655	24.75093399750934	0.0062266500622665
136.0	31.02117061021171	31.332503113325032	12.826899128268993	24.813200498132005	0.0062266500622665
137.0	31.089663760896634	31.288916562889163	12.920298879202988	24.694894146948943	0.0062266500622665
138.0	31.06475716064757	31.338729763387295	12.851805728518057	24.73848069738481	0.0062266500622665
139.0	31.05230386052304	31.320049813200495	12.920298879202988	24.701120797011207	0.0062266500622665
140.0	31.039850560398506	31.332503113325032	12.926525529265257	24.694894146948943	0.0062266500622665
141.0	31.027397260273972	31.320049813200495	12.957658779576589	24.688667496886673	0.0062266500622665
142.0	30.983810709838107	31.38231631382316	12.907845579078456	24.719800747198008	0.0062266500622665
143.0	30.990037359900374	31.320049813200495	12.920298879202988	24.763387297633873	0.0062266500622665
144.0	31.13947696139477	31.2826899128269	12.876712328767123	24.694894146948943	0.0062266500622665
145.0	31.02117061021171	31.288916562889163	12.957658779576589	24.726027397260275	0.0062266500622665
146.0	31.095890410958905	31.31382316313823	12.864259028642591	24.719800747198008	0.0062266500622665
147.0	31.02117061021171	31.332503113325032	12.932752179327522	24.707347447073474	0.0062266500622665
148.0	31.04607721046077	31.31382316313823	12.945205479452055	24.688667496886673	0.0062266500622665
149.0	31.027397260273972	31.338729763387295	12.938978829389788	24.688667496886673	0.0062266500622665
