# Position (bp)	A	C	G	T	N
0.0	31.068209422744996	31.355878028511153	12.86198299558908	24.707536917471074	0.0063926356836923855
1.0	30.902000894968996	31.400626478297	13.009013616314006	24.6819663747363	0.0063926356836923855
2.0	31.004283065908073	31.34309275714377	12.932301988109698	24.713929553154763	0.0063926356836923855
3.0	30.902000894968996	31.44537492808285	13.002620980630313	24.643610560634148	0.0063926356836923855
4.0	31.029853608642842	31.400626478297	12.913124081058621	24.65000319631784	0.0063926356836923855
5.0	30.90839353065269	31.362270664194845	13.02179888768139	24.701144281787382	0.0063926356836923855
6.0	31.080994694112384	31.407019113980695	12.925909352426004	24.579684203797225	0.0063926356836923855
7.0	30.927571437703765	31.413411749664387	12.989835709262929	24.662788467685225	0.0063926356836923855
8.0	31.01706833727546	31.355878028511153	12.919516716742313	24.701144281787382	0.0063926356836923855
9.0	30.83807453813207	31.438982292399153	13.009013616314006	24.707536917471074	0.0063926356836923855
10.0	31.04903151569392	31.32391485009269	12.919516716742313	24.701144281787382	0.0063926356836923855
11.0	30.83807453813207	31.36866329987854	13.040976794732467	24.745892731573228	0.0063926356836923855
12.0	31.02346097295915	31.34309275714377	12.919516716742313	24.707536917471074	0.0063926356836923855
13.0	30.88282298791792	31.36866329987854	13.066547337467238	24.675573739052613	0.0063926356836923855
14.0	30.9787125231733	31.279166400306845	12.964265166528161	24.771463274307997	0.0063926356836923855
15.0	30.876430352234223	31.39423384261331	13.040976794732467	24.6819663747363	0.0063926356836923855
16.0	30.946749344754842	31.336700121460076	13.002620980630313	24.707536917471074	0.0063926356836923855
17.0	30.863645080866842	31.355878028511153	13.034584159048777	24.739500095889536	0.0063926356836923855
18.0	30.914786166336384	31.317522214409	12.989835709262929	24.771463274307997	0.0063926356836923855
19.0	30.953141980438538	31.31112957872531	13.060154701783544	24.66918110336892	0.0063926356836923855
20.0	30.90839353065269	31.355878028511153	13.0154062519977	24.713929553154763	0.0063926356836923855
21.0	30.88282298791792	31.25998849325577	13.034584159048777	24.816211724093844	0.0063926356836923855
22.0	31.010675701591765	31.279166400306845	13.009013616314006	24.69475164610369	0.0063926356836923855
23.0	30.88921562360161	31.31112957872531	13.034584159048777	24.758678002940613	0.0063926356836923855
24.0	30.972319887489615	31.24081058620469	13.034584159048777	24.745892731573228	0.0063926356836923855
25.0	30.88282298791792	31.34309275714377	13.066547337467238	24.701144281787382	0.0063926356836923855
26.0	30.953141980438538	31.29195167167423	13.009013616314006	24.739500095889536	0.0063926356836923855
27.0	30.8956082592853	31.375055935562234	13.009013616314006	24.713929553154763	0.0063926356836923855
28.0	30.88921562360161	31.362270664194845	12.989835709262929	24.75228536725692	0.0063926356836923855
29.0	30.959534616122227	31.31112957872531	13.009013616314006	24.713929553154763	0.0063926356836923855
30.0	30.8956082592853	31.330307485776387	13.034584159048777	24.73310746020584	0.0063926356836923855
31.0	30.94035670907115	31.266381128939464	13.047369430416161	24.739500095889536	0.0063926356836923855
32.0	30.946749344754842	31.330307485776387	13.0154062519977	24.701144281787382	0.0063926356836923855
33.0	30.90839353065269	31.32391485009269	13.072939973150929	24.688359010419997	0.0063926356836923855
34.0	30.99149779454069	31.25998849325577	13.060154701783544	24.6819663747363	0.0063926356836923855
35.0	30.850859809499457	31.39423384261331	13.009013616314006	24.739500095889536	0.0063926356836923855
36.0	30.953141980438538	31.31112957872531	13.0154062519977	24.713929553154763	0.0063926356836923855
37.0	30.90839353065269	31.279166400306845	13.028191523365084	24.77785590999169	0.0063926356836923855
38.0	30.972319887489615	31.349485392827464	12.977050437895542	24.69475164610369	0.0063926356836923855
39.0	30.8956082592853	31.279166400306845	13.02179888768139	24.797033817042767	0.0063926356836923855
40.0	31.01706833727546	31.28555903599054	12.964265166528161	24.72671482452215	0.0063926356836923855
41.0	30.902000894968996	31.25998849325577	13.143258965671548	24.688359010419997	0.0063926356836923855
42.0	31.010675701591765	31.272773764623153	12.957872530844467	24.75228536725692	0.0063926356836923855
43.0	30.914786166336384	31.31112957872531	13.053762066099853	24.713929553154763	0.0063926356836923855
44.0	30.93396407338746	31.381448571245922	12.957872530844467	24.72032218883846	0.0063926356836923855
45.0	30.914786166336384	31.28555903599054	13.002620980630313	24.790641181359074	0.0063926356836923855
46.0	30.927571437703765	31.336700121460076	13.040976794732467	24.688359010419997	0.0063926356836923855
47.0	30.88921562360161	31.253595857572076	13.066547337467238	24.784248545675382	0.0063926356836923855
48.0	30.985105158856996	31.253595857572076	13.02179888768139	24.73310746020584	0.0063926356836923855
49.0	30.959534616122227	31.30473694304162	13.072939973150929	24.656395832001536	0.0063926356836923855
50.0	30.997890430224384	31.15770632231669	13.040976794732467	24.797033817042767	0.0063926356836923855
51.0	30.921178802020073	31.272773764623153	12.983443073579238	24.816211724093844	0.0063926356836923855
52.0	30.99149779454069	31.266381128939464	13.009013616314006	24.72671482452215	0.0063926356836923855
53.0	30.94035670907115	31.266381128939464	13.028191523365084	24.758678002940613	0.0063926356836923855
54.0	30.985105158856996	31.25998849325577	13.009013616314006	24.739500095889536	0.0063926356836923855
55.0	30.927571437703765	31.266381128939464	13.034584159048777	24.765070638624305	0.0063926356836923855
56.0	30.96592725180592	31.202454772102538	13.040976794732467	24.784248545675382	0.0063926356836923855
57.0	30.927571437703765	31.298344307357922	13.053762066099853	24.713929553154763	0.0063926356836923855
58.0	30.9787125231733	31.349485392827464	12.977050437895542	24.688359010419997	0.0063926356836923855
59.0	30.985105158856996	31.18966950073515	13.066547337467238	24.75228536725692	0.0063926356836923855
60.0	30.953141980438538	31.39423384261331	12.977050437895542	24.66918110336892	0.0063926356836923855
61.0	30.914786166336384	31.317522214409	13.002620980630313	24.758678002940613	0.0063926356836923855
62.0	30.985105158856996	31.30473694304162	13.002620980630313	24.701144281787382	0.0063926356836923855
63.0	30.953141980438538	31.29195167167423	12.989835709262929	24.758678002940613	0.0063926356836923855
64.0	31.01706833727546	31.330307485776387	12.919516716742313	24.72671482452215	0.0063926356836923855
65.0	30.972319887489615	31.317522214409	13.002620980630313	24.701144281787382	0.0063926356836923855
66.0	30.96592725180592	31.349485392827464	12.983443073579238	24.69475164610369	0.0063926356836923855
67.0	30.972319887489615	31.355878028511153	12.996228344946623	24.66918110336892	0.0063926356836923855
68.0	30.94035670907115	31.298344307357922	12.964265166528161	24.790641181359074	0.0063926356836923855
69.0	31.068209422744996	31.28555903599054	12.94508725947708	24.69475164610369	0.0063926356836923855
70.0	31.01706833727546	31.279166400306845	12.983443073579238	24.713929553154763	0.0063926356836923855
71.0	30.997890430224384	31.355878028511153	12.951479895160775	24.688359010419997	0.0063926356836923855
72.0	30.972319887489615	31.39423384261331	12.964265166528161	24.662788467685225	0.0063926356836923855
73.0	30.99149779454069	31.36866329987854	12.951479895160775	24.6819663747363	0.0063926356836923855
74.0	30.94035670907115	31.336700121460076	13.034584159048777	24.6819663747363	0.0063926356836923855
75.0	31.04903151569392	31.247203221888388	12.964265166528161	24.73310746020584	0.0063926356836923855
76.0	30.985105158856996	31.272773764623153	13.028191523365084	24.707536917471074	0.0063926356836923855
77.0	30.9787125231733	31.29195167167423	13.009013616314006	24.713929553154763	0.0063926356836923855
78.0	31.055424151377615	31.272773764623153	12.983443073579238	24.6819663747363	0.0063926356836923855
79.0	30.959534616122227	31.234417950521	12.977050437895542	24.822604359777536	0.0063926356836923855
80.0	30.953141980438538	31.32391485009269	13.02179888768139	24.69475164610369	0.0063926356836923855
81.0	31.036246244326538	31.196062136418846	12.977050437895542	24.784248545675382	0.0063926356836923855
82.0	30.8956082592853	31.32391485009269	13.060154701783544	24.713929553154763	0.0063926356836923855
83.0	30.997890430224384	31.330307485776387	12.983443073579238	24.6819663747363	0.0063926356836923855
84.0	30.914786166336384	31.25998849325577	13.034584159048777	24.784248545675382	0.0063926356836923855
85.0	31.004283065908073	31.336700121460076	12.932301988109698	24.72032218883846	0.0063926356836923855
86.0	30.946749344754842	31.349485392827464	13.034584159048777	24.662788467685225	0.0063926356836923855
87.0	30.9787125231733	31.28555903599054	12.932301988109698	24.797033817042767	0.0063926356836923855
88.0	30.88282298791792	31.413411749664387	13.053762066099853	24.643610560634148	0.0063926356836923855
89.0	30.985105158856996	31.375055935562234	12.957872530844467	24.675573739052613	0.0063926356836923855
90.0	30.914786166336384	31.29195167167423	13.079332608834623	24.707536917471074	0.0063926356836923855
91.0	30.99149779454069	31.32391485009269	12.983443073579238	24.69475164610369	0.0063926356836923855
92.0	30.927571437703765	31.362270664194845	13.0154062519977	24.688359010419997	0.0063926356836923855
93.0	30.9787125231733	31.400626478297	12.887553538323852	24.72671482452215	0.0063926356836923855
94.0	30.99149779454069	31.266381128939464	13.002620980630313	24.73310746020584	0.0063926356836923855
95.0	30.99149779454069	31.381448571245922	12.893946174007542	24.72671482452215	0.0063926356836923855
96.0	30.927571437703765	31.298344307357922	13.002620980630313	24.765070638624305	0.0063926356836923855
97.0	30.921178802020073	31.490123377868695	12.913124081058621	24.66918110336892	0.0063926356836923855
98.0	30.987086050377187	31.338703490602228	12.977880066487662	24.696330392532925	0.0
