# Position (bp)	A	C	G	T	N
0.0	31.024153973615448	31.37467337964438	12.93097954241285	24.663820024217703	0.0063730801096169775
1.0	30.91581161175196	31.393792619973233	13.020202663947487	24.663820024217703	0.0063730801096169775
2.0	30.96042317251928	31.349181059205915	12.943725702632083	24.74029698553311	0.0063730801096169775
3.0	30.903065451532726	31.432031100630937	13.039321904276338	24.619208463450384	0.0063730801096169775
4.0	30.979542412848133	31.393792619973233	12.93097954241285	24.689312344656173	0.0063730801096169775
5.0	30.91581161175196	31.381046459753996	13.05206806449557	24.644700783888855	0.0063730801096169775
6.0	31.03690013383468	31.432031100630937	12.918233382193614	24.60646230323115	0.0063730801096169775
7.0	30.864826970875026	31.432031100630937	13.039321904276338	24.657446944108088	0.0063730801096169775
8.0	31.005034733286596	31.387419539863615	12.90548722197438	24.69568542476579	0.0063730801096169775
9.0	30.78835000955962	31.42565802052132	13.083933465043657	24.69568542476579	0.0063730801096169775
10.0	31.005034733286596	31.36192721942515	12.924606462303231	24.702058504875406	0.0063730801096169775
11.0	30.820215410107703	31.37467337964438	13.045694984385953	24.753043145752343	0.0063730801096169775
12.0	31.005034733286596	31.355554139315533	12.937352622522466	24.69568542476579	0.0063730801096169775
13.0	30.858453890765407	31.37467337964438	13.083933465043657	24.676566184436936	0.0063730801096169775
14.0	30.966796252628896	31.304569498438596	12.988337263399401	24.73392390542349	0.0063730801096169775
15.0	30.87757313109426	31.381046459753996	13.03294882416672	24.702058504875406	0.0063730801096169775
16.0	30.922184691861577	31.330061818877063	13.026575744057103	24.71480466509464	0.0063730801096169775
17.0	30.896692371423107	31.3428079790963	13.020202663947487	24.73392390542349	0.0063730801096169775
18.0	30.922184691861577	31.285450258109744	13.007456503728251	24.77853546619081	0.0063730801096169775
19.0	30.93493085208081	31.298196418328978	13.071187304824422	24.689312344656173	0.0063730801096169775
20.0	30.90943853164234	31.3428079790963	13.03294882416672	24.708431584985025	0.0063730801096169775
21.0	30.864826970875026	31.253584857561663	13.064814224714805	24.810400866738895	0.0063730801096169775
22.0	31.024153973615448	31.266331017780896	13.020202663947487	24.682939264546555	0.0063730801096169775
23.0	30.852080810655792	31.31094257854821	13.039321904276338	24.791281626410044	0.0063730801096169775
24.0	31.005034733286596	31.23446561723281	12.994710343509016	24.759416225861962	0.0063730801096169775
25.0	30.87757313109426	31.31731565865783	13.077560384934038	24.721177745204255	0.0063730801096169775
26.0	30.966796252628896	31.304569498438596	12.988337263399401	24.73392390542349	0.0063730801096169775
27.0	30.91581161175196	31.330061818877063	13.039321904276338	24.708431584985025	0.0063730801096169775
28.0	30.90943853164234	31.3428079790963	13.001083423618635	24.74029698553311	0.0063730801096169775
29.0	30.954050092409663	31.29182333821936	13.03294882416672	24.71480466509464	0.0063730801096169775
30.0	30.94130393219043	31.349181059205915	13.039321904276338	24.663820024217703	0.0063730801096169775
31.0	30.922184691861577	31.259957937671278	13.071187304824422	24.74029698553311	0.0063730801096169775
32.0	30.992288573067363	31.330061818877063	13.001083423618635	24.67019310432732	0.0063730801096169775
33.0	30.966796252628896	31.31094257854821	13.064814224714805	24.65107386399847	0.0063730801096169775
34.0	31.01778089350583	31.247211777452044	13.03294882416672	24.69568542476579	0.0063730801096169775
35.0	30.903065451532726	31.393792619973233	13.026575744057103	24.67019310432732	0.0063730801096169775
36.0	30.992288573067363	31.29182333821936	12.988337263399401	24.721177745204255	0.0063730801096169775
37.0	30.928557771971192	31.285450258109744	13.039321904276338	24.74029698553311	0.0063730801096169775
38.0	31.024153973615448	31.355554139315533	12.943725702632083	24.67019310432732	0.0063730801096169775
39.0	30.947677012300044	31.247211777452044	13.026575744057103	24.77216238608119	0.0063730801096169775
40.0	31.0432732139443	31.272704097890507	12.962844942960933	24.71480466509464	0.0063730801096169775
41.0	30.96042317251928	31.221719457013574	13.122171945701359	24.689312344656173	0.0063730801096169775
42.0	31.030527053725066	31.279077178000126	12.96921802307055	24.71480466509464	0.0063730801096169775
43.0	30.985915492957744	31.285450258109744	13.013829583837868	24.708431584985025	0.0063730801096169775
44.0	30.947677012300044	31.406538780192466	12.950098782741698	24.689312344656173	0.0063730801096169775
45.0	30.992288573067363	31.253584857561663	12.988337263399401	24.759416225861962	0.0063730801096169775
46.0	30.96042317251928	31.3428079790963	13.026575744057103	24.663820024217703	0.0063730801096169775
47.0	30.91581161175196	31.29182333821936	13.03294882416672	24.753043145752343	0.0063730801096169775
48.0	31.049646294053918	31.247211777452044	12.988337263399401	24.708431584985025	0.0063730801096169775
49.0	30.979542412848133	31.29182333821936	13.071187304824422	24.65107386399847	0.0063730801096169775
50.0	31.049646294053918	31.196227136575104	13.007456503728251	24.74029698553311	0.0063730801096169775
51.0	30.96042317251928	31.266331017780896	12.994710343509016	24.77216238608119	0.0063730801096169775
52.0	31.024153973615448	31.272704097890507	12.975591103180168	24.721177745204255	0.0063730801096169775
53.0	30.947677012300044	31.29182333821936	13.045694984385953	24.708431584985025	0.0063730801096169775
54.0	31.005034733286596	31.285450258109744	12.956471862851316	24.746670065642725	0.0063730801096169775
55.0	30.947677012300044	31.272704097890507	13.026575744057103	24.746670065642725	0.0063730801096169775
56.0	30.96042317251928	31.266331017780896	12.975591103180168	24.791281626410044	0.0063730801096169775
57.0	30.979542412848133	31.323688738767448	13.039321904276338	24.65107386399847	0.0063730801096169775
58.0	30.966796252628896	31.387419539863615	12.924606462303231	24.71480466509464	0.0063730801096169775
59.0	31.024153973615448	31.20897329679434	13.05206806449557	24.708431584985025	0.0063730801096169775
60.0	30.979542412848133	31.438404180740555	12.924606462303231	24.65107386399847	0.0063730801096169775
61.0	30.954050092409663	31.330061818877063	12.981964183289785	24.727550825313873	0.0063730801096169775
62.0	30.966796252628896	31.36192721942515	12.975591103180168	24.689312344656173	0.0063730801096169775
63.0	30.973169332738514	31.31731565865783	12.956471862851316	24.746670065642725	0.0063730801096169775
64.0	31.030527053725066	31.36192721942515	12.892741061755148	24.708431584985025	0.0063730801096169775
65.0	30.973169332738514	31.349181059205915	12.962844942960933	24.708431584985025	0.0063730801096169775
66.0	30.928557771971192	31.42565802052132	12.981964183289785	24.657446944108088	0.0063730801096169775
67.0	30.998661653176978	31.37467337964438	12.962844942960933	24.657446944108088	0.0063730801096169775
68.0	30.90943853164234	31.368300299534763	12.924606462303231	24.791281626410044	0.0063730801096169775
69.0	31.030527053725066	31.33643489898668	12.911860302083996	24.71480466509464	0.0063730801096169775
70.0	31.030527053725066	31.304569498438596	12.943725702632083	24.71480466509464	0.0063730801096169775
71.0	30.947677012300044	31.432031100630937	12.93097954241285	24.682939264546555	0.0063730801096169775
72.0	30.973169332738514	31.432031100630937	12.943725702632083	24.644700783888855	0.0063730801096169775
73.0	30.979542412848133	31.412911860302085	12.924606462303231	24.676566184436936	0.0063730801096169775
74.0	30.896692371423107	31.400165700082848	13.013829583837868	24.682939264546555	0.0063730801096169775
75.0	31.049646294053918	31.298196418328978	12.924606462303231	24.721177745204255	0.0063730801096169775
76.0	30.985915492957744	31.298196418328978	12.988337263399401	24.721177745204255	0.0063730801096169775
77.0	30.992288573067363	31.33643489898668	12.96921802307055	24.69568542476579	0.0063730801096169775
78.0	31.03690013383468	31.33643489898668	12.937352622522466	24.682939264546555	0.0063730801096169775
79.0	30.93493085208081	31.31731565865783	12.950098782741698	24.791281626410044	0.0063730801096169775
80.0	30.94130393219043	31.387419539863615	12.962844942960933	24.702058504875406	0.0063730801096169775
81.0	30.992288573067363	31.272704097890507	12.956471862851316	24.77216238608119	0.0063730801096169775
82.0	30.858453890765407	31.406538780192466	13.007456503728251	24.721177745204255	0.0063730801096169775
83.0	31.011407813396215	31.349181059205915	12.962844942960933	24.67019310432732	0.0063730801096169775
84.0	30.871200050984644	31.33643489898668	13.001083423618635	24.78490854630043	0.0063730801096169775
85.0	30.992288573067363	31.355554139315533	12.90548722197438	24.74029698553311	0.0063730801096169775
86.0	30.896692371423107	31.37467337964438	13.013829583837868	24.708431584985025	0.0063730801096169775
87.0	30.979542412848133	31.330061818877063	12.899114141864763	24.78490854630043	0.0063730801096169775
88.0	30.839334650436555	31.432031100630937	13.020202663947487	24.702058504875406	0.0063730801096169775
89.0	31.005034733286596	31.4192849404117	12.892741061755148	24.676566184436936	0.0063730801096169775
90.0	30.871200050984644	31.349181059205915	13.058441144605187	24.71480466509464	0.0063730801096169775
91.0	30.96042317251928	31.355554139315533	12.943725702632083	24.73392390542349	0.0063730801096169775
92.0	30.928557771971192	31.432031100630937	12.96921802307055	24.663820024217703	0.0063730801096169775
93.0	30.93493085208081	31.438404180740555	12.867248741316677	24.753043145752343	0.0063730801096169775
94.0	30.96042317251928	31.330061818877063	12.988337263399401	24.71480466509464	0.0063730801096169775
95.0	30.954050092409663	31.44477726085017	12.873621821426296	24.721177745204255	0.0063730801096169775
96.0	30.90943853164234	31.37467337964438	12.981964183289785	24.727550825313873	0.0063730801096169775
97.0	30.903065451532726	31.521254222165574	12.879994901535913	24.689312344656173	0.0063730801096169775
98.0	30.936902485659658	31.40216698534098	12.944550669216062	24.716379859783302	0.0
