# Position (bp)	A	C	G	T	N
0.0	31.04195893380946	31.335288866216043	12.925647238872592	24.69072822344089	0.006376737661012626
1.0	30.876163754623136	31.4118097181482	13.034051779109806	24.67159801045785	0.006376737661012626
2.0	30.978191557199334	31.34804234153807	12.970284402499683	24.6971049611019	0.006376737661012626
3.0	30.88254049228415	31.43731666879225	13.027675041448795	24.6460910598138	0.006376737661012626
4.0	30.978191557199334	31.4118097181482	12.94477745185563	24.658844535135824	0.006376737661012626
5.0	30.88891722994516	31.386302767504144	13.034051779109806	24.684351485779878	0.006376737661012626
6.0	31.08021935977554	31.399056242826166	12.932023976533605	24.582323683203672	0.006376737661012626
7.0	30.895293967606175	31.45007014411427	12.970284402499683	24.67797474811886	0.006376737661012626
8.0	30.978191557199334	31.37992602984313	12.94477745185563	24.69072822344089	0.006376737661012626
9.0	30.837903328657056	31.4118097181482	13.034051779109806	24.709858436423925	0.006376737661012626
10.0	31.0100752455044	31.328912128555032	12.932023976533605	24.72261191174595	0.006376737661012626
11.0	30.863410279301114	31.392679505165155	13.034051779109806	24.703481698762914	0.006376737661012626
12.0	31.0100752455044	31.322535390894018	12.951154189516641	24.709858436423925	0.006376737661012626
13.0	30.876163754623136	31.392679505165155	13.072312205075884	24.652467797474813	0.006376737661012626
14.0	30.965438081877313	31.316158653233007	12.970284402499683	24.741742124728987	0.006376737661012626
15.0	30.9080474429282	31.341665603877054	13.059558729753858	24.684351485779878	0.006376737661012626
16.0	30.927177655911237	31.328912128555032	13.008544828465757	24.728988649406965	0.006376737661012626
17.0	30.863410279301114	31.328912128555032	13.072312205075884	24.728988649406965	0.006376737661012626
18.0	30.927177655911237	31.309781915571993	13.002168090804744	24.754495600051012	0.006376737661012626
19.0	30.952684606555287	31.27152148960592	13.097819155719934	24.67159801045785	0.006376737661012626
20.0	30.88254049228415	31.35441907919908	13.021298303787782	24.735365387067976	0.006376737661012626
21.0	30.920800918250222	31.2141308506568	13.059558729753858	24.799132763678102	0.006376737661012626
22.0	31.003698507843385	31.265144751944906	12.995791353143732	24.728988649406965	0.006376737661012626
23.0	30.895293967606175	31.309781915571993	13.034051779109806	24.754495600051012	0.006376737661012626
24.0	30.99094503252136	31.2141308506568	13.034051779109806	24.754495600051012	0.006376737661012626
25.0	30.88891722994516	31.316158653233007	13.078688942736896	24.709858436423925	0.006376737661012626
26.0	30.946307868894273	31.284274964927945	12.983037877821706	24.780002550695066	0.006376737661012626
27.0	30.946307868894273	31.322535390894018	13.01492156612677	24.709858436423925	0.006376737661012626
28.0	30.895293967606175	31.335288866216043	12.989414615482719	24.77362581303405	0.006376737661012626
29.0	30.952684606555287	31.322535390894018	13.021298303787782	24.6971049611019	0.006376737661012626
30.0	30.9080474429282	31.322535390894018	13.059558729753858	24.703481698762914	0.006376737661012626
31.0	30.9590613442163	31.290651702588956	13.034051779109806	24.709858436423925	0.006376737661012626
32.0	30.939931131233262	31.322535390894018	13.034051779109806	24.6971049611019	0.006376737661012626
33.0	30.9590613442163	31.328912128555032	13.072312205075884	24.633337584491773	0.006376737661012626
34.0	31.003698507843385	31.233261063639844	13.053181992092847	24.703481698762914	0.006376737661012626
35.0	30.9080474429282	31.41818645580921	13.008544828465757	24.658844535135824	0.006376737661012626
36.0	30.98456829486035	31.27152148960592	13.027675041448795	24.709858436423925	0.006376737661012626
37.0	30.952684606555287	31.27152148960592	13.008544828465757	24.760872337712026	0.006376737661012626
38.0	30.997321770182374	31.341665603877054	12.957530927177654	24.6971049611019	0.006376737661012626
39.0	30.946307868894273	31.27789822726693	13.01492156612677	24.754495600051012	0.006376737661012626
40.0	31.04833567147048	31.258768014283895	12.970284402499683	24.71623517408494	0.006376737661012626
41.0	30.946307868894273	31.284274964927945	13.104195893380947	24.658844535135824	0.006376737661012626
42.0	31.04195893380946	31.23963780130086	12.938400714194618	24.77362581303405	0.006376737661012626
43.0	30.971814819538324	31.290651702588956	13.040428516770818	24.69072822344089	0.006376737661012626
44.0	30.99094503252136	31.360795816860094	12.932023976533605	24.709858436423925	0.006376737661012626
45.0	30.952684606555287	31.27152148960592	13.01492156612677	24.754495600051012	0.006376737661012626
46.0	30.927177655911237	31.335288866216043	13.027675041448795	24.703481698762914	0.006376737661012626
47.0	30.933554393572248	31.258768014283895	13.046805254431831	24.754495600051012	0.006376737661012626
48.0	31.029205458487436	31.23963780130086	13.01492156612677	24.709858436423925	0.006376737661012626
49.0	30.99094503252136	31.27152148960592	13.072312205075884	24.658844535135824	0.006376737661012626
50.0	31.04195893380946	31.18862390001275	12.989414615482719	24.77362581303405	0.006376737661012626
51.0	30.9590613442163	31.27152148960592	12.96390766483867	24.799132763678102	0.006376737661012626
52.0	31.022828720826425	31.265144751944906	12.983037877821706	24.72261191174595	0.006376737661012626
53.0	30.978191557199334	31.284274964927945	13.002168090804744	24.728988649406965	0.006376737661012626
54.0	31.01645198316541	31.27152148960592	12.96390766483867	24.741742124728987	0.006376737661012626
55.0	30.933554393572248	31.297028440249967	13.008544828465757	24.754495600051012	0.006376737661012626
56.0	30.965438081877313	31.24601453896187	13.008544828465757	24.77362581303405	0.006376737661012626
57.0	30.952684606555287	31.360795816860094	13.002168090804744	24.67797474811886	0.006376737661012626
58.0	30.997321770182374	31.35441907919908	12.925647238872592	24.71623517408494	0.006376737661012626
59.0	31.003698507843385	31.23963780130086	13.01492156612677	24.735365387067976	0.006376737661012626
60.0	30.978191557199334	31.399056242826166	12.957530927177654	24.658844535135824	0.006376737661012626
61.0	30.901670705267186	31.392679505165155	12.983037877821706	24.71623517408494	0.006376737661012626
62.0	30.978191557199334	31.335288866216043	12.970284402499683	24.709858436423925	0.006376737661012626
63.0	30.971814819538324	31.322535390894018	12.976661140160694	24.72261191174595	0.006376737661012626
64.0	31.003698507843385	31.35441907919908	12.906517025889555	24.728988649406965	0.006376737661012626
65.0	30.9590613442163	31.37992602984313	12.976661140160694	24.67797474811886	0.006376737661012626
66.0	30.946307868894273	31.37992602984313	12.970284402499683	24.6971049611019	0.006376737661012626
67.0	30.98456829486035	31.386302767504144	12.96390766483867	24.658844535135824	0.006376737661012626
68.0	30.920800918250222	31.34804234153807	12.951154189516641	24.77362581303405	0.006376737661012626
69.0	31.07384262211453	31.35441907919908	12.900140288228542	24.665221272796835	0.006376737661012626
70.0	30.99094503252136	31.309781915571993	12.957530927177654	24.735365387067976	0.006376737661012626
71.0	30.971814819538324	31.424563193470224	12.912893763550567	24.684351485779878	0.006376737661012626
72.0	30.9590613442163	31.430939931131235	12.938400714194618	24.665221272796835	0.006376737661012626
73.0	30.99094503252136	31.40543298048718	12.91927050121158	24.67797474811886	0.006376737661012626
74.0	30.939931131233262	31.40543298048718	12.96390766483867	24.684351485779878	0.006376737661012626
75.0	31.003698507843385	31.290651702588956	12.91927050121158	24.780002550695066	0.006376737661012626
76.0	30.971814819538324	31.284274964927945	13.027675041448795	24.709858436423925	0.006376737661012626
77.0	30.965438081877313	31.35441907919908	12.976661140160694	24.6971049611019	0.006376737661012626
78.0	31.061089146792504	31.316158653233007	12.951154189516641	24.665221272796835	0.006376737661012626
79.0	30.952684606555287	31.297028440249967	12.94477745185563	24.799132763678102	0.006376737661012626
80.0	30.901670705267186	31.37992602984313	13.002168090804744	24.709858436423925	0.006376737661012626
81.0	31.022828720826425	31.23963780130086	12.96390766483867	24.767249075373037	0.006376737661012626
82.0	30.895293967606175	31.392679505165155	13.027675041448795	24.67797474811886	0.006376737661012626
83.0	30.997321770182374	31.328912128555032	12.957530927177654	24.709858436423925	0.006376737661012626
84.0	30.876163754623136	31.341665603877054	12.995791353143732	24.780002550695066	0.006376737661012626
85.0	30.98456829486035	31.37992602984313	12.893763550567531	24.735365387067976	0.006376737661012626
86.0	30.9590613442163	31.367172554521105	13.002168090804744	24.665221272796835	0.006376737661012626
87.0	30.952684606555287	31.360795816860094	12.893763550567531	24.786379288356077	0.006376737661012626
88.0	30.869787016962125	31.424563193470224	13.008544828465757	24.69072822344089	0.006376737661012626
89.0	30.978191557199334	31.40543298048718	12.932023976533605	24.67797474811886	0.006376737661012626
90.0	30.91442418058921	31.328912128555032	13.034051779109806	24.71623517408494	0.006376737661012626
91.0	30.978191557199334	31.37992602984313	12.932023976533605	24.703481698762914	0.006376737661012626
92.0	30.920800918250222	31.37992602984313	12.995791353143732	24.6971049611019	0.006376737661012626
93.0	30.946307868894273	31.44369340645326	12.84912638694044	24.754495600051012	0.006376737661012626
94.0	30.9590613442163	31.322535390894018	12.970284402499683	24.741742124728987	0.006376737661012626
95.0	30.99094503252136	31.456446881775285	12.836372911618415	24.709858436423925	0.006376737661012626
96.0	30.876163754623136	31.328912128555032	12.976661140160694	24.811886239000128	0.006376737661012626
97.0	30.91442418058921	31.539344471368448	12.861879862262466	24.67797474811886	0.006376737661012626
98.0	30.92914992666284	31.426567183215354	12.939225814680185	24.705057075441616	0.0
