# Position (bp)	A	C	G	T	N
0.0	31.079872204472842	31.329073482428115	12.894568690095848	24.69009584664537	0.006389776357827476
1.0	30.875399361022364	31.380191693290733	13.041533546325878	24.696485623003195	0.006389776357827476
2.0	30.990415335463258	31.341853035143767	12.952076677316294	24.70926517571885	0.006389776357827476
3.0	30.875399361022364	31.437699680511184	13.028753993610223	24.6517571884984	0.006389776357827476
4.0	31.003194888178914	31.41214057507987	12.93290734824281	24.645367412140576	0.006389776357827476
5.0	30.88178913738019	31.36102236421725	13.022364217252397	24.728434504792332	0.006389776357827476
6.0	31.06070287539936	31.424920127795524	12.945686900958467	24.562300319488816	0.006389776357827476
7.0	30.888178913738017	31.41214057507987	13.003194888178914	24.69009584664537	0.006389776357827476
8.0	31.022364217252395	31.3482428115016	12.93290734824281	24.69009584664537	0.006389776357827476
9.0	30.792332268370608	31.444089456869012	13.041533546325878	24.715654952076676	0.006389776357827476
10.0	31.047923322683708	31.316293929712458	12.93290734824281	24.696485623003195	0.006389776357827476
11.0	30.824281150159745	31.380191693290733	13.041533546325878	24.747603833865814	0.006389776357827476
12.0	31.009584664536742	31.316293929712458	12.958466453674122	24.70926517571885	0.006389776357827476
13.0	30.856230031948883	31.380191693290733	13.079872204472842	24.677316293929714	0.006389776357827476
14.0	30.984025559105433	31.277955271565496	12.971246006389775	24.76038338658147	0.006389776357827476
15.0	30.88178913738019	31.36102236421725	13.047923322683705	24.70287539936102	0.006389776357827476
16.0	30.94568690095847	31.335463258785946	13.003194888178914	24.70926517571885	0.006389776357827476
17.0	30.869009584664536	31.316293929712458	13.047923322683705	24.76038338658147	0.006389776357827476
18.0	30.93929712460064	31.303514376996805	12.99041533546326	24.76038338658147	0.006389776357827476
19.0	30.91373801916933	31.297124600638977	13.092651757188497	24.69009584664537	0.006389776357827476
20.0	30.91373801916933	31.36102236421725	13.015974440894567	24.70287539936102	0.006389776357827476
21.0	30.856230031948883	31.233226837060702	13.047923322683705	24.856230031948883	0.006389776357827476
22.0	31.028753993610223	31.265175718849843	13.028753993610223	24.670926517571885	0.006389776357827476
23.0	30.869009584664536	31.277955271565496	13.054313099041535	24.792332268370608	0.006389776357827476
24.0	30.996805111821086	31.24600638977636	13.028753993610223	24.722044728434504	0.006389776357827476
25.0	30.875399361022364	31.290734824281152	13.079872204472842	24.747603833865814	0.006389776357827476
26.0	30.95846645367412	31.309904153354633	13.003194888178914	24.722044728434504	0.006389776357827476
27.0	30.926517571884983	31.329073482428115	13.00958466453674	24.728434504792332	0.006389776357827476
28.0	30.9073482428115	31.354632587859427	12.996805111821086	24.734824281150157	0.006389776357827476
29.0	30.964856230031952	31.284345047923324	13.015974440894567	24.728434504792332	0.006389776357827476
30.0	30.91373801916933	31.3482428115016	13.035143769968052	24.696485623003195	0.006389776357827476
31.0	30.93929712460064	31.25878594249201	13.060702875399361	24.734824281150157	0.006389776357827476
32.0	30.977635782747605	31.354632587859427	13.00958466453674	24.6517571884984	0.006389776357827476
33.0	30.926517571884983	31.303514376996805	13.079872204472842	24.68370607028754	0.006389776357827476
34.0	31.041533546325876	31.23961661341853	13.035143769968052	24.677316293929714	0.006389776357827476
35.0	30.856230031948883	31.38658146964856	13.028753993610223	24.722044728434504	0.006389776357827476
36.0	30.990415335463258	31.303514376996805	13.003194888178914	24.696485623003195	0.006389776357827476
37.0	30.91373801916933	31.277955271565496	13.022364217252397	24.77955271565495	0.006389776357827476
38.0	30.984025559105433	31.37380191693291	12.971246006389775	24.664536741214057	0.006389776357827476
39.0	30.920127795527158	31.252396166134183	13.015974440894567	24.80511182108626	0.006389776357827476
40.0	31.041533546325876	31.297124600638977	12.945686900958467	24.70926517571885	0.006389776357827476
41.0	30.91373801916933	31.24600638977636	13.143769968051119	24.69009584664537	0.006389776357827476
42.0	31.041533546325876	31.297124600638977	12.93290734824281	24.722044728434504	0.006389776357827476
43.0	30.926517571884983	31.290734824281152	13.060702875399361	24.715654952076676	0.006389776357827476
44.0	30.964856230031952	31.405750798722043	12.920127795527156	24.70287539936102	0.006389776357827476
45.0	30.93290734824281	31.25878594249201	13.00958466453674	24.792332268370608	0.006389776357827476
46.0	30.94568690095847	31.354632587859427	13.015974440894567	24.677316293929714	0.006389776357827476
47.0	30.862619808306707	31.277955271565496	13.073482428115016	24.77955271565495	0.006389776357827476
48.0	31.022364217252395	31.25878594249201	12.996805111821086	24.715654952076676	0.006389776357827476
49.0	30.952076677316292	31.290734824281152	13.08626198083067	24.664536741214057	0.006389776357827476
50.0	31.028753993610223	31.175718849840255	13.003194888178914	24.78594249201278	0.006389776357827476
51.0	30.920127795527158	31.284345047923324	12.977635782747605	24.81150159744409	0.006389776357827476
52.0	31.003194888178914	31.284345047923324	12.977635782747605	24.728434504792332	0.006389776357827476
53.0	30.9073482428115	31.322683706070286	13.003194888178914	24.76038338658147	0.006389776357827476
54.0	31.003194888178914	31.284345047923324	12.977635782747605	24.728434504792332	0.006389776357827476
55.0	30.900958466453677	31.316293929712458	13.00958466453674	24.766773162939298	0.006389776357827476
56.0	30.95846645367412	31.265175718849843	13.003194888178914	24.766773162939298	0.006389776357827476
57.0	30.920127795527158	31.335463258785946	13.022364217252397	24.715654952076676	0.006389776357827476
58.0	30.984025559105433	31.399361022364218	12.939297124600637	24.670926517571885	0.006389776357827476
59.0	30.93929712460064	31.233226837060702	13.060702875399361	24.76038338658147	0.006389776357827476
60.0	30.971246006389773	31.456869009584665	12.926517571884984	24.638977635782748	0.006389776357827476
61.0	30.9073482428115	31.341853035143767	12.99041533546326	24.75399361022364	0.006389776357827476
62.0	30.95846645367412	31.37380191693291	12.958466453674122	24.70287539936102	0.006389776357827476
63.0	30.926517571884983	31.329073482428115	12.977635782747605	24.76038338658147	0.006389776357827476
64.0	31.003194888178914	31.37380191693291	12.888178913738018	24.728434504792332	0.006389776357827476
65.0	30.926517571884983	31.37380191693291	13.003194888178914	24.69009584664537	0.006389776357827476
66.0	30.93290734824281	31.41214057507987	12.939297124600637	24.70926517571885	0.006389776357827476
67.0	30.94568690095847	31.399361022364218	12.99041533546326	24.658146964856233	0.006389776357827476
68.0	30.900958466453677	31.354632587859427	12.926517571884984	24.81150159744409	0.006389776357827476
69.0	30.996805111821086	31.36741214057508	12.939297124600637	24.69009584664537	0.006389776357827476
70.0	31.009584664536742	31.316293929712458	12.939297124600637	24.728434504792332	0.006389776357827476
71.0	30.93290734824281	31.431309904153355	12.939297124600637	24.69009584664537	0.006389776357827476
72.0	30.93929712460064	31.463258785942493	12.920127795527156	24.670926517571885	0.006389776357827476
73.0	30.95846645367412	31.424920127795524	12.920127795527156	24.69009584664537	0.006389776357827476
74.0	30.900958466453677	31.41214057507987	13.003194888178914	24.677316293929714	0.006389776357827476
75.0	30.971246006389773	31.316293929712458	12.939297124600637	24.766773162939298	0.006389776357827476
76.0	30.971246006389773	31.316293929712458	12.996805111821086	24.70926517571885	0.006389776357827476
77.0	30.926517571884983	31.36741214057508	12.984025559105431	24.715654952076676	0.006389776357827476
78.0	31.009584664536742	31.341853035143767	12.958466453674122	24.68370607028754	0.006389776357827476
79.0	30.9073482428115	31.329073482428115	12.952076677316294	24.80511182108626	0.006389776357827476
80.0	30.9073482428115	31.380191693290733	13.003194888178914	24.70287539936102	0.006389776357827476
81.0	30.971246006389773	31.290734824281152	12.958466453674122	24.773162939297126	0.006389776357827476
82.0	30.856230031948883	31.380191693290733	13.041533546325878	24.715654952076676	0.006389776357827476
83.0	30.964856230031952	31.39297124600639	12.984025559105431	24.6517571884984	0.006389776357827476
84.0	30.88178913738019	31.322683706070286	12.996805111821086	24.792332268370608	0.006389776357827476
85.0	30.952076677316292	31.405750798722043	12.920127795527156	24.715654952076676	0.006389776357827476
86.0	30.93290734824281	31.38658146964856	12.99041533546326	24.68370607028754	0.006389776357827476
87.0	30.93929712460064	31.36102236421725	12.91373801916933	24.77955271565495	0.006389776357827476
88.0	30.856230031948883	31.456869009584665	13.015974440894567	24.664536741214057	0.006389776357827476
89.0	30.952076677316292	31.424920127795524	12.93290734824281	24.68370607028754	0.006389776357827476
90.0	30.875399361022364	31.36102236421725	13.041533546325878	24.715654952076676	0.006389776357827476
91.0	30.94568690095847	31.38658146964856	12.964856230031948	24.696485623003195	0.006389776357827476
92.0	30.9073482428115	31.41214057507987	12.984025559105431	24.69009584664537	0.006389776357827476
93.0	30.926517571884983	31.4888178913738	12.869009584664537	24.70926517571885	0.006389776357827476
94.0	30.952076677316292	31.316293929712458	12.964856230031948	24.76038338658147	0.006389776357827476
95.0	30.93929712460064	31.482428115015974	12.875399361022364	24.696485623003195	0.006389776357827476
96.0	30.888178913738017	31.354632587859427	12.964856230031948	24.78594249201278	0.006389776357827476
97.0	30.888178913738017	31.571884984025562	12.888178913738018	24.645367412140576	0.006389776357827476
98.0	30.934884018148125	31.41414786887341	12.94651415425906	24.70445395871941	0.0
