# Position (bp)	A	C	G	T	N
0.0	31.047485140921584	31.3670352144181	12.916213970729212	24.662874672461175	0.006391001469930338
1.0	30.849364095353742	31.392599220297825	13.063207004537611	24.688438678340894	0.006391001469930338
2.0	30.98357512622228	31.34786221000831	12.967341982488655	24.694829679810827	0.006391001469930338
3.0	30.88131910270339	31.392599220297825	13.05681600306768	24.662874672461175	0.006391001469930338
4.0	31.01553013357193	31.38620821882789	12.954559979548797	24.637310666581453	0.006391001469930338
5.0	30.887710104173323	31.34147120853838	13.05681600306768	24.707611682750688	0.006391001469930338
6.0	31.079440148271235	31.398990221767754	12.948168978078863	24.56700965041222	0.006391001469930338
7.0	30.89410110564326	31.392599220297825	13.012078992778168	24.694829679810827	0.006391001469930338
8.0	31.021921135041865	31.34786221000831	12.948168978078863	24.675656675401036	0.006391001469930338
9.0	30.81101808653416	31.41816322617754	13.05681600306768	24.707611682750688	0.006391001469930338
10.0	31.06026714386144	31.315907202658654	12.935386975139004	24.682047676870965	0.006391001469930338
11.0	30.82380008947402	31.3670352144181	13.050425001597752	24.7523486930402	0.006391001469930338
12.0	31.028312136511794	31.315907202658654	12.941777976608934	24.707611682750688	0.006391001469930338
13.0	30.87492810123346	31.379817217357957	13.06959800600754	24.669265673931104	0.006391001469930338
14.0	31.01553013357193	31.24560618648942	12.973732983958586	24.75873969451013	0.006391001469930338
15.0	30.900492107113188	31.36064421294817	13.037642998657889	24.694829679810827	0.006391001469930338
16.0	30.926056112992907	31.33508020706845	13.02486099571803	24.707611682750688	0.006391001469930338
17.0	30.868537099763532	31.36064421294817	13.03125199718796	24.733175688630407	0.006391001469930338
18.0	30.951620118872626	31.25199718795935	13.012078992778168	24.77791269891992	0.006391001469930338
19.0	30.945229117402697	31.290343196778934	13.075989007477471	24.682047676870965	0.006391001469930338
20.0	30.906883108583116	31.322298204128586	13.037642998657889	24.726784687160478	0.006391001469930338
21.0	30.89410110564326	31.22643318207963	13.04403400012782	24.829040710679365	0.006391001469930338
22.0	31.034703137981722	31.24560618648942	13.02486099571803	24.688438678340894	0.006391001469930338
23.0	30.868537099763532	31.309516201188725	13.03125199718796	24.784303700389852	0.006391001469930338
24.0	30.97718412475235	31.22643318207963	13.037642998657889	24.7523486930402	0.006391001469930338
25.0	30.887710104173323	31.303125199718796	13.075989007477471	24.726784687160478	0.006391001469930338
26.0	30.96440212181249	31.25199718795935	13.0184699942481	24.75873969451013	0.006391001469930338
27.0	30.900492107113188	31.3670352144181	13.0184699942481	24.707611682750688	0.006391001469930338
28.0	30.89410110564326	31.34147120853838	12.999296989838308	24.75873969451013	0.006391001469930338
29.0	30.98996612769221	31.309516201188725	12.992905988368378	24.701220681280756	0.006391001469930338
30.0	30.945229117402697	31.309516201188725	13.02486099571803	24.714002684220617	0.006391001469930338
31.0	30.97079312328242	31.264779190899212	13.037642998657889	24.72039368569055	0.006391001469930338
32.0	30.96440212181249	31.354253211478238	13.012078992778168	24.662874672461175	0.006391001469930338
33.0	30.938838115932764	31.354253211478238	13.063207004537611	24.637310666581453	0.006391001469930338
34.0	31.034703137981722	31.24560618648942	13.050425001597752	24.662874672461175	0.006391001469930338
35.0	30.887710104173323	31.398990221767754	13.005687991308237	24.701220681280756	0.006391001469930338
36.0	30.98357512622228	31.296734198248867	13.005687991308237	24.707611682750688	0.006391001469930338
37.0	30.945229117402697	31.258388189429283	13.012078992778168	24.77791269891992	0.006391001469930338
38.0	31.009139132102	31.354253211478238	12.960950981018726	24.669265673931104	0.006391001469930338
39.0	30.945229117402697	31.264779190899212	12.999296989838308	24.784303700389852	0.006391001469930338
40.0	31.047485140921584	31.296734198248867	12.935386975139004	24.714002684220617	0.006391001469930338
41.0	30.932447114462835	31.239215185019493	13.133508020706843	24.688438678340894	0.006391001469930338
42.0	31.06026714386144	31.264779190899212	12.935386975139004	24.733175688630407	0.006391001469930338
43.0	30.938838115932764	31.290343196778934	13.050425001597752	24.714002684220617	0.006391001469930338
44.0	30.95801112034256	31.398990221767754	12.928995973669075	24.707611682750688	0.006391001469930338
45.0	30.97079312328242	31.258388189429283	12.992905988368378	24.77152169744999	0.006391001469930338
46.0	30.97079312328242	31.33508020706845	12.999296989838308	24.688438678340894	0.006391001469930338
47.0	30.919665111522974	31.271170192369148	13.03125199718796	24.77152169744999	0.006391001469930338
48.0	31.034703137981722	31.283952195309006	12.986514986898449	24.688438678340894	0.006391001469930338
49.0	30.99635712916214	31.315907202658654	13.037642998657889	24.643701668051385	0.006391001469930338
50.0	31.021921135041865	31.22643318207963	12.999296989838308	24.74595769157027	0.006391001469930338
51.0	30.97079312328242	31.290343196778934	12.960950981018726	24.77152169744999	0.006391001469930338
52.0	31.01553013357193	31.303125199718796	12.980123985428516	24.694829679810827	0.006391001469930338
53.0	30.95801112034256	31.322298204128586	12.960950981018726	24.7523486930402	0.006391001469930338
54.0	31.009139132102	31.303125199718796	12.967341982488655	24.714002684220617	0.006391001469930338
55.0	30.95801112034256	31.309516201188725	12.973732983958586	24.7523486930402	0.006391001469930338
56.0	30.96440212181249	31.277561193839077	12.999296989838308	24.7523486930402	0.006391001469930338
57.0	30.96440212181249	31.32868920559852	12.999296989838308	24.701220681280756	0.006391001469930338
58.0	30.98357512622228	31.373426215888028	12.960950981018726	24.675656675401036	0.006391001469930338
59.0	30.98357512622228	31.22643318207963	13.037642998657889	24.74595769157027	0.006391001469930338
60.0	30.99635712916214	31.430945229117402	12.948168978078863	24.618137662171662	0.006391001469930338
61.0	30.932447114462835	31.34786221000831	12.973732983958586	24.73956669010034	0.006391001469930338
62.0	31.002748130632067	31.33508020706845	12.960950981018726	24.694829679810827	0.006391001469930338
63.0	30.96440212181249	31.34147120853838	12.928995973669075	24.75873969451013	0.006391001469930338
64.0	31.034703137981722	31.379817217357957	12.8714769604397	24.707611682750688	0.006391001469930338
65.0	30.96440212181249	31.38620821882789	12.941777976608934	24.701220681280756	0.006391001469930338
66.0	30.95801112034256	31.41816322617754	12.948168978078863	24.669265673931104	0.006391001469930338
67.0	30.98357512622228	31.405381223237683	12.960950981018726	24.643701668051385	0.006391001469930338
68.0	30.926056112992907	31.36064421294817	12.928995973669075	24.77791269891992	0.006391001469930338
69.0	31.047485140921584	31.3670352144181	12.877867961909631	24.701220681280756	0.006391001469930338
70.0	31.01553013357193	31.309516201188725	12.922604972199144	24.74595769157027	0.006391001469930338
71.0	31.002748130632067	31.41816322617754	12.88425896337956	24.688438678340894	0.006391001469930338
72.0	30.98996612769221	31.41816322617754	12.928995973669075	24.656483670991243	0.006391001469930338
73.0	31.009139132102	31.405381223237683	12.903431967789352	24.675656675401036	0.006391001469930338
74.0	30.932447114462835	31.379817217357957	13.012078992778168	24.669265673931104	0.006391001469930338
75.0	31.01553013357193	31.303125199718796	12.935386975139004	24.73956669010034	0.006391001469930338
76.0	31.002748130632067	31.296734198248867	12.992905988368378	24.701220681280756	0.006391001469930338
77.0	30.96440212181249	31.354253211478238	12.973732983958586	24.701220681280756	0.006391001469930338
78.0	31.047485140921584	31.315907202658654	12.954559979548797	24.675656675401036	0.006391001469930338
79.0	30.95801112034256	31.309516201188725	12.935386975139004	24.79069470185978	0.006391001469930338
80.0	30.926056112992907	31.41177222470761	12.973732983958586	24.682047676870965	0.006391001469930338
81.0	31.021921135041865	31.271170192369148	12.928995973669075	24.77152169744999	0.006391001469930338
82.0	30.862146098293604	31.392599220297825	13.03125199718796	24.707611682750688	0.006391001469930338
83.0	30.98996612769221	31.379817217357957	12.948168978078863	24.675656675401036	0.006391001469930338
84.0	30.887710104173323	31.34786221000831	12.992905988368378	24.76513069598006	0.006391001469930338
85.0	30.98996612769221	31.398990221767754	12.877867961909631	24.726784687160478	0.006391001469930338
86.0	30.926056112992907	31.398990221767754	12.967341982488655	24.701220681280756	0.006391001469930338
87.0	30.98996612769221	31.34147120853838	12.858694957499841	24.803476704799643	0.006391001469930338
88.0	30.88131910270339	31.41816322617754	13.0184699942481	24.675656675401036	0.006391001469930338
89.0	31.009139132102	31.373426215888028	12.916213970729212	24.694829679810827	0.006391001469930338
90.0	30.88131910270339	31.34786221000831	13.04403400012782	24.72039368569055	0.006391001469930338
91.0	30.97718412475235	31.34147120853838	12.967341982488655	24.707611682750688	0.006391001469930338
92.0	30.913274110053045	31.424554227647473	12.980123985428516	24.675656675401036	0.006391001469930338
93.0	30.95801112034256	31.443727232057263	12.84591295455998	24.74595769157027	0.006391001469930338
94.0	30.97718412475235	31.303125199718796	12.960950981018726	24.7523486930402	0.006391001469930338
95.0	30.98357512622228	31.424554227647473	12.858694957499841	24.726784687160478	0.006391001469930338
96.0	30.906883108583116	31.354253211478238	12.967341982488655	24.76513069598006	0.006391001469930338
97.0	30.906883108583116	31.52681025116636	12.877867961909631	24.682047676870965	0.006391001469930338
98.0	30.928032724018916	31.400997059951425	12.955387958583664	24.71558225744599	0.0
