# Position (bp)	A	C	G	T	N
0.0	31.038806344429815	31.28330512193593	13.021127202056299	24.650492132154724	0.006269199423233653
1.0	31.026267945583346	31.3522663155915	12.927089210707793	24.688107328694127	0.006269199423233653
2.0	31.038806344429815	31.377343113284432	12.952166008400729	24.62541533446179	0.006269199423233653
3.0	31.001191147890417	31.314651119052094	13.002319603786598	24.675568929847657	0.006269199423233653
4.0	30.97611435019748	31.40241991097737	12.939627609554261	24.675568929847657	0.006269199423233653
5.0	31.045075543853052	31.364804714437966	12.933358410131026	24.650492132154724	0.006269199423233653
6.0	31.026267945583346	31.308381919628864	13.014858002633064	24.64422293273149	0.006269199423233653
7.0	30.951037552504545	31.4086891104006	12.964704407247194	24.669299730424424	0.006269199423233653
8.0	30.982383549620714	31.4086891104006	12.996050404363363	24.60660773619209	0.006269199423233653
9.0	31.01372954673688	31.421227509247068	12.902012413014857	24.656761331577957	0.006269199423233653
10.0	31.038806344429815	31.295843520782395	12.970973606670427	24.688107328694127	0.006269199423233653
11.0	30.951037552504545	31.371073913861203	12.996050404363363	24.675568929847657	0.006269199423233653
12.0	30.98865274904395	31.433765908093537	12.945896808977494	24.62541533446179	0.006269199423233653
13.0	30.982383549620714	31.32092031847533	12.977242806093662	24.713184126387063	0.006269199423233653
14.0	31.05761394269952	31.33972791674503	12.970973606670427	24.62541533446179	0.006269199423233653
15.0	30.894614757695443	31.39615071155413	13.021127202056299	24.68183812927089	0.006269199423233653
16.0	31.019998746160116	31.3522663155915	12.977242806093662	24.64422293273149	0.006269199423233653
17.0	30.957306751927778	31.364804714437966	13.014858002633064	24.656761331577957	0.006269199423233653
18.0	31.001191147890417	31.32092031847533	13.00858880320983	24.66303053100119	0.006269199423233653
19.0	30.92596075481161	31.364804714437966	12.983512005516895	24.719453325810296	0.006269199423233653
20.0	30.957306751927778	31.371073913861203	13.021127202056299	24.64422293273149	0.006269199423233653
21.0	30.982383549620714	31.245689925396526	13.033665600902763	24.73199172465676	0.006269199423233653
22.0	30.913422355965142	31.433765908093537	13.00858880320983	24.637953733308258	0.006269199423233653
23.0	30.99492194846718	31.302112720205628	13.046203999749231	24.650492132154724	0.006269199423233653
24.0	30.900883957118673	31.33972791674503	12.98978120494013	24.76333772177293	0.006269199423233653
25.0	31.007460347313646	31.3334587173218	12.977242806093662	24.675568929847657	0.006269199423233653
26.0	30.92596075481161	31.3334587173218	13.090088395711868	24.64422293273149	0.006269199423233653
27.0	30.91969155538838	31.345997116168267	13.052473199172464	24.675568929847657	0.006269199423233653
28.0	30.91969155538838	31.3522663155915	13.002319603786598	24.719453325810296	0.006269199423233653
29.0	30.93849915365808	31.314651119052094	13.090088395711868	24.650492132154724	0.006269199423233653
30.0	30.91969155538838	31.302112720205628	13.027396401479532	24.74453012350323	0.006269199423233653
31.0	30.932229954234845	31.377343113284432	13.046203999749231	24.637953733308258	0.006269199423233653
32.0	30.957306751927778	31.3522663155915	13.065011598018932	24.619146135038555	0.006269199423233653
33.0	30.97611435019748	31.27076672308946	13.083819196288635	24.66303053100119	0.006269199423233653
34.0	30.894614757695443	31.383612312707665	13.071280797442167	24.64422293273149	0.006269199423233653
35.0	30.97611435019748	31.27076672308946	13.0775499968654	24.669299730424424	0.006269199423233653
36.0	30.92596075481161	31.358535515014736	13.065011598018932	24.64422293273149	0.006269199423233653
37.0	30.963575951351014	31.358535515014736	13.046203999749231	24.62541533446179	0.006269199423233653
38.0	30.969845150774244	31.226882327126827	13.0775499968654	24.719453325810296	0.006269199423233653
39.0	30.90715315654191	31.308381919628864	13.033665600902763	24.74453012350323	0.006269199423233653
40.0	30.900883957118673	31.345997116168267	13.039934800325998	24.706914926963826	0.006269199423233653
41.0	30.91969155538838	31.308381919628864	13.0587423985957	24.706914926963826	0.006269199423233653
42.0	30.957306751927778	31.32092031847533	13.002319603786598	24.713184126387063	0.006269199423233653
43.0	30.87580715942574	31.251959124819763	13.0775499968654	24.788414519465864	0.006269199423233653
44.0	30.982383549620714	31.289574321359165	13.065011598018932	24.656761331577957	0.006269199423233653
45.0	31.007460347313646	31.20180552943389	13.033665600902763	24.75079932292646	0.006269199423233653
46.0	30.98865274904395	31.28330512193593	13.033665600902763	24.688107328694127	0.006269199423233653
47.0	30.957306751927778	31.3334587173218	13.052473199172464	24.650492132154724	0.006269199423233653
48.0	31.032537145006582	31.226882327126827	12.977242806093662	24.757068522349694	0.006269199423233653
49.0	30.969845150774244	31.20180552943389	13.039934800325998	24.78214532004263	0.006269199423233653
50.0	30.99492194846718	31.233151526550056	13.065011598018932	24.700645727540593	0.006269199423233653
51.0	31.070152341545988	31.26449752366623	13.046203999749231	24.612876935615322	0.006269199423233653
52.0	30.932229954234845	31.239420725973293	13.00858880320983	24.8134913171588	0.006269199423233653
53.0	30.951037552504545	31.239420725973293	13.052473199172464	24.75079932292646	0.006269199423233653
54.0	30.944768353081308	31.289574321359165	13.102626794558333	24.656761331577957	0.006269199423233653
55.0	31.001191147890417	31.233151526550056	13.033665600902763	24.72572252523353	0.006269199423233653
56.0	31.001191147890417	31.27076672308946	13.0587423985957	24.66303053100119	0.006269199423233653
57.0	30.932229954234845	31.314651119052094	13.071280797442167	24.675568929847657	0.006269199423233653
58.0	31.007460347313646	31.251959124819763	13.071280797442167	24.66303053100119	0.006269199423233653
59.0	31.01372954673688	31.258228324242992	13.0587423985957	24.66303053100119	0.006269199423233653
60.0	30.969845150774244	31.314651119052094	13.014858002633064	24.69437652811736	0.006269199423233653
61.0	31.038806344429815	31.26449752366623	13.083819196288635	24.60660773619209	0.006269199423233653
62.0	31.01372954673688	31.33972791674503	13.00858880320983	24.63168453388502	0.006269199423233653
63.0	30.98865274904395	31.27076672308946	13.046203999749231	24.688107328694127	0.006269199423233653
64.0	31.038806344429815	31.302112720205628	13.027396401479532	24.62541533446179	0.006269199423233653
65.0	30.982383549620714	31.27076672308946	13.033665600902763	24.706914926963826	0.006269199423233653
66.0	31.05134474327628	31.302112720205628	13.014858002633064	24.62541533446179	0.006269199423233653
67.0	30.963575951351014	31.27076672308946	13.046203999749231	24.713184126387063	0.006269199423233653
68.0	31.026267945583346	31.28330512193593	13.00858880320983	24.675568929847657	0.006269199423233653
69.0	31.05134474327628	31.239420725973293	13.00858880320983	24.69437652811736	0.006269199423233653
70.0	30.957306751927778	31.345997116168267	12.996050404363363	24.69437652811736	0.006269199423233653
71.0	31.019998746160116	31.233151526550056	13.0587423985957	24.68183812927089	0.006269199423233653
72.0	31.045075543853052	31.226882327126827	13.021127202056299	24.700645727540593	0.006269199423233653
73.0	30.969845150774244	31.327189517898564	13.014858002633064	24.68183812927089	0.006269199423233653
74.0	30.98865274904395	31.28330512193593	12.970973606670427	24.75079932292646	0.006269199423233653
75.0	30.98865274904395	31.308381919628864	13.033665600902763	24.66303053100119	0.006269199423233653
76.0	30.944768353081308	31.364804714437966	12.945896808977494	24.738260924079995	0.006269199423233653
77.0	30.97611435019748	31.27076672308946	13.027396401479532	24.719453325810296	0.006269199423233653
78.0	30.963575951351014	31.28330512193593	13.014858002633064	24.73199172465676	0.006269199423233653
79.0	30.957306751927778	31.314651119052094	13.021127202056299	24.700645727540593	0.006269199423233653
80.0	30.957306751927778	31.26449752366623	13.039934800325998	24.73199172465676	0.006269199423233653
81.0	30.97611435019748	31.277035922512695	12.98978120494013	24.75079932292646	0.006269199423233653
82.0	30.944768353081308	31.383612312707665	12.98978120494013	24.675568929847657	0.006269199423233653
83.0	30.944768353081308	31.33972791674503	13.027396401479532	24.68183812927089	0.006269199423233653
84.0	30.92596075481161	31.383612312707665	12.98978120494013	24.69437652811736	0.006269199423233653
85.0	30.90715315654191	31.32092031847533	13.039934800325998	24.72572252523353	0.006269199423233653
86.0	30.99492194846718	31.364804714437966	12.970973606670427	24.66303053100119	0.006269199423233653
87.0	30.97611435019748	31.3522663155915	12.933358410131026	24.73199172465676	0.006269199423233653
88.0	30.869537960002507	31.345997116168267	13.00858880320983	24.769606921196164	0.006269199423233653
89.0	30.894614757695443	31.3522663155915	13.002319603786598	24.74453012350323	0.006269199423233653
90.0	30.90715315654191	31.377343113284432	12.970973606670427	24.738260924079995	0.006269199423233653
91.0	30.99492194846718	31.327189517898564	12.952166008400729	24.719453325810296	0.006269199423233653
92.0	30.863268760579277	31.383612312707665	13.021127202056299	24.72572252523353	0.006269199423233653
93.0	30.969845150774244	31.3334587173218	12.983512005516895	24.706914926963826	0.006269199423233653
94.0	30.85699956115604	31.452573506363237	12.889474014168389	24.7946837188891	0.006269199423233653
95.0	30.93849915365808	31.4086891104006	12.952166008400729	24.69437652811736	0.006269199423233653
96.0	30.957306751927778	31.3522663155915	12.933358410131026	24.75079932292646	0.006269199423233653
97.0	30.93849915365808	31.4086891104006	12.920820011284558	24.72572252523353	0.006269199423233653
98.0	30.92596075481161	31.383612312707665	12.952166008400729	24.73199172465676	0.006269199423233653
99.0	30.98865274904395	31.308381919628864	12.964704407247194	24.73199172465676	0.006269199423233653
100.0	30.963575951351014	31.40241991097737	12.933358410131026	24.69437652811736	0.006269199423233653
101.0	31.01372954673688	31.327189517898564	12.939627609554261	24.713184126387063	0.006269199423233653
102.0	30.900883957118673	31.440035107516774	12.933358410131026	24.719453325810296	0.006269199423233653
103.0	30.969845150774244	31.414958309823838	12.851858817628989	24.757068522349694	0.006269199423233653
104.0	30.97611435019748	31.4086891104006	12.902012413014857	24.706914926963826	0.006269199423233653
105.0	30.98865274904395	31.33972791674503	12.908281612438092	24.757068522349694	0.006269199423233653
106.0	31.032537145006582	31.364804714437966	12.920820011284558	24.675568929847657	0.006269199423233653
107.0	30.969845150774244	31.389881512130902	12.914550811861325	24.719453325810296	0.006269199423233653
108.0	30.913422355965142	31.33972791674503	12.952166008400729	24.788414519465864	0.006269199423233653
109.0	31.11403673750862	31.277035922512695	12.864397216475457	24.738260924079995	0.006269199423233653
110.0	31.001191147890417	31.389881512130902	12.833051219359287	24.769606921196164	0.006269199423233653
111.0	30.969845150774244	31.32092031847533	12.927089210707793	24.775876120619397	0.006269199423233653
112.0	31.088959939815688	31.40241991097737	12.87066641589869	24.63168453388502	0.006269199423233653
113.0	31.05761394269952	31.308381919628864	12.876935615321925	24.75079932292646	0.006269199423233653
114.0	31.001191147890417	31.3334587173218	12.914550811861325	24.74453012350323	0.006269199423233653
115.0	31.06388314212275	31.3522663155915	12.858128017052223	24.719453325810296	0.006269199423233653
116.0	31.019998746160116	31.3522663155915	12.920820011284558	24.700645727540593	0.006269199423233653
117.0	31.038806344429815	31.33972791674503	12.908281612438092	24.706914926963826	0.006269199423233653
118.0	31.001191147890417	31.364804714437966	12.876935615321925	24.75079932292646	0.006269199423233653
119.0	31.038806344429815	31.32092031847533	12.87066641589869	24.76333772177293	0.006269199423233653
120.0	31.11403673750862	31.314651119052094	12.927089210707793	24.637953733308258	0.006269199423233653
121.0	31.045075543853052	31.389881512130902	12.833051219359287	24.72572252523353	0.006269199423233653
122.0	31.070152341545988	31.345997116168267	12.876935615321925	24.700645727540593	0.006269199423233653
123.0	30.98865274904395	31.40241991097737	12.902012413014857	24.700645727540593	0.006269199423233653
124.0	31.007460347313646	31.383612312707665	12.889474014168389	24.713184126387063	0.006269199423233653
125.0	31.11403673750862	31.345997116168267	12.82051282051282	24.713184126387063	0.006269199423233653
126.0	31.001191147890417	31.245689925396526	12.945896808977494	24.800952918312333	0.006269199423233653
127.0	31.101498338662154	31.377343113284432	12.83932041878252	24.675568929847657	0.006269199423233653
128.0	31.05134474327628	31.32092031847533	12.902012413014857	24.719453325810296	0.006269199423233653
129.0	31.007460347313646	31.27076672308946	12.920820011284558	24.7946837188891	0.006269199423233653
130.0	31.088959939815688	31.358535515014736	12.864397216475457	24.68183812927089	0.006269199423233653
131.0	31.01372954673688	31.377343113284432	12.83932041878252	24.76333772177293	0.006269199423233653
132.0	31.038806344429815	31.389881512130902	12.889474014168389	24.675568929847657	0.006269199423233653
133.0	30.963575951351014	31.33972791674503	12.87066641589869	24.819760516582033	0.006269199423233653
134.0	31.045075543853052	31.345997116168267	12.889474014168389	24.713184126387063	0.006269199423233653
135.0	31.026267945583346	31.3522663155915	12.864397216475457	24.75079932292646	0.006269199423233653
136.0	31.026267945583346	31.33972791674503	12.82051282051282	24.807222117735563	0.006269199423233653
137.0	31.101498338662154	31.28330512193593	12.908281612438092	24.700645727540593	0.006269199423233653
138.0	31.076421540969218	31.33972791674503	12.845589618205755	24.73199172465676	0.006269199423233653
139.0	31.082690740392454	31.295843520782395	12.908281612438092	24.706914926963826	0.006269199423233653
140.0	31.05134474327628	31.3334587173218	12.920820011284558	24.688107328694127	0.006269199423233653
141.0	31.038806344429815	31.327189517898564	12.952166008400729	24.675568929847657	0.006269199423233653
142.0	31.038806344429815	31.371073913861203	12.889474014168389	24.69437652811736	0.006269199423233653
143.0	31.007460347313646	31.308381919628864	12.914550811861325	24.76333772177293	0.006269199423233653
144.0	31.14538273462479	31.302112720205628	12.864397216475457	24.68183812927089	0.006269199423233653
145.0	31.032537145006582	31.28330512193593	12.95843520782396	24.719453325810296	0.006269199423233653
146.0	31.12657513635509	31.28330512193593	12.876935615321925	24.706914926963826	0.006269199423233653
147.0	31.019998746160116	31.32092031847533	12.945896808977494	24.706914926963826	0.006269199423233653
148.0	31.06388314212275	31.314651119052094	12.939627609554261	24.675568929847657	0.006269199423233653
149.0	31.05134474327628	31.32092031847533	12.952166008400729	24.669299730424424	0.006269199423233653
