# Position (bp)	A	C	G	T	N
0.0	31.04833567147048	31.360795816860094	12.900140288228542	24.684351485779878	0.006376737661012626
1.0	30.88891722994516	31.399056242826166	13.040428516770818	24.665221272796835	0.006376737661012626
2.0	30.978191557199334	31.35441907919908	12.94477745185563	24.71623517408494	0.006376737661012626
3.0	30.895293967606175	31.44369340645326	13.027675041448795	24.626960846830762	0.006376737661012626
4.0	30.98456829486035	31.41818645580921	12.932023976533605	24.658844535135824	0.006376737661012626
5.0	30.88254049228415	31.386302767504144	13.034051779109806	24.69072822344089	0.006376737661012626
6.0	31.04833567147048	31.430939931131235	12.94477745185563	24.569570207881647	0.006376737661012626
7.0	30.88891722994516	31.43731666879225	13.002168090804744	24.665221272796835	0.006376737661012626
8.0	30.99094503252136	31.37992602984313	12.932023976533605	24.69072822344089	0.006376737661012626
9.0	30.806019640351995	31.456446881775285	13.034051779109806	24.6971049611019	0.006376737661012626
10.0	31.035582196148447	31.341665603877054	12.91927050121158	24.6971049611019	0.006376737661012626
11.0	30.831526590996045	31.399056242826166	13.040428516770818	24.72261191174595	0.006376737661012626
12.0	31.0100752455044	31.34804234153807	12.925647238872592	24.709858436423925	0.006376737661012626
13.0	30.88254049228415	31.386302767504144	13.053181992092847	24.67159801045785	0.006376737661012626
14.0	30.971814819538324	31.284274964927945	12.970284402499683	24.767249075373037	0.006376737661012626
15.0	30.876163754623136	31.386302767504144	13.034051779109806	24.6971049611019	0.006376737661012626
16.0	30.927177655911237	31.335288866216043	13.008544828465757	24.72261191174595	0.006376737661012626
17.0	30.863410279301114	31.35441907919908	13.027675041448795	24.74811886239	0.006376737661012626
18.0	30.91442418058921	31.309781915571993	12.995791353143732	24.77362581303405	0.006376737661012626
19.0	30.939931131233262	31.322535390894018	13.078688942736896	24.652467797474813	0.006376737661012626
20.0	30.895293967606175	31.367172554521105	13.021298303787782	24.709858436423925	0.006376737661012626
21.0	30.869787016962125	31.258768014283895	13.046805254431831	24.81826297666114	0.006376737661012626
22.0	31.0100752455044	31.284274964927945	13.021298303787782	24.67797474811886	0.006376737661012626
23.0	30.876163754623136	31.316158653233007	13.040428516770818	24.760872337712026	0.006376737661012626
24.0	30.98456829486035	31.25239127662288	13.021298303787782	24.735365387067976	0.006376737661012626
25.0	30.88254049228415	31.328912128555032	13.059558729753858	24.72261191174595	0.006376737661012626
26.0	30.952684606555287	31.297028440249967	13.002168090804744	24.741742124728987	0.006376737661012626
27.0	30.9080474429282	31.367172554521105	13.002168090804744	24.71623517408494	0.006376737661012626
28.0	30.901670705267186	31.35441907919908	12.983037877821706	24.754495600051012	0.006376737661012626
29.0	30.965438081877313	31.316158653233007	13.002168090804744	24.709858436423925	0.006376737661012626
30.0	30.920800918250222	31.341665603877054	13.027675041448795	24.703481698762914	0.006376737661012626
31.0	30.9590613442163	31.27789822726693	13.034051779109806	24.72261191174595	0.006376737661012626
32.0	30.98456829486035	31.335288866216043	13.002168090804744	24.67159801045785	0.006376737661012626
33.0	30.939931131233262	31.322535390894018	13.059558729753858	24.67159801045785	0.006376737661012626
34.0	31.029205458487436	31.23963780130086	13.040428516770818	24.684351485779878	0.006376737661012626
35.0	30.876163754623136	31.399056242826166	13.002168090804744	24.71623517408494	0.006376737661012626
36.0	30.99094503252136	31.290651702588956	13.002168090804744	24.709858436423925	0.006376737661012626
37.0	30.933554393572248	31.27789822726693	13.008544828465757	24.77362581303405	0.006376737661012626
38.0	30.978191557199334	31.35441907919908	12.983037877821706	24.67797474811886	0.006376737661012626
39.0	30.933554393572248	31.258768014283895	13.002168090804744	24.799132763678102	0.006376737661012626
40.0	31.04195893380946	31.27789822726693	12.951154189516641	24.72261191174595	0.006376737661012626
41.0	30.939931131233262	31.23963780130086	13.129702844024996	24.684351485779878	0.006376737661012626
42.0	31.04195893380946	31.27789822726693	12.938400714194618	24.735365387067976	0.006376737661012626
43.0	30.946307868894273	31.297028440249967	13.040428516770818	24.709858436423925	0.006376737661012626
44.0	30.965438081877313	31.367172554521105	12.938400714194618	24.72261191174595	0.006376737661012626
45.0	30.965438081877313	31.265144751944906	12.983037877821706	24.780002550695066	0.006376737661012626
46.0	30.946307868894273	31.328912128555032	13.027675041448795	24.69072822344089	0.006376737661012626
47.0	30.9080474429282	31.27152148960592	13.040428516770818	24.77362581303405	0.006376737661012626
48.0	31.01645198316541	31.25239127662288	13.008544828465757	24.71623517408494	0.006376737661012626
49.0	30.997321770182374	31.290651702588956	13.046805254431831	24.658844535135824	0.006376737661012626
50.0	31.035582196148447	31.163116949368703	13.021298303787782	24.77362581303405	0.006376737661012626
51.0	30.971814819538324	31.27789822726693	12.951154189516641	24.79275602601709	0.006376737661012626
52.0	31.022828720826425	31.27789822726693	12.976661140160694	24.71623517408494	0.006376737661012626
53.0	30.965438081877313	31.309781915571993	12.983037877821706	24.735365387067976	0.006376737661012626
54.0	31.01645198316541	31.27789822726693	12.976661140160694	24.72261191174595	0.006376737661012626
55.0	30.952684606555287	31.290651702588956	12.995791353143732	24.754495600051012	0.006376737661012626
56.0	30.971814819538324	31.258768014283895	12.995791353143732	24.767249075373037	0.006376737661012626
57.0	30.952684606555287	31.335288866216043	13.01492156612677	24.69072822344089	0.006376737661012626
58.0	30.99094503252136	31.37992602984313	12.932023976533605	24.69072822344089	0.006376737661012626
59.0	30.98456829486035	31.226884325978826	13.034051779109806	24.74811886239	0.006376737661012626
60.0	31.003698507843385	31.4118097181482	12.938400714194618	24.639714322152788	0.006376737661012626
61.0	30.933554393572248	31.341665603877054	12.976661140160694	24.741742124728987	0.006376737661012626
62.0	31.003698507843385	31.34804234153807	12.951154189516641	24.69072822344089	0.006376737661012626
63.0	30.965438081877313	31.328912128555032	12.94477745185563	24.754495600051012	0.006376737661012626
64.0	31.035582196148447	31.37354929218212	12.881010075245506	24.703481698762914	0.006376737661012626
65.0	30.978191557199334	31.35441907919908	12.96390766483867	24.6971049611019	0.006376737661012626
66.0	30.965438081877313	31.4118097181482	12.94477745185563	24.67159801045785	0.006376737661012626
67.0	30.98456829486035	31.37992602984313	12.970284402499683	24.658844535135824	0.006376737661012626
68.0	30.927177655911237	31.34804234153807	12.938400714194618	24.780002550695066	0.006376737661012626
69.0	31.04195893380946	31.335288866216043	12.91927050121158	24.6971049611019	0.006376737661012626
70.0	31.0100752455044	31.30340517791098	12.957530927177654	24.72261191174595	0.006376737661012626
71.0	30.971814819538324	31.4118097181482	12.91927050121158	24.69072822344089	0.006376737661012626
72.0	30.9590613442163	31.43731666879225	12.932023976533605	24.665221272796835	0.006376737661012626
73.0	30.98456829486035	31.4118097181482	12.906517025889555	24.69072822344089	0.006376737661012626
74.0	30.91442418058921	31.40543298048718	13.002168090804744	24.67159801045785	0.006376737661012626
75.0	31.01645198316541	31.30340517791098	12.925647238872592	24.74811886239	0.006376737661012626
76.0	30.978191557199334	31.309781915571993	12.989414615482719	24.71623517408494	0.006376737661012626
77.0	30.971814819538324	31.35441907919908	12.96390766483867	24.703481698762914	0.006376737661012626
78.0	31.022828720826425	31.322535390894018	12.96390766483867	24.684351485779878	0.006376737661012626
79.0	30.946307868894273	31.290651702588956	12.951154189516641	24.805509501339117	0.006376737661012626
80.0	30.91442418058921	31.37992602984313	13.002168090804744	24.6971049611019	0.006376737661012626
81.0	31.0100752455044	31.258768014283895	12.94477745185563	24.780002550695066	0.006376737661012626
82.0	30.869787016962125	31.386302767504144	13.034051779109806	24.703481698762914	0.006376737661012626
83.0	30.99094503252136	31.367172554521105	12.951154189516641	24.684351485779878	0.006376737661012626
84.0	30.901670705267186	31.328912128555032	13.002168090804744	24.760872337712026	0.006376737661012626
85.0	30.99094503252136	31.37992602984313	12.906517025889555	24.71623517408494	0.006376737661012626
86.0	30.939931131233262	31.37992602984313	13.002168090804744	24.67159801045785	0.006376737661012626
87.0	30.965438081877313	31.341665603877054	12.893763550567531	24.79275602601709	0.006376737661012626
88.0	30.85065680397908	31.430939931131235	13.034051779109806	24.67797474811886	0.006376737661012626
89.0	30.971814819538324	31.40543298048718	12.925647238872592	24.69072822344089	0.006376737661012626
90.0	30.901670705267186	31.335288866216043	13.053181992092847	24.703481698762914	0.006376737661012626
91.0	30.971814819538324	31.35441907919908	12.96390766483867	24.703481698762914	0.006376737661012626
92.0	30.933554393572248	31.40543298048718	12.989414615482719	24.665221272796835	0.006376737661012626
93.0	30.946307868894273	31.45007014411427	12.861879862262466	24.735365387067976	0.006376737661012626
94.0	30.9590613442163	31.316158653233007	12.970284402499683	24.74811886239	0.006376737661012626
95.0	30.9590613442163	31.44369340645326	12.861879862262466	24.728988649406965	0.006376737661012626
96.0	30.901670705267186	31.35441907919908	12.976661140160694	24.760872337712026	0.006376737661012626
97.0	30.9080474429282	31.532967733707434	12.881010075245506	24.67159801045785	0.006376737661012626
98.0	30.954658503921944	31.407435750271027	12.951980103309738	24.68592564249729	0.0
