# Position (bp)	A	C	G	T	N
0.0	31.058478038815117	31.371297242083756	12.895812053115424	24.66802860061287	0.006384065372829418
1.0	30.89887640449438	31.415985699693564	13.036261491317672	24.642492339121553	0.006384065372829418
2.0	30.994637385086822	31.364913176710928	12.946884576098059	24.687180796731358	0.006384065372829418
3.0	30.905260469867212	31.441521961184883	13.036261491317672	24.610572012257407	0.006384065372829418
4.0	31.001021450459653	31.42875383043922	12.92773237997957	24.63610827374872	0.006384065372829418
5.0	30.89887640449438	31.390449438202246	13.017109295199184	24.687180796731358	0.006384065372829418
6.0	31.07124616956078	31.45429009193054	12.9341164453524	24.533963227783453	0.006384065372829418
7.0	30.905260469867212	31.44790602655771	12.978804902962207	24.66164453524004	0.006384065372829418
8.0	31.00740551583248	31.396833503575078	12.914964249233913	24.674412665985702	0.006384065372829418
9.0	30.80311542390194	31.479826353421856	13.023493360572012	24.687180796731358	0.006384065372829418
10.0	31.026557711950968	31.35214504596527	12.908580183861082	24.70633299284985	0.006384065372829418
11.0	30.82865168539326	31.415985699693564	13.023493360572012	24.725485188968335	0.006384065372829418
12.0	31.020173646578144	31.339376915219614	12.9341164453524	24.699948927477017	0.006384065372829418
13.0	30.886108273748725	31.390449438202246	13.068181818181818	24.648876404494384	0.006384065372829418
14.0	30.981869254341166	31.288304392236977	12.95965270684372	24.763789581205312	0.006384065372829418
15.0	30.886108273748725	31.37768130745659	13.05541368743616	24.674412665985702	0.006384065372829418
16.0	30.956332992849845	31.326608784473954	13.004341164453523	24.70633299284985	0.006384065372829418
17.0	30.886108273748725	31.33299284984678	13.04902962206333	24.725485188968335	0.006384065372829418
18.0	30.93079673135853	31.307456588355464	12.997957099080695	24.75740551583248	0.006384065372829418
19.0	30.94356486210419	31.320224719101127	13.087334014300305	24.642492339121553	0.006384065372829418
20.0	30.924412665985702	31.35214504596527	13.023493360572012	24.69356486210419	0.006384065372829418
21.0	30.866956077630235	31.25	13.05541368743616	24.821246169560776	0.006384065372829418
22.0	31.00740551583248	31.288304392236977	13.036261491317672	24.66164453524004	0.006384065372829418
23.0	30.892492339121553	31.294688457609805	13.05541368743616	24.751021450459653	0.006384065372829418
24.0	30.981869254341166	31.256384065372828	13.029877425944841	24.725485188968335	0.006384065372829418
25.0	30.886108273748725	31.326608784473954	13.074565883554648	24.70633299284985	0.006384065372829418
26.0	30.962717058222676	31.28192032686415	13.010725229826352	24.738253319713994	0.006384065372829418
27.0	30.91164453524004	31.35214504596527	13.023493360572012	24.70633299284985	0.006384065372829418
28.0	30.89887640449438	31.34576098059244	13.004341164453523	24.744637385086822	0.006384065372829418
29.0	30.97548518896833	31.301072522982636	13.010725229826352	24.70633299284985	0.006384065372829418
30.0	30.91164453524004	31.326608784473954	13.042645556690498	24.712717058222676	0.006384065372829418
31.0	30.956332992849845	31.256384065372828	13.04902962206333	24.731869254341166	0.006384065372829418
32.0	30.994637385086822	31.307456588355464	13.029877425944841	24.66164453524004	0.006384065372829418
33.0	30.937180796731354	31.307456588355464	13.087334014300305	24.66164453524004	0.006384065372829418
34.0	31.032941777323803	31.23723186925434	13.05541368743616	24.66802860061287	0.006384065372829418
35.0	30.886108273748725	31.364913176710928	13.029877425944841	24.712717058222676	0.006384065372829418
36.0	31.001021450459653	31.301072522982636	13.017109295199184	24.674412665985702	0.006384065372829418
37.0	30.949948927477017	31.25	13.029877425944841	24.763789581205312	0.006384065372829418
38.0	31.00740551583248	31.33299284984678	12.985188968335034	24.66802860061287	0.006384065372829418
39.0	30.956332992849845	31.25	13.017109295199184	24.770173646578144	0.006384065372829418
40.0	31.058478038815117	31.275536261491315	12.953268641470888	24.70633299284985	0.006384065372829418
41.0	30.956332992849845	31.230847803881513	13.125638406537282	24.68079673135853	0.006384065372829418
42.0	31.05209397344229	31.275536261491315	12.953268641470888	24.712717058222676	0.006384065372829418
43.0	30.962717058222676	31.28192032686415	13.04902962206333	24.699948927477017	0.006384065372829418
44.0	30.97548518896833	31.364913176710928	12.953268641470888	24.699948927477017	0.006384065372829418
45.0	30.956332992849845	31.269152196118487	12.997957099080695	24.770173646578144	0.006384065372829418
46.0	30.981869254341166	31.326608784473954	13.036261491317672	24.648876404494384	0.006384065372829418
47.0	30.918028600612868	31.25	13.06179775280899	24.763789581205312	0.006384065372829418
48.0	31.04570990806946	31.25	13.017109295199184	24.68079673135853	0.006384065372829418
49.0	31.00740551583248	31.275536261491315	13.068181818181818	24.642492339121553	0.006384065372829418
50.0	31.03932584269663	31.16700715015322	13.017109295199184	24.770173646578144	0.006384065372829418
51.0	30.97548518896833	31.269152196118487	12.972420837589377	24.776557711950968	0.006384065372829418
52.0	31.032941777323803	31.26276813074566	12.985188968335034	24.712717058222676	0.006384065372829418
53.0	30.969101123595504	31.294688457609805	13.004341164453523	24.725485188968335	0.006384065372829418
54.0	31.00740551583248	31.288304392236977	12.991573033707866	24.70633299284985	0.006384065372829418
55.0	30.962717058222676	31.275536261491315	13.004341164453523	24.751021450459653	0.006384065372829418
56.0	30.981869254341166	31.256384065372828	13.017109295199184	24.738253319713994	0.006384065372829418
57.0	30.97548518896833	31.320224719101127	13.017109295199184	24.68079673135853	0.006384065372829418
58.0	31.026557711950968	31.34576098059244	12.966036772216546	24.65526046986721	0.006384065372829418
59.0	30.981869254341166	31.23723186925434	13.036261491317672	24.738253319713994	0.006384065372829418
60.0	31.01378958120531	31.42875383043922	12.9341164453524	24.616956077630235	0.006384065372829418
61.0	30.937180796731354	31.326608784473954	12.978804902962207	24.751021450459653	0.006384065372829418
62.0	31.00740551583248	31.326608784473954	12.966036772216546	24.69356486210419	0.006384065372829418
63.0	30.956332992849845	31.33299284984678	12.966036772216546	24.738253319713994	0.006384065372829418
64.0	31.032941777323803	31.364913176710928	12.883043922369767	24.712717058222676	0.006384065372829418
65.0	30.94356486210419	31.3585291113381	12.985188968335034	24.70633299284985	0.006384065372829418
66.0	30.962717058222676	31.422369765066392	12.940500510725231	24.66802860061287	0.006384065372829418
67.0	30.981869254341166	31.371297242083756	12.972420837589377	24.66802860061287	0.006384065372829418
68.0	30.924412665985702	31.35214504596527	12.946884576098059	24.770173646578144	0.006384065372829418
69.0	31.032941777323803	31.34576098059244	12.92773237997957	24.687180796731358	0.006384065372829418
70.0	31.00740551583248	31.313840653728292	12.95965270684372	24.712717058222676	0.006384065372829418
71.0	30.962717058222676	31.415985699693564	12.92773237997957	24.687180796731358	0.006384065372829418
72.0	30.962717058222676	31.435137895812055	12.92773237997957	24.66802860061287	0.006384065372829418
73.0	30.969101123595504	31.409601634320733	12.921348314606742	24.69356486210419	0.006384065372829418
74.0	30.91164453524004	31.403217568947905	12.997957099080695	24.68079673135853	0.006384065372829418
75.0	31.032941777323803	31.288304392236977	12.921348314606742	24.751021450459653	0.006384065372829418
76.0	30.981869254341166	31.313840653728292	12.978804902962207	24.719101123595504	0.006384065372829418
77.0	30.962717058222676	31.34576098059244	12.985188968335034	24.699948927477017	0.006384065372829418
78.0	31.032941777323803	31.339376915219614	12.940500510725231	24.68079673135853	0.006384065372829418
79.0	30.937180796731354	31.307456588355464	12.9341164453524	24.814862104187945	0.006384065372829418
80.0	30.918028600612868	31.396833503575078	12.991573033707866	24.687180796731358	0.006384065372829418
81.0	31.026557711950968	31.256384065372828	12.92773237997957	24.7829417773238	0.006384065372829418
82.0	30.866956077630235	31.396833503575078	13.023493360572012	24.70633299284985	0.006384065372829418
83.0	30.97548518896833	31.371297242083756	12.953268641470888	24.69356486210419	0.006384065372829418
84.0	30.87972420837589	31.339376915219614	12.991573033707866	24.7829417773238	0.006384065372829418
85.0	30.969101123595504	31.403217568947905	12.883043922369767	24.738253319713994	0.006384065372829418
86.0	30.918028600612868	31.390449438202246	12.991573033707866	24.69356486210419	0.006384065372829418
87.0	30.956332992849845	31.34576098059244	12.889427987742593	24.80209397344229	0.006384065372829418
88.0	30.847803881511748	31.441521961184883	13.023493360572012	24.68079673135853	0.006384065372829418
89.0	30.962717058222676	31.396833503575078	12.92773237997957	24.70633299284985	0.006384065372829418
90.0	30.87972420837589	31.364913176710928	13.029877425944841	24.719101123595504	0.006384065372829418
91.0	30.956332992849845	31.3585291113381	12.946884576098059	24.731869254341166	0.006384065372829418
92.0	30.93079673135853	31.409601634320733	12.966036772216546	24.687180796731358	0.006384065372829418
93.0	30.94356486210419	31.45429009193054	12.83835546475996	24.75740551583248	0.006384065372829418
94.0	30.97548518896833	31.326608784473954	12.940500510725231	24.751021450459653	0.006384065372829418
95.0	30.937180796731354	31.467058222676197	12.857507660878447	24.731869254341166	0.006384065372829418
96.0	30.873340143003063	31.371297242083756	12.946884576098059	24.80209397344229	0.006384065372829418
97.0	30.886108273748725	31.562819203268646	12.84473953013279	24.699948927477017	0.006384065372829418
98.0	30.951924918597967	31.41799144480623	12.922173274596183	24.707910361999616	0.0
