# Position (bp)	A	C	G	T	N
0.0	31.053203040173727	31.372549019607842	12.88880372996104	24.67905729066871	0.006386919588682378
1.0	30.887143130867983	31.404483617551254	13.029315960912053	24.672670371080027	0.006386919588682378
2.0	30.98294692469822	31.366162100019164	12.939899086670497	24.70460496902344	0.006386919588682378
3.0	30.887143130867983	31.449192054672032	13.02292904132337	24.634348853547934	0.006386919588682378
4.0	30.98294692469822	31.41725745672862	12.933512167081817	24.659896531902664	0.006386919588682378
5.0	30.880756211279298	31.38532285878521	13.029315960912053	24.698218049434757	0.006386919588682378
6.0	31.046816120585042	31.436418215494665	12.933512167081817	24.576866577249792	0.006386919588682378
7.0	30.887143130867983	31.430031295905987	12.990994443379957	24.685444210257394	0.006386919588682378
8.0	30.995720763875585	31.378935939196523	12.907964488727085	24.71099188861212	0.006386919588682378
9.0	30.804113176215107	31.449192054672032	13.029315960912053	24.71099188861212	0.006386919588682378
10.0	31.04042920099636	31.334227502075752	12.914351408315769	24.70460496902344	0.006386919588682378
11.0	30.82966085456984	31.398096697962576	13.035702880500736	24.73015264737817	0.006386919588682378
12.0	31.01488152264163	31.34700134125311	12.927125247493136	24.70460496902344	0.006386919588682378
13.0	30.867982372101938	31.391709778373887	13.067637478444146	24.666283451491346	0.006386919588682378
14.0	30.976560005109537	31.289519064954973	12.971833684613912	24.7557003257329	0.006386919588682378
15.0	30.887143130867983	31.38532285878521	13.042089800089418	24.67905729066871	0.006386919588682378
16.0	30.93823848757744	31.327840582487067	13.010155202146004	24.717378808200806	0.006386919588682378
17.0	30.874369291690616	31.353388260841797	13.035702880500736	24.73015264737817	0.006386919588682378
18.0	30.919077728811395	31.308679823721018	12.99738136296864	24.768474164910266	0.006386919588682378
19.0	30.944625407166125	31.327840582487067	13.067637478444146	24.653509612313982	0.006386919588682378
20.0	30.89991697004535	31.366162100019164	13.016542121734687	24.71099188861212	0.006386919588682378
21.0	30.880756211279298	31.251197547422876	13.035702880500736	24.825956441208405	0.006386919588682378
22.0	31.00849460305295	31.283132145366288	13.016542121734687	24.685444210257394	0.006386919588682378
23.0	30.893530050456665	31.3150667433097	13.035702880500736	24.749313406144218	0.006386919588682378
24.0	30.989333844286897	31.25758446701156	13.02292904132337	24.723765727789488	0.006386919588682378
25.0	30.89991697004535	31.334227502075752	13.061250558855464	24.698218049434757	0.006386919588682378
26.0	30.963786165932174	31.308679823721018	12.99738136296864	24.723765727789488	0.006386919588682378
27.0	30.925464648400077	31.38532285878521	12.99738136296864	24.685444210257394	0.006386919588682378
28.0	30.91269080922271	31.372549019607842	12.984607523791276	24.723765727789488	0.006386919588682378
29.0	30.989333844286897	31.334227502075752	12.99738136296864	24.672670371080027	0.006386919588682378
30.0	30.925464648400077	31.35977518043048	13.029315960912053	24.67905729066871	0.006386919588682378
31.0	30.976560005109537	31.295905984543655	13.029315960912053	24.691831129846076	0.006386919588682378
32.0	31.002107683464263	31.353388260841797	12.99738136296864	24.640735773136615	0.006386919588682378
33.0	30.97017308552085	31.34700134125311	13.048476719678098	24.627961933959252	0.006386919588682378
34.0	31.059589959762405	31.25758446701156	13.035702880500736	24.640735773136615	0.006386919588682378
35.0	30.919077728811395	31.41725745672862	12.99738136296864	24.659896531902664	0.006386919588682378
36.0	31.034042281407675	31.3150667433097	12.99738136296864	24.647122692725297	0.006386919588682378
37.0	30.97017308552085	31.295905984543655	13.003768282557324	24.723765727789488	0.006386919588682378
38.0	31.04042920099636	31.372549019607842	12.952672925847864	24.627961933959252	0.006386919588682378
39.0	30.98294692469822	31.283132145366288	12.990994443379957	24.736539566966854	0.006386919588682378
40.0	31.091524557705817	31.30229290413234	12.939899086670497	24.659896531902664	0.006386919588682378
41.0	30.97017308552085	31.27035830618892	13.118732835153605	24.634348853547934	0.006386919588682378
42.0	31.078750718528454	31.295905984543655	12.927125247493136	24.691831129846076	0.006386919588682378
43.0	30.97017308552085	31.327840582487067	13.02292904132337	24.672670371080027	0.006386919588682378
44.0	30.989333844286897	31.404483617551254	12.927125247493136	24.672670371080027	0.006386919588682378
45.0	30.98294692469822	31.295905984543655	12.984607523791276	24.73015264737817	0.006386919588682378
46.0	30.97017308552085	31.35977518043048	13.02292904132337	24.640735773136615	0.006386919588682378
47.0	30.925464648400077	31.295905984543655	13.042089800089418	24.73015264737817	0.006386919588682378
48.0	31.04042920099636	31.276745225777606	13.003768282557324	24.672670371080027	0.006386919588682378
49.0	31.00849460305295	31.3150667433097	13.048476719678098	24.62157501437057	0.006386919588682378
50.0	31.046816120585042	31.193715271124738	13.010155202146004	24.742926486555533	0.006386919588682378
51.0	30.97017308552085	31.308679823721018	12.965446765025229	24.749313406144218	0.006386919588682378
52.0	31.027655361818994	31.30229290413234	12.978220604202592	24.685444210257394	0.006386919588682378
53.0	30.97017308552085	31.334227502075752	12.990994443379957	24.698218049434757	0.006386919588682378
54.0	31.01488152264163	31.30229290413234	12.978220604202592	24.698218049434757	0.006386919588682378
55.0	30.944625407166125	31.327840582487067	12.99738136296864	24.723765727789488	0.006386919588682378
56.0	30.963786165932174	31.283132145366288	12.99738136296864	24.749313406144218	0.006386919588682378
57.0	30.957399246343485	31.353388260841797	13.010155202146004	24.672670371080027	0.006386919588682378
58.0	30.98294692469822	31.398096697962576	12.939899086670497	24.672670371080027	0.006386919588682378
59.0	30.98294692469822	31.251197547422876	13.029315960912053	24.73015264737817	0.006386919588682378
60.0	30.989333844286897	31.436418215494665	12.933512167081817	24.634348853547934	0.006386919588682378
61.0	30.931851567988762	31.35977518043048	12.965446765025229	24.736539566966854	0.006386919588682378
62.0	30.995720763875585	31.34700134125311	12.959059845436546	24.691831129846076	0.006386919588682378
63.0	30.963786165932174	31.327840582487067	12.959059845436546	24.742926486555533	0.006386919588682378
64.0	31.02126844223031	31.372549019607842	12.88880372996104	24.71099188861212	0.006386919588682378
65.0	30.963786165932174	31.35977518043048	12.971833684613912	24.698218049434757	0.006386919588682378
66.0	30.957399246343485	31.41725745672862	12.952672925847864	24.666283451491346	0.006386919588682378
67.0	30.976560005109537	31.38532285878521	12.971833684613912	24.659896531902664	0.006386919588682378
68.0	30.919077728811395	31.353388260841797	12.933512167081817	24.78763492367631	0.006386919588682378
69.0	31.04042920099636	31.34061442166443	12.920738327904452	24.691831129846076	0.006386919588682378
70.0	31.00849460305295	31.308679823721018	12.952672925847864	24.723765727789488	0.006386919588682378
71.0	30.97017308552085	31.41725745672862	12.920738327904452	24.685444210257394	0.006386919588682378
72.0	30.963786165932174	31.436418215494665	12.927125247493136	24.666283451491346	0.006386919588682378
73.0	30.989333844286897	31.41087053713994	12.907964488727085	24.685444210257394	0.006386919588682378
74.0	30.925464648400077	31.404483617551254	12.990994443379957	24.672670371080027	0.006386919588682378
75.0	31.027655361818994	31.295905984543655	12.920738327904452	24.749313406144218	0.006386919588682378
76.0	31.002107683464263	31.30229290413234	12.984607523791276	24.70460496902344	0.006386919588682378
77.0	30.98294692469822	31.34061442166443	12.965446765025229	24.70460496902344	0.006386919588682378
78.0	31.046816120585042	31.3150667433097	12.94628600625918	24.685444210257394	0.006386919588682378
79.0	30.951012326754807	31.295905984543655	12.939899086670497	24.80679568244236	0.006386919588682378
80.0	30.93823848757744	31.372549019607842	12.984607523791276	24.698218049434757	0.006386919588682378
81.0	31.034042281407675	31.244810627834198	12.933512167081817	24.781248004087626	0.006386919588682378
82.0	30.89991697004535	31.366162100019164	13.02292904132337	24.70460496902344	0.006386919588682378
83.0	31.02126844223031	31.34700134125311	12.94628600625918	24.67905729066871	0.006386919588682378
84.0	30.925464648400077	31.30229290413234	12.99738136296864	24.768474164910266	0.006386919588682378
85.0	31.002107683464263	31.366162100019164	12.901577569138404	24.723765727789488	0.006386919588682378
86.0	30.957399246343485	31.366162100019164	12.99738136296864	24.672670371080027	0.006386919588682378
87.0	30.98294692469822	31.327840582487067	12.895190649549724	24.78763492367631	0.006386919588682378
88.0	30.887143130867983	31.41725745672862	13.029315960912053	24.659896531902664	0.006386919588682378
89.0	30.995720763875585	31.391709778373887	12.927125247493136	24.67905729066871	0.006386919588682378
90.0	30.91269080922271	31.334227502075752	13.048476719678098	24.698218049434757	0.006386919588682378
91.0	30.98294692469822	31.34061442166443	12.959059845436546	24.71099188861212	0.006386919588682378
92.0	30.944625407166125	31.38532285878521	12.984607523791276	24.67905729066871	0.006386919588682378
93.0	30.963786165932174	31.436418215494665	12.856869132017628	24.736539566966854	0.006386919588682378
94.0	30.98294692469822	31.295905984543655	12.971833684613912	24.742926486555533	0.006386919588682378
95.0	30.976560005109537	31.436418215494665	12.856869132017628	24.723765727789488	0.006386919588682378
96.0	30.91269080922271	31.34061442166443	12.965446765025229	24.774861084498948	0.006386919588682378
97.0	30.919077728811395	31.52583508973622	12.869642971194992	24.67905729066871	0.006386919588682378
98.0	30.96576392437404	31.39371486969852	12.94072560040879	24.699795605518652	0.0
