#Mapping quality	mapping quality
0.0	30.0
1.0	37.0
2.0	32.0
3.0	29.0
4.0	80.0
5.0	135.0
6.0	208.0
7.0	196.0
8.0	143.0
9.0	155.0
10.0	112.0
11.0	119.0
12.0	156.0
13.0	224.0
14.0	166.0
15.0	148.0
16.0	193.0
17.0	242.0
18.0	157.0
19.0	254.0
20.0	183.0
21.0	196.0
22.0	110.0
23.0	133.0
24.0	147.0
25.0	184.0
26.0	130.0
27.0	115.0
28.0	182.0
29.0	104.0
30.0	110.0
31.0	104.0
32.0	159.0
33.0	119.0
34.0	131.0
35.0	96.0
36.0	172.0
37.0	201.0
38.0	109.0
39.0	82.0
40.0	84.0
41.0	114.0
42.0	114.0
43.0	172.0
44.0	164.0
45.0	137.0
46.0	184.0
47.0	183.0
48.0	160.0
49.0	206.0
50.0	226.0
51.0	250.0
52.0	282.0
53.0	207.0
54.0	371.0
55.0	413.0
56.0	235.0
57.0	241.0
58.0	583.0
59.0	779.0
60.0	5880.0
