# Position (bp)	A	C	G	T	N
0.0	31.00527108433735	31.312751004016064	13.039658634538153	24.63604417670683	0.006275100401606425
1.0	30.998995983935746	31.37550200803213	12.951807228915662	24.667419678714857	0.006275100401606425
2.0	30.980170682730922	31.400602409638555	12.989457831325302	24.623493975903614	0.006275100401606425
3.0	30.97389558232932	31.31902610441767	13.039658634538153	24.661144578313255	0.006275100401606425
4.0	30.923694779116467	31.400602409638555	12.976907630522089	24.692520080321284	0.006275100401606425
5.0	30.97389558232932	31.388052208835344	12.976907630522089	24.65486947791165	0.006275100401606425
6.0	30.97389558232932	31.312751004016064	13.04593373493976	24.661144578313255	0.006275100401606425
7.0	30.89859437751004	31.42570281124498	13.002008032128515	24.667419678714857	0.006275100401606425
8.0	30.93624497991968	31.400602409638555	13.04593373493976	24.610943775100402	0.006275100401606425
9.0	30.96762048192771	31.4445281124498	12.945532128514056	24.63604417670683	0.006275100401606425
10.0	30.96762048192771	31.312751004016064	13.00828313253012	24.7050702811245	0.006275100401606425
11.0	30.923694779116467	31.356676706827308	13.04593373493976	24.667419678714857	0.006275100401606425
12.0	30.942520080321284	31.42570281124498	12.989457831325302	24.63604417670683	0.006275100401606425
13.0	30.917419678714857	31.33157630522088	13.020833333333334	24.723895582329316	0.006275100401606425
14.0	30.97389558232932	31.362951807228917	13.00828313253012	24.64859437751004	0.006275100401606425
15.0	30.873493975903614	31.381777108433734	13.05848393574297	24.679969879518072	0.006275100401606425
16.0	30.961345381526108	31.362951807228917	13.020833333333334	24.64859437751004	0.006275100401606425
17.0	30.929969879518072	31.400602409638555	13.033383534136547	24.629769076305223	0.006275100401606425
18.0	30.9550702811245	31.312751004016064	13.052208835341366	24.673694779116463	0.006275100401606425
19.0	30.873493975903614	31.388052208835344	13.014558232931728	24.71762048192771	0.006275100401606425
20.0	30.942520080321284	31.362951807228917	13.04593373493976	24.642319277108435	0.006275100401606425
21.0	30.942520080321284	31.243724899598398	13.083584337349397	24.723895582329316	0.006275100401606425
22.0	30.873493975903614	31.438253012048197	13.039658634538153	24.642319277108435	0.006275100401606425
23.0	30.97389558232932	31.293925702811244	13.07730923694779	24.64859437751004	0.006275100401606425
24.0	30.835843373493976	31.36922690763052	13.020833333333334	24.767821285140563	0.006275100401606425
25.0	30.97389558232932	31.362951807228917	12.995732931726907	24.661144578313255	0.006275100401606425
26.0	30.867218875502004	31.350401606425706	13.127510040160642	24.64859437751004	0.006275100401606425
27.0	30.860943775100402	31.362951807228917	13.09613453815261	24.673694779116463	0.006275100401606425
28.0	30.867218875502004	31.36922690763052	13.033383534136547	24.723895582329316	0.006275100401606425
29.0	30.89859437751004	31.356676706827308	13.108684738955823	24.629769076305223	0.006275100401606425
30.0	30.84211847389558	31.33157630522088	13.05848393574297	24.761546184738954	0.006275100401606425
31.0	30.904869477911646	31.394327309236946	13.071034136546183	24.623493975903614	0.006275100401606425
32.0	30.904869477911646	31.36922690763052	13.089859437751002	24.629769076305223	0.006275100401606425
33.0	30.911144578313255	31.300200803212853	13.114959839357429	24.667419678714857	0.006275100401606425
34.0	30.867218875502004	31.40687751004016	13.083584337349397	24.63604417670683	0.006275100401606425
35.0	30.93624497991968	31.28137550200803	13.108684738955823	24.667419678714857	0.006275100401606425
36.0	30.89231927710843	31.388052208835344	13.083584337349397	24.629769076305223	0.006275100401606425
37.0	30.942520080321284	31.36922690763052	13.083584337349397	24.59839357429719	0.006275100401606425
38.0	30.911144578313255	31.256275100401602	13.114959839357429	24.711345381526105	0.006275100401606425
39.0	30.873493975903614	31.33157630522088	13.064759036144578	24.723895582329316	0.006275100401606425
40.0	30.873493975903614	31.344126506024097	13.052208835341366	24.723895582329316	0.006275100401606425
41.0	30.89231927710843	31.312751004016064	13.09613453815261	24.692520080321284	0.006275100401606425
42.0	30.929969879518072	31.312751004016064	13.039658634538153	24.711345381526105	0.006275100401606425
43.0	30.835843373493976	31.26255020080321	13.114959839357429	24.780371485943775	0.006275100401606425
44.0	30.942520080321284	31.31902610441767	13.114959839357429	24.617218875502008	0.006275100401606425
45.0	30.98644578313253	31.21862449799197	13.083584337349397	24.7050702811245	0.006275100401606425
46.0	30.93624497991968	31.312751004016064	13.071034136546183	24.673694779116463	0.006275100401606425
47.0	30.917419678714857	31.344126506024097	13.09613453815261	24.63604417670683	0.006275100401606425
48.0	30.992720883534137	31.231174698795183	13.033383534136547	24.73644578313253	0.006275100401606425
49.0	30.942520080321284	31.212349397590362	13.102409638554215	24.73644578313253	0.006275100401606425
50.0	30.97389558232932	31.275100401606426	13.09613453815261	24.64859437751004	0.006275100401606425
51.0	31.011546184738958	31.306475903614455	13.089859437751002	24.585843373493976	0.006275100401606425
52.0	30.87976907630522	31.26255020080321	13.064759036144578	24.78664658634538	0.006275100401606425
53.0	30.89859437751004	31.28137550200803	13.07730923694779	24.73644578313253	0.006275100401606425
54.0	30.904869477911646	31.306475903614455	13.13378514056225	24.64859437751004	0.006275100401606425
55.0	30.93624497991968	31.256275100401602	13.089859437751002	24.711345381526105	0.006275100401606425
56.0	30.948795180722893	31.312751004016064	13.102409638554215	24.629769076305223	0.006275100401606425
57.0	30.904869477911646	31.306475903614455	13.127510040160642	24.65486947791165	0.006275100401606425
58.0	30.9550702811245	31.268825301204817	13.114959839357429	24.65486947791165	0.006275100401606425
59.0	30.96762048192771	31.256275100401602	13.114959839357429	24.65486947791165	0.006275100401606425
60.0	30.917419678714857	31.32530120481928	13.05848393574297	24.692520080321284	0.006275100401606425
61.0	30.96762048192771	31.293925702811244	13.146335341365461	24.585843373493976	0.006275100401606425
62.0	30.9550702811245	31.33157630522088	13.071034136546183	24.63604417670683	0.006275100401606425
63.0	30.929969879518072	31.293925702811244	13.09613453815261	24.673694779116463	0.006275100401606425
64.0	31.00527108433735	31.293925702811244	13.09613453815261	24.59839357429719	0.006275100401606425
65.0	30.93624497991968	31.268825301204817	13.089859437751002	24.69879518072289	0.006275100401606425
66.0	30.992720883534137	31.293925702811244	13.089859437751002	24.617218875502008	0.006275100401606425
67.0	30.948795180722893	31.224899598393574	13.114959839357429	24.7050702811245	0.006275100401606425
68.0	30.992720883534137	31.256275100401602	13.07730923694779	24.667419678714857	0.006275100401606425
69.0	31.0554718875502	31.224899598393574	13.071034136546183	24.642319277108435	0.006275100401606425
70.0	30.929969879518072	31.33785140562249	13.052208835341366	24.673694779116463	0.006275100401606425
71.0	30.998995983935746	31.206074297188756	13.127510040160642	24.661144578313255	0.006275100401606425
72.0	31.04292168674699	31.193524096385545	13.083584337349397	24.673694779116463	0.006275100401606425
73.0	30.942520080321284	31.300200803212853	13.07730923694779	24.673694779116463	0.006275100401606425
74.0	31.00527108433735	31.231174698795183	13.033383534136547	24.723895582329316	0.006275100401606425
75.0	30.96762048192771	31.275100401606426	13.108684738955823	24.642319277108435	0.006275100401606425
76.0	30.948795180722893	31.31902610441767	13.002008032128515	24.723895582329316	0.006275100401606425
77.0	30.98644578313253	31.243724899598398	13.083584337349397	24.679969879518072	0.006275100401606425
78.0	30.96762048192771	31.23744979919679	13.071034136546183	24.71762048192771	0.006275100401606425
79.0	30.980170682730922	31.26255020080321	13.071034136546183	24.679969879518072	0.006275100401606425
80.0	30.93624497991968	31.25	13.083584337349397	24.723895582329316	0.006275100401606425
81.0	30.96762048192771	31.25	13.027108433734941	24.748995983935743	0.006275100401606425
82.0	30.942520080321284	31.344126506024097	13.020833333333334	24.686244979919678	0.006275100401606425
83.0	30.929969879518072	31.31902610441767	13.064759036144578	24.679969879518072	0.006275100401606425
84.0	30.942520080321284	31.33157630522088	13.020833333333334	24.69879518072289	0.006275100401606425
85.0	30.88604417670683	31.275100401606426	13.089859437751002	24.742720883534137	0.006275100401606425
86.0	31.024096385542173	31.306475903614455	13.00828313253012	24.65486947791165	0.006275100401606425
87.0	30.97389558232932	31.293925702811244	12.983182730923696	24.742720883534137	0.006275100401606425
88.0	30.867218875502004	31.32530120481928	13.033383534136547	24.767821285140563	0.006275100401606425
89.0	30.89859437751004	31.31902610441767	13.039658634538153	24.73644578313253	0.006275100401606425
90.0	30.89231927710843	31.344126506024097	13.00828313253012	24.748995983935743	0.006275100401606425
91.0	30.992720883534137	31.275100401606426	12.989457831325302	24.73644578313253	0.006275100401606425
92.0	30.904869477911646	31.300200803212853	13.04593373493976	24.742720883534137	0.006275100401606425
93.0	30.980170682730922	31.275100401606426	13.014558232931728	24.723895582329316	0.006275100401606425
94.0	30.84839357429719	31.388052208835344	12.92043172690763	24.836847389558233	0.006275100401606425
95.0	30.961345381526108	31.306475903614455	12.989457831325302	24.73644578313253	0.006275100401606425
96.0	30.948795180722893	31.28137550200803	12.983182730923696	24.780371485943775	0.006275100401606425
97.0	30.97389558232932	31.306475903614455	12.95808232931727	24.75527108433735	0.006275100401606425
98.0	30.961345381526108	31.306475903614455	12.964357429718875	24.761546184738954	0.006275100401606425
99.0	30.992720883534137	31.231174698795183	12.989457831325302	24.780371485943775	0.006275100401606425
100.0	30.992720883534137	31.287650602409638	12.951807228915662	24.761546184738954	0.006275100401606425
101.0	31.04292168674699	31.231174698795183	12.970632530120483	24.748995983935743	0.006275100401606425
102.0	30.923694779116467	31.362951807228917	12.951807228915662	24.75527108433735	0.006275100401606425
103.0	30.98644578313253	31.293925702811244	12.882781124497992	24.830572289156628	0.006275100401606425
104.0	31.030371485943775	31.287650602409638	12.945532128514056	24.730170682730922	0.006275100401606425
105.0	31.017821285140563	31.25	12.951807228915662	24.77409638554217	0.006275100401606425
106.0	31.049196787148592	31.287650602409638	12.951807228915662	24.7050702811245	0.006275100401606425
107.0	31.017821285140563	31.287650602409638	12.951807228915662	24.73644578313253	0.006275100401606425
108.0	30.9550702811245	31.243724899598398	12.983182730923696	24.811746987951807	0.006275100401606425
109.0	31.155873493975903	31.199799196787147	12.889056224899598	24.748995983935743	0.006275100401606425
110.0	31.030371485943775	31.300200803212853	12.870230923694779	24.79292168674699	0.006275100401606425
111.0	30.992720883534137	31.25	12.951807228915662	24.799196787148595	0.006275100401606425
112.0	31.149598393574294	31.300200803212853	12.914156626506024	24.629769076305223	0.006275100401606425
113.0	31.049196787148592	31.268825301204817	12.914156626506024	24.761546184738954	0.006275100401606425
114.0	31.03664658634538	31.25	12.932981927710843	24.77409638554217	0.006275100401606425
115.0	31.068022088353413	31.28137550200803	12.895331325301203	24.748995983935743	0.006275100401606425
116.0	31.030371485943775	31.31902610441767	12.932981927710843	24.711345381526105	0.006275100401606425
117.0	31.08684738955823	31.256275100401602	12.926706827309237	24.723895582329316	0.006275100401606425
118.0	31.011546184738958	31.33157630522088	12.895331325301203	24.75527108433735	0.006275100401606425
119.0	31.068022088353413	31.275100401606426	12.870230923694779	24.780371485943775	0.006275100401606425
120.0	31.13077309236948	31.231174698795183	12.945532128514056	24.686244979919678	0.006275100401606425
121.0	31.049196787148592	31.356676706827308	12.832580321285143	24.75527108433735	0.006275100401606425
122.0	31.099397590361445	31.287650602409638	12.889056224899598	24.71762048192771	0.006275100401606425
123.0	31.030371485943775	31.33157630522088	12.92043172690763	24.711345381526105	0.006275100401606425
124.0	31.017821285140563	31.33157630522088	12.901606425702811	24.742720883534137	0.006275100401606425
125.0	31.12449799196787	31.287650602409638	12.832580321285143	24.748995983935743	0.006275100401606425
126.0	31.03664658634538	31.206074297188756	12.93925702811245	24.811746987951807	0.006275100401606425
127.0	31.105672690763054	31.344126506024097	12.826305220883535	24.71762048192771	0.006275100401606425
128.0	31.080572289156628	31.26255020080321	12.895331325301203	24.75527108433735	0.006275100401606425
129.0	31.00527108433735	31.25	12.926706827309237	24.811746987951807	0.006275100401606425
130.0	31.099397590361445	31.312751004016064	12.851405622489958	24.730170682730922	0.006275100401606425
131.0	31.061746987951803	31.312751004016064	12.826305220883535	24.79292168674699	0.006275100401606425
132.0	31.07429718875502	31.33157630522088	12.889056224899598	24.69879518072289	0.006275100401606425
133.0	30.992720883534137	31.293925702811244	12.857680722891565	24.84939759036145	0.006275100401606425
134.0	31.068022088353413	31.293925702811244	12.907881526104417	24.723895582329316	0.006275100401606425
135.0	31.04292168674699	31.293925702811244	12.882781124497992	24.77409638554217	0.006275100401606425
136.0	31.07429718875502	31.287650602409638	12.807479919678716	24.824297188755022	0.006275100401606425
137.0	31.137048192771083	31.231174698795183	12.914156626506024	24.711345381526105	0.006275100401606425
138.0	31.09312248995984	31.312751004016064	12.838855421686745	24.748995983935743	0.006275100401606425
139.0	31.09312248995984	31.275100401606426	12.907881526104417	24.71762048192771	0.006275100401606425
140.0	31.068022088353413	31.300200803212853	12.914156626506024	24.711345381526105	0.006275100401606425
141.0	31.049196787148592	31.293925702811244	12.951807228915662	24.69879518072289	0.006275100401606425
142.0	31.011546184738958	31.33785140562249	12.907881526104417	24.73644578313253	0.006275100401606425
143.0	31.017821285140563	31.287650602409638	12.907881526104417	24.780371485943775	0.006275100401606425
144.0	31.149598393574294	31.26255020080321	12.870230923694779	24.711345381526105	0.006275100401606425
145.0	31.04292168674699	31.26255020080321	12.945532128514056	24.742720883534137	0.006275100401606425
146.0	31.118222891566266	31.300200803212853	12.838855421686745	24.73644578313253	0.006275100401606425
147.0	31.03664658634538	31.300200803212853	12.926706827309237	24.730170682730922	0.006275100401606425
148.0	31.09312248995984	31.275100401606426	12.932981927710843	24.692520080321284	0.006275100401606425
149.0	31.04292168674699	31.31902610441767	12.932981927710843	24.69879518072289	0.006275100401606425
