# Position (bp)	A	C	G	T	N
0.0	31.086358107675565	31.36162857691569	12.854490749631905	24.691120926957304	0.006401638819537802
1.0	30.900710581908967	31.41924332629153	12.988925164842199	24.684719288137764	0.006401638819537802
2.0	31.003136803021576	31.40003840983292	12.873695666090521	24.716727482235452	0.006401638819537802
3.0	30.913513859548043	31.464054798028297	12.969720248383588	24.646309455220536	0.006401638819537802
4.0	31.01594008066065	31.438448242750145	12.867294027270981	24.671916010498688	0.006401638819537802
5.0	30.913513859548043	31.406440048652456	12.963318609564048	24.710325843415916	0.006401638819537802
6.0	31.07995646885603	31.44484988156968	12.873695666090521	24.59509634466423	0.006401638819537802
7.0	30.92631713718712	31.451251520389217	12.918507137827284	24.69752256577684	0.006401638819537802
8.0	31.028743358299728	31.406440048652456	12.854490749631905	24.70392420459638	0.006401638819537802
9.0	30.849497471352667	31.438448242750145	12.976121887203124	24.729530759874528	0.006401638819537802
10.0	31.060751552397413	31.36162857691569	12.854490749631905	24.716727482235452	0.006401638819537802
11.0	30.836694193713594	31.412841687471992	12.982523526022662	24.761538953972217	0.006401638819537802
12.0	31.028743358299728	31.342423660457076	12.873695666090521	24.74873567633314	0.006401638819537802
13.0	30.89430894308943	31.412841687471992	12.988925164842199	24.69752256577684	0.006401638819537802
14.0	30.990333525382496	31.29121054990077	12.912105499007746	24.799948786889445	0.006401638819537802
15.0	30.900710581908967	31.406440048652456	12.969720248383588	24.716727482235452	0.006401638819537802
16.0	30.95192369246527	31.374431854554768	12.918507137827284	24.74873567633314	0.006401638819537802
17.0	30.88790730426989	31.393636771013377	12.950515331924972	24.761538953972217	0.006401638819537802
18.0	30.919915498367583	31.355226938096152	12.912105499007746	24.80635042570898	0.006401638819537802
19.0	30.95192369246527	31.368030215735228	12.982523526022662	24.691120926957304	0.006401638819537802
20.0	30.907112220728507	31.412841687471992	12.937712054285896	24.735932398694064	0.006401638819537802
21.0	30.862300748991743	31.30401382753985	12.976121887203124	24.851161897445746	0.006401638819537802
22.0	31.022341719480185	31.329620382818003	12.93131041546636	24.710325843415916	0.006401638819537802
23.0	30.868702387811283	31.368030215735228	12.988925164842199	24.767940592791753	0.006401638819537802
24.0	30.977530247743424	31.284808911081235	12.969720248383588	24.761538953972217	0.006401638819537802
25.0	30.900710581908967	31.355226938096152	13.001728442481275	24.735932398694064	0.006401638819537802
26.0	30.964726970104344	31.329620382818003	12.93131041546636	24.767940592791753	0.006401638819537802
27.0	30.900710581908967	31.38723513219384	12.963318609564048	24.7423340375136	0.006401638819537802
28.0	30.913513859548043	31.38723513219384	12.92490877664682	24.767940592791753	0.006401638819537802
29.0	31.003136803021576	31.33602202163754	12.944113693105436	24.710325843415916	0.006401638819537802
30.0	30.95192369246527	31.380833493374304	12.969720248383588	24.691120926957304	0.006401638819537802
31.0	30.990333525382496	31.284808911081235	12.969720248383588	24.74873567633314	0.006401638819537802
32.0	30.990333525382496	31.374431854554768	12.950515331924972	24.678317649318227	0.006401638819537802
33.0	30.98393188656296	31.368030215735228	12.995326803661738	24.646309455220536	0.006401638819537802
34.0	31.054349913577877	31.272005633442163	12.982523526022662	24.684719288137764	0.006401638819537802
35.0	30.907112220728507	31.44484988156968	12.969720248383588	24.671916010498688	0.006401638819537802
36.0	31.01594008066065	31.323218743998467	12.969720248383588	24.684719288137764	0.006401638819537802
37.0	30.939120414826192	31.310415466359387	12.976121887203124	24.767940592791753	0.006401638819537802
38.0	31.003136803021576	31.406440048652456	12.918507137827284	24.66551437167915	0.006401638819537802
39.0	30.958325331284808	31.297612188720315	12.982523526022662	24.755137315152677	0.006401638819537802
40.0	31.060751552397413	31.30401382753985	12.918507137827284	24.710325843415916	0.006401638819537802
41.0	30.964726970104344	31.29121054990077	13.091351385954805	24.646309455220536	0.006401638819537802
42.0	31.073554830036485	31.29121054990077	12.918507137827284	24.710325843415916	0.006401638819537802
43.0	30.977530247743424	31.342423660457076	13.001728442481275	24.671916010498688	0.006401638819537802
44.0	30.990333525382496	31.412841687471992	12.886498943729594	24.70392420459638	0.006401638819537802
45.0	30.98393188656296	31.329620382818003	12.950515331924972	24.729530759874528	0.006401638819537802
46.0	30.958325331284808	31.380833493374304	12.988925164842199	24.66551437167915	0.006401638819537802
47.0	30.932718776006656	31.310415466359387	13.020933358939887	24.729530759874528	0.006401638819537802
48.0	31.047948274758337	31.30401382753985	12.995326803661738	24.646309455220536	0.006401638819537802
49.0	31.009538441841112	31.348825299276616	13.008130081300814	24.627104538761923	0.006401638819537802
50.0	31.035144997119264	31.227194161705395	13.001728442481275	24.729530759874528	0.006401638819537802
51.0	30.990333525382496	31.323218743998467	12.93131041546636	24.74873567633314	0.006401638819537802
52.0	31.009538441841112	31.323218743998467	12.963318609564048	24.69752256577684	0.006401638819537802
53.0	30.964726970104344	31.36162857691569	12.956916970744512	24.710325843415916	0.006401638819537802
54.0	31.022341719480185	31.329620382818003	12.969720248383588	24.671916010498688	0.006401638819537802
55.0	30.958325331284808	31.342423660457076	12.982523526022662	24.710325843415916	0.006401638819537802
56.0	30.977530247743424	31.297612188720315	12.982523526022662	24.735932398694064	0.006401638819537802
57.0	30.958325331284808	31.348825299276616	13.008130081300814	24.678317649318227	0.006401638819537802
58.0	30.98393188656296	31.406440048652456	12.956916970744512	24.646309455220536	0.006401638819537802
59.0	30.99673516420204	31.265603994622627	13.020933358939887	24.710325843415916	0.006401638819537802
60.0	31.003136803021576	31.451251520389217	12.93131041546636	24.607899622303307	0.006401638819537802
61.0	30.919915498367583	31.374431854554768	12.963318609564048	24.735932398694064	0.006401638819537802
62.0	31.009538441841112	31.368030215735228	12.937712054285896	24.678317649318227	0.006401638819537802
63.0	30.964726970104344	31.36162857691569	12.944113693105436	24.723129121054992	0.006401638819537802
64.0	31.022341719480185	31.38723513219384	12.892900582549133	24.691120926957304	0.006401638819537802
65.0	30.939120414826192	31.406440048652456	12.963318609564048	24.684719288137764	0.006401638819537802
66.0	30.964726970104344	31.44484988156968	12.93131041546636	24.652711094040075	0.006401638819537802
67.0	30.964726970104344	31.41924332629153	12.963318609564048	24.646309455220536	0.006401638819537802
68.0	30.932718776006656	31.393636771013377	12.912105499007746	24.755137315152677	0.006401638819537802
69.0	31.022341719480185	31.393636771013377	12.918507137827284	24.65911273285961	0.006401638819537802
70.0	31.009538441841112	31.348825299276616	12.937712054285896	24.69752256577684	0.006401638819537802
71.0	30.958325331284808	31.451251520389217	12.905703860188208	24.678317649318227	0.006401638819537802
72.0	30.977530247743424	31.45765315920876	12.918507137827284	24.639907816401	0.006401638819537802
73.0	30.971128608923888	31.412841687471992	12.92490877664682	24.684719288137764	0.006401638819537802
74.0	30.907112220728507	31.43204660393061	12.988925164842199	24.66551437167915	0.006401638819537802
75.0	30.99673516420204	31.323218743998467	12.918507137827284	24.755137315152677	0.006401638819537802
76.0	30.977530247743424	31.329620382818003	12.988925164842199	24.69752256577684	0.006401638819537802
77.0	30.964726970104344	31.368030215735228	12.963318609564048	24.69752256577684	0.006401638819537802
78.0	31.047948274758337	31.329620382818003	12.93131041546636	24.684719288137764	0.006401638819537802
79.0	30.92631713718712	31.30401382753985	12.956916970744512	24.80635042570898	0.006401638819537802
80.0	30.900710581908967	31.406440048652456	12.976121887203124	24.710325843415916	0.006401638819537802
81.0	31.035144997119264	31.272005633442163	12.92490877664682	24.761538953972217	0.006401638819537802
82.0	30.868702387811283	31.40003840983292	13.027334997759427	24.69752256577684	0.006401638819537802
83.0	31.003136803021576	31.40003840983292	12.937712054285896	24.652711094040075	0.006401638819537802
84.0	30.900710581908967	31.348825299276616	12.982523526022662	24.761538953972217	0.006401638819537802
85.0	30.990333525382496	31.406440048652456	12.880097304910057	24.716727482235452	0.006401638819537802
86.0	30.945522053645735	31.368030215735228	12.988925164842199	24.691120926957304	0.006401638819537802
87.0	30.990333525382496	31.355226938096152	12.880097304910057	24.767940592791753	0.006401638819537802
88.0	30.881505665450355	31.43204660393061	13.008130081300814	24.671916010498688	0.006401638819537802
89.0	31.003136803021576	31.40003840983292	12.918507137827284	24.671916010498688	0.006401638819537802
90.0	30.900710581908967	31.342423660457076	13.033736636578963	24.716727482235452	0.006401638819537802
91.0	30.99673516420204	31.342423660457076	12.92490877664682	24.729530759874528	0.006401638819537802
92.0	30.95192369246527	31.406440048652456	12.963318609564048	24.671916010498688	0.006401638819537802
93.0	31.003136803021576	31.425644965111065	12.835285833173293	24.729530759874528	0.006401638819537802
94.0	30.990333525382496	31.30401382753985	12.956916970744512	24.7423340375136	0.006401638819537802
95.0	30.98393188656296	31.45765315920876	12.816080916714679	24.735932398694064	0.006401638819537802
96.0	30.913513859548043	31.348825299276616	12.956916970744512	24.774342231611293	0.006401638819537802
97.0	30.95192369246527	31.52807118622367	12.835285833173293	24.678317649318227	0.006401638819537802
98.0	30.973111395646608	31.44686299615877	12.906530089628681	24.67349551856594	0.0
