# Position (bp)	A	C	G	T	N
0.0	31.04812970764713	31.360908974849995	12.906932209881273	24.677645857270523	0.006383250351078769
1.0	30.86301544746585	31.399208476956463	13.047363717605004	24.6840291076216	0.006383250351078769
2.0	30.95876420273203	31.36729222520107	12.964381463040981	24.70317885867484	0.006383250351078769
3.0	30.875781948168008	31.43750797906294	13.047363717605004	24.632963104812973	0.006383250351078769
4.0	30.97791395378527	31.4183582280097	12.945231711987745	24.652112855866207	0.006383250351078769
5.0	30.86939869781693	31.373675475552147	13.053746967956084	24.696795608323757	0.006383250351078769
6.0	31.041746457296053	31.450274479765095	12.938848461636665	24.562747350951103	0.006383250351078769
7.0	30.875781948168008	31.42474147836078	13.02183071620069	24.671262606919445	0.006383250351078769
8.0	30.984297204136347	31.380058725903233	12.926081960934507	24.70317885867484	0.006383250351078769
9.0	30.792799693603985	31.443891229414017	13.066513468658242	24.69041235797268	0.006383250351078769
10.0	31.016213455891737	31.3289927230946	12.932465211285587	24.715945359376995	0.006383250351078769
11.0	30.818332695008298	31.38644197625431	13.07289671900932	24.715945359376995	0.006383250351078769
12.0	30.997063704838503	31.34814247414784	12.945231711987745	24.70317885867484	0.006383250351078769
13.0	30.843865696412614	31.380058725903233	13.104812970764712	24.664879356568363	0.006383250351078769
14.0	30.97153070343419	31.27792672028597	12.989914464445295	24.754244861483468	0.006383250351078769
15.0	30.86939869781693	31.380058725903233	13.07289671900932	24.671262606919445	0.006383250351078769
16.0	30.926847950976637	31.31622622239244	13.034597216902846	24.715945359376995	0.006383250351078769
17.0	30.86939869781693	31.33537597344568	13.066513468658242	24.722328609728073	0.006383250351078769
18.0	30.926847950976637	31.284309970637047	13.015447465849611	24.767011362185627	0.006383250351078769
19.0	30.939614451678793	31.309842972041363	13.104812970764712	24.63934635516405	0.006383250351078769
20.0	30.9076981999234	31.33537597344568	13.040980467253927	24.709562109025914	0.006383250351078769
21.0	30.85663219711477	31.271543469934894	13.07289671900932	24.79254436358994	0.006383250351078769
22.0	31.003446955189585	31.252393718881656	13.040980467253927	24.696795608323757	0.006383250351078769
23.0	30.875781948168008	31.31622622239244	13.07289671900932	24.72871186007915	0.006383250351078769
24.0	30.97791395378527	31.22686071747734	13.047363717605004	24.74147836078131	0.006383250351078769
25.0	30.875781948168008	31.3289927230946	13.098429720413634	24.69041235797268	0.006383250351078769
26.0	30.933231201327715	31.27792672028597	13.02183071620069	24.760628111834546	0.006383250351078769
27.0	30.926847950976637	31.354525724498917	13.034597216902846	24.677645857270523	0.006383250351078769
28.0	30.88854844887016	31.3289927230946	13.009064215498531	24.767011362185627	0.006383250351078769
29.0	30.97791395378527	31.322609472743522	13.034597216902846	24.658496106217285	0.006383250351078769
30.0	30.901314949572324	31.322609472743522	13.053746967956084	24.715945359376995	0.006383250351078769
31.0	30.95876420273203	31.271543469934894	13.07289671900932	24.69041235797268	0.006383250351078769
32.0	30.96514745308311	31.31622622239244	13.034597216902846	24.677645857270523	0.006383250351078769
33.0	30.945997702029874	31.33537597344568	13.085663219711478	24.62657985446189	0.006383250351078769
34.0	31.003446955189585	31.22686071747734	13.0792799693604	24.6840291076216	0.006383250351078769
35.0	30.875781948168008	31.405591727307545	13.034597216902846	24.677645857270523	0.006383250351078769
36.0	30.984297204136347	31.27792672028597	13.040980467253927	24.69041235797268	0.006383250351078769
37.0	30.9076981999234	31.303459721690285	13.034597216902846	24.74786161113239	0.006383250351078769
38.0	30.96514745308311	31.34814247414784	13.002680965147453	24.677645857270523	0.006383250351078769
39.0	30.926847950976637	31.284309970637047	13.02183071620069	24.760628111834546	0.006383250351078769
40.0	31.009830205540663	31.290693220988125	12.970764713392061	24.722328609728073	0.006383250351078769
41.0	30.926847950976637	31.26516021958381	13.149495723222266	24.652112855866207	0.006383250351078769
42.0	31.022596706242815	31.27792672028597	12.964381463040981	24.72871186007915	0.006383250351078769
43.0	30.933231201327715	31.303459721690285	13.060130218307162	24.696795608323757	0.006383250351078769
44.0	30.945997702029874	31.392825226605385	12.957998212689903	24.696795608323757	0.006383250351078769
45.0	30.952380952380953	31.27792672028597	13.009064215498531	24.754244861483468	0.006383250351078769
46.0	30.920464700625562	31.341759223796757	13.047363717605004	24.6840291076216	0.006383250351078769
47.0	30.882165198519086	31.284309970637047	13.066513468658242	24.760628111834546	0.006383250351078769
48.0	31.016213455891737	31.252393718881656	13.02821396655177	24.696795608323757	0.006383250351078769
49.0	30.97791395378527	31.297076471339206	13.07289671900932	24.64572960551513	0.006383250351078769
50.0	31.022596706242815	31.175794714668708	13.034597216902846	24.760628111834546	0.006383250351078769
51.0	30.945997702029874	31.27792672028597	12.989914464445295	24.779777862887784	0.006383250351078769
52.0	31.022596706242815	31.284309970637047	12.996297714796373	24.69041235797268	0.006383250351078769
53.0	30.945997702029874	31.303459721690285	13.009064215498531	24.73509511043023	0.006383250351078769
54.0	31.016213455891737	31.271543469934894	13.002680965147453	24.70317885867484	0.006383250351078769
55.0	30.920464700625562	31.303459721690285	13.015447465849611	24.754244861483468	0.006383250351078769
56.0	30.97153070343419	31.25877696923273	13.015447465849611	24.74786161113239	0.006383250351078769
57.0	30.933231201327715	31.33537597344568	13.047363717605004	24.677645857270523	0.006383250351078769
58.0	30.990680454487425	31.373675475552147	12.957998212689903	24.671262606919445	0.006383250351078769
59.0	30.952380952380953	31.233243967828418	13.066513468658242	24.74147836078131	0.006383250351078769
60.0	30.990680454487425	31.43112472871186	12.957998212689903	24.613813353759735	0.006383250351078769
61.0	30.894931699221246	31.34814247414784	13.002680965147453	24.74786161113239	0.006383250351078769
62.0	30.984297204136347	31.360908974849995	12.977147963743137	24.671262606919445	0.006383250351078769
63.0	30.939614451678793	31.3289927230946	12.983531214094215	24.74147836078131	0.006383250351078769
64.0	31.016213455891737	31.360908974849995	12.906932209881273	24.709562109025914	0.006383250351078769
65.0	30.933231201327715	31.36729222520107	12.996297714796373	24.696795608323757	0.006383250351078769
66.0	30.96514745308311	31.399208476956463	12.970764713392061	24.658496106217285	0.006383250351078769
67.0	30.945997702029874	31.380058725903233	13.002680965147453	24.664879356568363	0.006383250351078769
68.0	30.933231201327715	31.34814247414784	12.951614962338823	24.760628111834546	0.006383250351078769
69.0	31.003446955189585	31.354525724498917	12.945231711987745	24.69041235797268	0.006383250351078769
70.0	31.009830205540663	31.309842972041363	12.977147963743137	24.696795608323757	0.006383250351078769
71.0	30.926847950976637	31.43112472871186	12.945231711987745	24.69041235797268	0.006383250351078769
72.0	30.97791395378527	31.43112472871186	12.951614962338823	24.632963104812973	0.006383250351078769
73.0	30.939614451678793	31.4183582280097	12.945231711987745	24.69041235797268	0.006383250351078769
74.0	30.920464700625562	31.411974977658623	13.015447465849611	24.64572960551513	0.006383250351078769
75.0	30.997063704838503	31.297076471339206	12.957998212689903	24.74147836078131	0.006383250351078769
76.0	30.997063704838503	31.297076471339206	13.009064215498531	24.69041235797268	0.006383250351078769
77.0	30.952380952380953	31.354525724498917	13.002680965147453	24.6840291076216	0.006383250351078769
78.0	31.03536320694498	31.3289927230946	12.977147963743137	24.652112855866207	0.006383250351078769
79.0	30.920464700625562	31.309842972041363	12.977147963743137	24.78616111323886	0.006383250351078769
80.0	30.9076981999234	31.399208476956463	13.009064215498531	24.677645857270523	0.006383250351078769
81.0	31.003446955189585	31.271543469934894	12.970764713392061	24.74786161113239	0.006383250351078769
82.0	30.86939869781693	31.399208476956463	13.047363717605004	24.677645857270523	0.006383250351078769
83.0	30.97791395378527	31.38644197625431	12.977147963743137	24.652112855866207	0.006383250351078769
84.0	30.901314949572324	31.33537597344568	13.02821396655177	24.72871186007915	0.006383250351078769
85.0	30.97153070343419	31.392825226605385	12.91969871058343	24.709562109025914	0.006383250351078769
86.0	30.933231201327715	31.399208476956463	13.02821396655177	24.632963104812973	0.006383250351078769
87.0	30.952380952380953	31.34814247414784	12.913315460232349	24.779777862887784	0.006383250351078769
88.0	30.850248946763692	31.443891229414017	13.053746967956084	24.64572960551513	0.006383250351078769
89.0	30.97153070343419	31.4183582280097	12.938848461636665	24.664879356568363	0.006383250351078769
90.0	30.882165198519086	31.36729222520107	13.07289671900932	24.671262606919445	0.006383250351078769
91.0	30.95876420273203	31.36729222520107	12.970764713392061	24.696795608323757	0.006383250351078769
92.0	30.9076981999234	31.4183582280097	13.009064215498531	24.658496106217285	0.006383250351078769
93.0	30.95876420273203	31.469424230818333	12.875015958125877	24.69041235797268	0.006383250351078769
94.0	30.95876420273203	31.309842972041363	12.996297714796373	24.72871186007915	0.006383250351078769
95.0	30.97791395378527	31.443891229414017	12.868632707774799	24.70317885867484	0.006383250351078769
96.0	30.894931699221246	31.34814247414784	12.989914464445295	24.760628111834546	0.006383250351078769
97.0	30.914081450274477	31.520490233626962	12.887782458828035	24.671262606919445	0.006383250351078769
98.0	30.92882221512927	31.407596552824767	12.965209064794129	24.698372167251836	0.0
