# Position (bp)	A	C	G	T	N
0.0	31.050345003833375	31.3953488372093	12.880143112701253	24.66777408637874	0.006388959877331971
1.0	30.86506516739075	31.408126756963966	13.039867109634551	24.680552006133404	0.006388959877331971
2.0	30.986455405060052	31.401737797086632	12.905698952210582	24.6997188857654	0.006388959877331971
3.0	30.87784308714541	31.478405315614616	13.039867109634551	24.597495527728086	0.006388959877331971
4.0	30.96728852542806	31.433682596473293	12.931254791719907	24.661385126501408	0.006388959877331971
5.0	30.871454127268084	31.401737797086632	13.020700230002555	24.6997188857654	0.006388959877331971
6.0	31.043956043956044	31.459238435982623	12.918476871965245	24.57193968821876	0.006388959877331971
7.0	30.916176846409403	31.433682596473293	12.988755430615894	24.654996166624073	0.006388959877331971
8.0	30.99284436493739	31.401737797086632	12.905698952210582	24.693329925888065	0.006388959877331971
9.0	30.813953488372093	31.459238435982623	13.027089189879886	24.693329925888065	0.006388959877331971
10.0	31.024789164324044	31.325070278558652	12.924865831842574	24.718885765397395	0.006388959877331971
11.0	30.833120368004092	31.38257091745464	13.039867109634551	24.73805264502939	0.006388959877331971
12.0	31.018400204446717	31.331459238435983	12.93764375159724	24.70610784564273	0.006388959877331971
13.0	30.86506516739075	31.401737797086632	13.084589828775876	24.64221824686941	0.006388959877331971
14.0	30.96728852542806	31.26756963966266	12.969588550983898	24.789164324048045	0.006388959877331971
15.0	30.85867620751342	31.38257091745464	13.046256069511882	24.70610784564273	0.006388959877331971
16.0	30.941732685918733	31.331459238435983	13.00153335037056	24.718885765397395	0.006388959877331971
17.0	30.89700996677741	31.318681318681318	13.033478149757219	24.744441604906722	0.006388959877331971
18.0	30.916176846409403	31.299514439049325	12.975977510861231	24.801942243802706	0.006388959877331971
19.0	30.96728852542806	31.305903398926656	13.059033989266547	24.661385126501408	0.006388959877331971
20.0	30.884232047022746	31.35701507794531	13.014311270125223	24.73805264502939	0.006388959877331971
21.0	30.87784308714541	31.242013800153334	13.039867109634551	24.833887043189367	0.006388959877331971
22.0	30.999233324814718	31.280347559417326	13.020700230002555	24.693329925888065	0.006388959877331971
23.0	30.89700996677741	31.318681318681318	13.033478149757219	24.744441604906722	0.006388959877331971
24.0	30.980066445182725	31.22284692052134	13.033478149757219	24.757219524661387	0.006388959877331971
25.0	30.884232047022746	31.331459238435983	13.06542294914388	24.71249680552006	0.006388959877331971
26.0	30.9353437260414	31.280347559417326	13.020700230002555	24.757219524661387	0.006388959877331971
27.0	30.90339892665474	31.36340403782264	13.020700230002555	24.70610784564273	0.006388959877331971
28.0	30.89700996677741	31.331459238435983	13.020700230002555	24.744441604906722	0.006388959877331971
29.0	30.980066445182725	31.325070278558652	12.988755430615894	24.6997188857654	0.006388959877331971
30.0	30.909787886532076	31.305903398926656	13.059033989266547	24.718885765397395	0.006388959877331971
31.0	30.92895476616407	31.26756963966266	13.033478149757219	24.763608484538718	0.006388959877331971
32.0	30.99284436493739	31.331459238435983	13.00792231024789	24.661385126501408	0.006388959877331971
33.0	30.92895476616407	31.331459238435983	13.059033989266547	24.67416304625607	0.006388959877331971
34.0	31.050345003833375	31.235624840276007	13.020700230002555	24.686940966010734	0.006388959877331971
35.0	30.87784308714541	31.388959877331967	13.00792231024789	24.718885765397395	0.006388959877331971
36.0	30.99284436493739	31.29312547917199	12.995144390493227	24.71249680552006	0.006388959877331971
37.0	30.916176846409403	31.27395859954	13.014311270125223	24.789164324048045	0.006388959877331971
38.0	30.980066445182725	31.350626118067982	12.982366470738564	24.680552006133404	0.006388959877331971
39.0	30.9353437260414	31.26756963966266	13.00153335037056	24.789164324048045	0.006388959877331971
40.0	31.03756708407871	31.28673651929466	12.956810631229235	24.71249680552006	0.006388959877331971
41.0	30.941732685918733	31.22923588039867	13.142090467671864	24.680552006133404	0.006388959877331971
42.0	31.06312292358804	31.254791719908	12.94403271147457	24.731663685152057	0.006388959877331971
43.0	30.92895476616407	31.305903398926656	13.059033989266547	24.6997188857654	0.006388959877331971
44.0	30.96728852542806	31.35701507794531	12.950421671351902	24.718885765397395	0.006388959877331971
45.0	30.954510605673395	31.299514439049325	12.982366470738564	24.757219524661387	0.006388959877331971
46.0	30.94812164579606	31.344237158190648	13.027089189879886	24.67416304625607	0.006388959877331971
47.0	30.87784308714541	31.28673651929466	13.046256069511882	24.782775364170714	0.006388959877331971
48.0	31.024789164324044	31.254791719908	13.014311270125223	24.6997188857654	0.006388959877331971
49.0	30.97367748530539	31.305903398926656	13.046256069511882	24.66777408637874	0.006388959877331971
50.0	31.012011244569383	31.203680040889342	13.00153335037056	24.776386404293383	0.006388959877331971
51.0	30.954510605673395	31.305903398926656	12.956810631229235	24.776386404293383	0.006388959877331971
52.0	31.018400204446717	31.299514439049325	12.969588550983898	24.70610784564273	0.006388959877331971
53.0	30.9353437260414	31.337848198313317	13.00153335037056	24.718885765397395	0.006388959877331971
54.0	30.999233324814718	31.28673651929466	12.995144390493227	24.71249680552006	0.006388959877331971
55.0	30.941732685918733	31.318681318681318	12.988755430615894	24.744441604906722	0.006388959877331971
56.0	30.9353437260414	31.280347559417326	13.014311270125223	24.763608484538718	0.006388959877331971
57.0	30.954510605673395	31.344237158190648	13.014311270125223	24.680552006133404	0.006388959877331971
58.0	30.96728852542806	31.408126756963966	12.950421671351902	24.66777408637874	0.006388959877331971
59.0	30.96728852542806	31.242013800153334	13.033478149757219	24.750830564784053	0.006388959877331971
60.0	30.96728852542806	31.440071556350624	12.93764375159724	24.648607206746743	0.006388959877331971
61.0	30.92256580628674	31.3953488372093	12.950421671351902	24.725274725274726	0.006388959877331971
62.0	30.986455405060052	31.369792997699975	12.94403271147457	24.693329925888065	0.006388959877331971
63.0	30.909787886532076	31.369792997699975	12.950421671351902	24.763608484538718	0.006388959877331971
64.0	31.012011244569383	31.401737797086632	12.880143112701253	24.6997188857654	0.006388959877331971
65.0	30.92256580628674	31.38257091745464	12.975977510861231	24.71249680552006	0.006388959877331971
66.0	30.9353437260414	31.44646051622796	12.963199591106566	24.648607206746743	0.006388959877331971
67.0	30.960899565550726	31.42090467671863	12.956810631229235	24.654996166624073	0.006388959877331971
68.0	30.909787886532076	31.388959877331967	12.924865831842574	24.76999744441605	0.006388959877331971
69.0	31.03756708407871	31.369792997699975	12.899309992333249	24.686940966010734	0.006388959877331971
70.0	30.980066445182725	31.337848198313317	12.969588550983898	24.70610784564273	0.006388959877331971
71.0	30.9353437260414	31.459238435982623	12.918476871965245	24.680552006133404	0.006388959877331971
72.0	30.92895476616407	31.47201635573729	12.918476871965245	24.67416304625607	0.006388959877331971
73.0	30.980066445182725	31.433682596473293	12.912087912087914	24.66777408637874	0.006388959877331971
74.0	30.87784308714541	31.440071556350624	13.00153335037056	24.67416304625607	0.006388959877331971
75.0	30.999233324814718	31.325070278558652	12.905698952210582	24.763608484538718	0.006388959877331971
76.0	30.954510605673395	31.325070278558652	12.995144390493227	24.718885765397395	0.006388959877331971
77.0	30.954510605673395	31.376181957577305	12.950421671351902	24.71249680552006	0.006388959877331971
78.0	31.043956043956044	31.337848198313317	12.956810631229235	24.654996166624073	0.006388959877331971
79.0	30.92895476616407	31.318681318681318	12.931254791719907	24.81472016355737	0.006388959877331971
80.0	30.92895476616407	31.388959877331967	12.969588550983898	24.70610784564273	0.006388959877331971
81.0	30.99284436493739	31.29312547917199	12.924865831842574	24.782775364170714	0.006388959877331971
82.0	30.87784308714541	31.369792997699975	13.020700230002555	24.725274725274726	0.006388959877331971
83.0	30.980066445182725	31.388959877331967	12.950421671351902	24.67416304625607	0.006388959877331971
84.0	30.87784308714541	31.344237158190648	12.988755430615894	24.782775364170714	0.006388959877331971
85.0	30.97367748530539	31.414515716841297	12.86736519294659	24.73805264502939	0.006388959877331971
86.0	30.909787886532076	31.414515716841297	12.995144390493227	24.67416304625607	0.006388959877331971
87.0	30.97367748530539	31.36340403782264	12.86736519294659	24.789164324048045	0.006388959877331971
88.0	30.852287247636085	31.45284947610529	13.020700230002555	24.66777408637874	0.006388959877331971
89.0	30.96728852542806	31.433682596473293	12.899309992333249	24.693329925888065	0.006388959877331971
90.0	30.86506516739075	31.388959877331967	13.059033989266547	24.680552006133404	0.006388959877331971
91.0	30.92895476616407	31.42090467671863	12.931254791719907	24.71249680552006	0.006388959877331971
92.0	30.92895476616407	31.408126756963966	12.975977510861231	24.680552006133404	0.006388959877331971
93.0	30.954510605673395	31.49118323536928	12.80347559417327	24.744441604906722	0.006388959877331971
94.0	30.99284436493739	31.325070278558652	12.963199591106566	24.71249680552006	0.006388959877331971
95.0	30.94812164579606	31.48479427549195	12.816253513927933	24.744441604906722	0.006388959877331971
96.0	30.89700996677741	31.388959877331967	12.94403271147457	24.763608484538718	0.006388959877331971
97.0	30.87784308714541	31.5742397137746	12.841809353437261	24.6997188857654	0.006388959877331971
98.0	30.937320299022424	31.435691010159093	12.912912912912914	24.714075777905563	0.0
