# Position (bp)	A	C	G	T	N
0.0	31.027427913816254	31.39185474074548	12.895594910811328	24.67872898152292	0.006393453104021481
1.0	30.89955885173582	31.43660891247363	13.042644332203823	24.614794450482705	0.006393453104021481
2.0	30.957099929672015	31.38546128764145	12.959529441851544	24.691515887730965	0.006393453104021481
3.0	30.89955885173582	31.468576177993736	13.023463972891758	24.602007544274663	0.006393453104021481
4.0	30.976280288984082	31.430215459369602	12.946742535643502	24.640368262898793	0.006393453104021481
5.0	30.88677194552778	31.404641646953518	13.023463972891758	24.67872898152292	0.006393453104021481
6.0	31.040214820024296	31.44939581868167	12.93395562943546	24.570040278754554	0.006393453104021481
7.0	30.8931653986318	31.44939581868167	12.991496707371653	24.659548622210856	0.006393453104021481
8.0	30.976280288984082	31.39185474074548	12.93395562943546	24.691515887730965	0.006393453104021481
9.0	30.78447669586344	31.474969631097753	13.049037785307846	24.68512243462694	0.006393453104021481
10.0	31.008247554504187	31.340707115913304	12.953135988747523	24.691515887730965	0.006393453104021481
11.0	30.810050508279524	31.411035100057543	13.049037785307846	24.72348315325107	0.006393453104021481
12.0	31.001854101400166	31.340707115913304	12.953135988747523	24.697909340834983	0.006393453104021481
13.0	30.84841122690365	31.38546128764145	13.074611597723932	24.68512243462694	0.006393453104021481
14.0	30.969886835880057	31.276772584873093	12.997890160475672	24.749056965667158	0.006393453104021481
15.0	30.873985039319734	31.39185474074548	13.049037785307846	24.67872898152292	0.006393453104021481
16.0	30.918739211047885	31.340707115913304	13.0362508790998	24.697909340834983	0.006393453104021481
17.0	30.88677194552778	31.372674381433413	13.0362508790998	24.697909340834983	0.006393453104021481
18.0	30.88677194552778	31.327920209705262	13.023463972891758	24.755450418771176	0.006393453104021481
19.0	30.950706476567998	31.34710056901733	13.061824691515888	24.633974809794772	0.006393453104021481
20.0	30.84201777379963	31.379067834537434	13.055431238411867	24.71708970014705	0.006393453104021481
21.0	30.88037849242376	31.289559491081132	13.02985742599578	24.79381113739531	0.006393453104021481
22.0	30.969886835880057	31.308739850393195	13.02985742599578	24.68512243462694	0.006393453104021481
23.0	30.88037849242376	31.34710056901733	13.02985742599578	24.736270059459116	0.006393453104021481
24.0	30.957099929672015	31.257592225561027	13.023463972891758	24.755450418771176	0.006393453104021481
25.0	30.873985039319734	31.359887475225367	13.068218144619909	24.691515887730965	0.006393453104021481
26.0	30.92513266415191	31.302346397289178	13.004283613579695	24.7618438718752	0.006393453104021481
27.0	30.89955885173582	31.39185474074548	13.010677066683716	24.691515887730965	0.006393453104021481
28.0	30.88677194552778	31.359887475225367	12.97870980116361	24.76823732497922	0.006393453104021481
29.0	30.94431302346397	31.353494022121346	13.010677066683716	24.68512243462694	0.006393453104021481
30.0	30.912345757943864	31.353494022121346	13.010677066683716	24.71708970014705	0.006393453104021481
31.0	30.92513266415191	31.308739850393195	13.068218144619909	24.691515887730965	0.006393453104021481
32.0	30.969886835880057	31.34710056901733	13.004283613579695	24.6723355284189	0.006393453104021481
33.0	30.937919570359952	31.34710056901733	13.081005050827951	24.627581356690747	0.006393453104021481
34.0	31.040214820024296	31.232018413144942	13.049037785307846	24.6723355284189	0.006393453104021481
35.0	30.88037849242376	31.411035100057543	13.017070519787739	24.68512243462694	0.006393453104021481
36.0	30.98906719519212	31.302346397289178	13.010677066683716	24.691515887730965	0.006393453104021481
37.0	30.918739211047885	31.315133303497216	13.010677066683716	24.749056965667158	0.006393453104021481
38.0	30.969886835880057	31.39185474074548	12.965922894955565	24.665942075314877	0.006393453104021481
39.0	30.912345757943864	31.32152675660124	12.991496707371653	24.76823732497922	0.006393453104021481
40.0	31.008247554504187	31.32152675660124	12.940349082539479	24.72348315325107	0.006393453104021481
41.0	30.905952304839847	31.295952944185156	13.132152675660125	24.659548622210856	0.006393453104021481
42.0	30.995460648296145	31.302346397289178	12.953135988747523	24.742663512563134	0.006393453104021481
43.0	30.950706476567998	31.334313662809283	13.0362508790998	24.6723355284189	0.006393453104021481
44.0	30.93152611725593	31.411035100057543	12.927562176331437	24.72348315325107	0.006393453104021481
45.0	30.950706476567998	31.302346397289178	12.98510325426763	24.755450418771176	0.006393453104021481
46.0	30.937919570359952	31.379067834537434	12.997890160475672	24.67872898152292	0.006393453104021481
47.0	30.88037849242376	31.315133303497216	13.049037785307846	24.749056965667158	0.006393453104021481
48.0	30.98906719519212	31.295952944185156	12.98510325426763	24.72348315325107	0.006393453104021481
49.0	30.982673742088103	31.334313662809283	13.049037785307846	24.627581356690747	0.006393453104021481
50.0	31.001854101400166	31.206444600728855	13.017070519787739	24.76823732497922	0.006393453104021481
51.0	30.957099929672015	31.334313662809283	12.946742535643502	24.755450418771176	0.006393453104021481
52.0	30.982673742088103	31.315133303497216	12.991496707371653	24.704302793939007	0.006393453104021481
53.0	30.963493382776036	31.36628092832939	12.953135988747523	24.71069624704303	0.006393453104021481
54.0	30.98906719519212	31.32152675660124	12.97870980116361	24.704302793939007	0.006393453104021481
55.0	30.94431302346397	31.36628092832939	12.946742535643502	24.736270059459116	0.006393453104021481
56.0	30.937919570359952	31.295952944185156	12.997890160475672	24.7618438718752	0.006393453104021481
57.0	30.918739211047885	31.38546128764145	12.98510325426763	24.704302793939007	0.006393453104021481
58.0	30.963493382776036	31.404641646953518	12.959529441851544	24.665942075314877	0.006393453104021481
59.0	30.963493382776036	31.263985678665048	13.02985742599578	24.736270059459116	0.006393453104021481
60.0	30.976280288984082	31.44939581868167	12.946742535643502	24.621187903586726	0.006393453104021481
61.0	30.918739211047885	31.372674381433413	12.965922894955565	24.736270059459116	0.006393453104021481
62.0	30.950706476567998	31.372674381433413	12.972316348059588	24.697909340834983	0.006393453104021481
63.0	30.918739211047885	31.353494022121346	12.965922894955565	24.755450418771176	0.006393453104021481
64.0	30.976280288984082	31.398248193849497	12.889201457707308	24.72987660635509	0.006393453104021481
65.0	30.957099929672015	31.372674381433413	12.959529441851544	24.704302793939007	0.006393453104021481
66.0	30.93152611725593	31.423822006265585	12.959529441851544	24.67872898152292	0.006393453104021481
67.0	31.001854101400166	31.404641646953518	12.946742535643502	24.640368262898793	0.006393453104021481
68.0	30.912345757943864	31.39185474074548	12.940349082539479	24.749056965667158	0.006393453104021481
69.0	31.05300172623234	31.359887475225367	12.895594910811328	24.68512243462694	0.006393453104021481
70.0	31.021034460712233	31.327920209705262	12.953135988747523	24.691515887730965	0.006393453104021481
71.0	30.976280288984082	31.443002365577648	12.895594910811328	24.67872898152292	0.006393453104021481
72.0	30.950706476567998	31.44939581868167	12.940349082539479	24.653155169106835	0.006393453104021481
73.0	30.982673742088103	31.443002365577648	12.882808004603286	24.68512243462694	0.006393453104021481
74.0	30.8931653986318	31.43660891247363	13.004283613579695	24.659548622210856	0.006393453104021481
75.0	31.021034460712233	31.32152675660124	12.921168723227417	24.72987660635509	0.006393453104021481
76.0	30.982673742088103	31.32152675660124	13.004283613579695	24.68512243462694	0.006393453104021481
77.0	30.957099929672015	31.34710056901733	12.97870980116361	24.71069624704303	0.006393453104021481
78.0	31.01464100760821	31.340707115913304	12.959529441851544	24.67872898152292	0.006393453104021481
79.0	30.89955885173582	31.315133303497216	12.946742535643502	24.832171856019436	0.006393453104021481
80.0	30.905952304839847	31.38546128764145	12.997890160475672	24.704302793939007	0.006393453104021481
81.0	31.01464100760821	31.257592225561027	12.927562176331437	24.79381113739531	0.006393453104021481
82.0	30.867591586215713	31.372674381433413	13.049037785307846	24.704302793939007	0.006393453104021481
83.0	30.98906719519212	31.379067834537434	12.940349082539479	24.68512243462694	0.006393453104021481
84.0	30.88037849242376	31.340707115913304	13.023463972891758	24.749056965667158	0.006393453104021481
85.0	30.995460648296145	31.39185474074548	12.895594910811328	24.71069624704303	0.006393453104021481
86.0	30.92513266415191	31.38546128764145	13.010677066683716	24.6723355284189	0.006393453104021481
87.0	30.969886835880057	31.340707115913304	12.889201457707308	24.79381113739531	0.006393453104021481
88.0	30.854804680007675	31.430215459369602	13.0362508790998	24.6723355284189	0.006393453104021481
89.0	30.976280288984082	31.411035100057543	12.921168723227417	24.68512243462694	0.006393453104021481
90.0	30.873985039319734	31.353494022121346	13.042644332203823	24.72348315325107	0.006393453104021481
91.0	30.976280288984082	31.353494022121346	12.959529441851544	24.704302793939007	0.006393453104021481
92.0	30.92513266415191	31.411035100057543	12.959529441851544	24.697909340834983	0.006393453104021481
93.0	30.950706476567998	31.44939581868167	12.8572341921872	24.736270059459116	0.006393453104021481
94.0	30.963493382776036	31.32152675660124	12.946742535643502	24.7618438718752	0.006393453104021481
95.0	30.957099929672015	31.443002365577648	12.870021098395243	24.72348315325107	0.006393453104021481
96.0	30.8931653986318	31.327920209705262	12.965922894955565	24.80659804360335	0.006393453104021481
97.0	30.918739211047885	31.53251070903395	12.882808004603286	24.659548622210856	0.006393453104021481
98.0	30.946291560102303	31.393861892583118	12.953964194373402	24.705882352941178	0.0
