# Position (bp)	A	C	G	T	N
0.0	31.05411283100934	31.34194703850582	12.894972495842394	24.702571318920302	0.006396315722144046
1.0	30.91339388512217	31.393117564282974	13.035691441729563	24.65140079314315	0.006396315722144046
2.0	30.996545989510043	31.316361775617246	12.939746705897404	24.740949213253167	0.006396315722144046
3.0	30.926186516566457	31.45068440578227	13.016502494563131	24.600230267365998	0.006396315722144046
4.0	31.002942305232185	31.393117564282974	12.933350390175258	24.664193424587438	0.006396315722144046
5.0	30.91339388512217	31.380324932838683	13.022898810285275	24.676986056031723	0.006396315722144046
6.0	31.066905462453626	31.393117564282974	12.933350390175258	24.600230267365998	0.006396315722144046
7.0	30.91339388512217	31.43149545861584	13.003709863118843	24.645004477421008	0.006396315722144046
8.0	31.022131252398616	31.348343354227964	12.939746705897404	24.683382371753872	0.006396315722144046
9.0	30.836638096456443	31.43149545861584	13.042087757451709	24.683382371753872	0.006396315722144046
10.0	31.04132019956505	31.322758091339388	12.933350390175258	24.69617500319816	0.006396315722144046
11.0	30.855827043622874	31.37392861711654	13.054880388895995	24.708967634642445	0.006396315722144046
12.0	31.022131252398616	31.29077651272867	12.946143021619546	24.734552897531024	0.006396315722144046
13.0	30.919790200844314	31.348343354227964	13.067673020340283	24.657797108865292	0.006396315722144046
14.0	30.990149673787897	31.25879493411795	12.971728284508124	24.772930791863885	0.006396315722144046
15.0	30.919790200844314	31.37392861711654	13.035691441729563	24.664193424587438	0.006396315722144046
16.0	30.96456441089932	31.284380197006524	13.016502494563131	24.72815658180888	0.006396315722144046
17.0	30.900601253677884	31.33555072278368	13.035691441729563	24.721760266086733	0.006396315722144046
18.0	30.93897914801075	31.297172828450815	12.990917231674556	24.76653447614174	0.006396315722144046
19.0	30.970960726621467	31.297172828450815	13.067673020340283	24.657797108865292	0.006396315722144046
20.0	30.906997569400023	31.329154407061534	13.022898810285275	24.734552897531024	0.006396315722144046
21.0	30.906997569400023	31.21402072406294	13.042087757451709	24.830497633363183	0.006396315722144046
22.0	31.015734936676477	31.24600230267366	13.022898810285275	24.708967634642445	0.006396315722144046
23.0	30.926186516566457	31.26519124984009	13.035691441729563	24.76653447614174	0.006396315722144046
24.0	30.970960726621467	31.239605986951517	13.035691441729563	24.74734552897531	0.006396315722144046
25.0	30.919790200844314	31.303569144172954	13.067673020340283	24.702571318920302	0.006396315722144046
26.0	30.95816809517718	31.284380197006524	12.990917231674556	24.760138160419597	0.006396315722144046
27.0	30.945375463732887	31.329154407061534	13.010106178840989	24.708967634642445	0.006396315722144046
28.0	30.91339388512217	31.34194703850582	12.98452091595241	24.753741844697455	0.006396315722144046
29.0	30.990149673787897	31.29077651272867	12.997313547396699	24.71536395036459	0.006396315722144046
30.0	30.93897914801075	31.3099654598951	13.035691441729563	24.708967634642445	0.006396315722144046
31.0	30.96456441089932	31.27798388128438	13.035691441729563	24.71536395036459	0.006396315722144046
32.0	31.015734936676477	31.3099654598951	13.010106178840989	24.657797108865292	0.006396315722144046
33.0	30.98375335806575	31.29077651272867	13.061276704618141	24.657797108865292	0.006396315722144046
34.0	31.034923883842907	31.23320967122937	13.054880388895995	24.67058974030958	0.006396315722144046
35.0	30.900601253677884	31.399513880005113	13.003709863118843	24.689778687476014	0.006396315722144046
36.0	31.00933862095433	31.27798388128438	12.997313547396699	24.708967634642445	0.006396315722144046
37.0	30.951771779455033	31.271587565562236	13.016502494563131	24.753741844697455	0.006396315722144046
38.0	31.015734936676477	31.34194703850582	12.958935653063836	24.676986056031723	0.006396315722144046
39.0	30.95816809517718	31.24600230267366	12.98452091595241	24.804912370474607	0.006396315722144046
40.0	31.07330177817577	31.26519124984009	12.939746705897404	24.71536395036459	0.006396315722144046
41.0	30.945375463732887	31.239605986951517	13.131636177561726	24.676986056031723	0.006396315722144046
42.0	31.066905462453626	31.27798388128438	12.939746705897404	24.708967634642445	0.006396315722144046
43.0	30.96456441089932	31.29077651272867	13.035691441729563	24.702571318920302	0.006396315722144046
44.0	30.977357042343613	31.38672124856083	12.939746705897404	24.689778687476014	0.006396315722144046
45.0	30.95816809517718	31.284380197006524	12.978124600230267	24.772930791863885	0.006396315722144046
46.0	30.977357042343613	31.329154407061534	13.003709863118843	24.683382371753872	0.006396315722144046
47.0	30.91339388512217	31.25879493411795	13.061276704618141	24.760138160419597	0.006396315722144046
48.0	31.02852756812076	31.25879493411795	13.003709863118843	24.702571318920302	0.006396315722144046
49.0	31.00933862095433	31.316361775617246	13.02929512600742	24.638608161698862	0.006396315722144046
50.0	31.047716515287192	31.175642829730076	13.003709863118843	24.76653447614174	0.006396315722144046
51.0	30.95816809517718	31.27798388128438	12.971728284508124	24.785723423308177	0.006396315722144046
52.0	31.034923883842907	31.27798388128438	12.978124600230267	24.702571318920302	0.006396315722144046
53.0	30.977357042343613	31.297172828450815	12.98452091595241	24.734552897531024	0.006396315722144046
54.0	31.00933862095433	31.271587565562236	12.997313547396699	24.71536395036459	0.006396315722144046
55.0	30.932582832288603	31.316361775617246	13.010106178840989	24.734552897531024	0.006396315722144046
56.0	30.990149673787897	31.25879493411795	12.997313547396699	24.74734552897531	0.006396315722144046
57.0	30.945375463732887	31.316361775617246	13.035691441729563	24.69617500319816	0.006396315722144046
58.0	31.002942305232185	31.38672124856083	12.952539337341692	24.65140079314315	0.006396315722144046
59.0	30.996545989510043	31.252398618395805	13.016502494563131	24.72815658180888	0.006396315722144046
60.0	31.002942305232185	31.425099142893693	12.946143021619546	24.619419214532428	0.006396315722144046
61.0	30.906997569400023	31.36113598567225	12.978124600230267	24.74734552897531	0.006396315722144046
62.0	31.002942305232185	31.36113598567225	12.978124600230267	24.65140079314315	0.006396315722144046
63.0	30.95816809517718	31.33555072278368	12.978124600230267	24.721760266086733	0.006396315722144046
64.0	31.015734936676477	31.37392861711654	12.914161443008826	24.689778687476014	0.006396315722144046
65.0	30.95816809517718	31.38672124856083	12.978124600230267	24.67058974030958	0.006396315722144046
66.0	30.98375335806575	31.40591019572726	12.958935653063836	24.645004477421008	0.006396315722144046
67.0	30.95816809517718	31.38672124856083	12.990917231674556	24.657797108865292	0.006396315722144046
68.0	30.945375463732887	31.35473966995011	12.946143021619546	24.74734552897531	0.006396315722144046
69.0	31.015734936676477	31.393117564282974	12.914161443008826	24.67058974030958	0.006396315722144046
70.0	31.015734936676477	31.322758091339388	12.958935653063836	24.69617500319816	0.006396315722144046
71.0	30.926186516566457	31.444288090060123	12.939746705897404	24.683382371753872	0.006396315722144046
72.0	30.970960726621467	31.437891774337984	12.946143021619546	24.638608161698862	0.006396315722144046
73.0	30.95816809517718	31.437891774337984	12.920557758730972	24.676986056031723	0.006396315722144046
74.0	30.932582832288603	31.40591019572726	13.016502494563131	24.638608161698862	0.006396315722144046
75.0	31.002942305232185	31.329154407061534	12.933350390175258	24.72815658180888	0.006396315722144046
76.0	31.00933862095433	31.329154407061534	12.990917231674556	24.664193424587438	0.006396315722144046
77.0	30.951771779455033	31.37392861711654	12.98452091595241	24.683382371753872	0.006396315722144046
78.0	31.04132019956505	31.34194703850582	12.965331968785978	24.645004477421008	0.006396315722144046
79.0	30.919790200844314	31.34194703850582	12.939746705897404	24.79211973903032	0.006396315722144046
80.0	30.932582832288603	31.40591019572726	12.997313547396699	24.657797108865292	0.006396315722144046
81.0	30.990149673787897	31.284380197006524	12.946143021619546	24.772930791863885	0.006396315722144046
82.0	30.881412306511454	31.399513880005113	13.042087757451709	24.67058974030958	0.006396315722144046
83.0	30.977357042343613	31.399513880005113	12.965331968785978	24.65140079314315	0.006396315722144046
84.0	30.906997569400023	31.35473966995011	13.016502494563131	24.71536395036459	0.006396315722144046
85.0	30.96456441089932	31.425099142893693	12.90136881156454	24.702571318920302	0.006396315722144046
86.0	30.970960726621467	31.393117564282974	13.003709863118843	24.625815530254574	0.006396315722144046
87.0	30.93897914801075	31.37392861711654	12.90136881156454	24.77932710758603	0.006396315722144046
88.0	30.843034412178582	31.463477037226557	13.048484073173853	24.638608161698862	0.006396315722144046
89.0	30.98375335806575	31.45068440578227	12.907765127286682	24.65140079314315	0.006396315722144046
90.0	30.906997569400023	31.37392861711654	13.042087757451709	24.67058974030958	0.006396315722144046
91.0	30.932582832288603	31.40591019572726	12.958935653063836	24.69617500319816	0.006396315722144046
92.0	30.945375463732887	31.437891774337984	12.971728284508124	24.638608161698862	0.006396315722144046
93.0	30.93897914801075	31.482665984392987	12.862990917231675	24.708967634642445	0.006396315722144046
94.0	30.977357042343613	31.329154407061534	12.978124600230267	24.708967634642445	0.006396315722144046
95.0	30.951771779455033	31.50185493155942	12.843801970065241	24.69617500319816	0.006396315722144046
96.0	30.926186516566457	31.380324932838683	12.971728284508124	24.71536395036459	0.006396315722144046
97.0	30.894204937955738	31.559421773058716	12.862990917231675	24.676986056031723	0.006396315722144046
98.0	30.960148404017147	31.43350604490501	12.966161325401396	24.640184225676453	0.0
