# Position (bp)	A	C	G	T	N
0.0	31.063216590439197	31.3012969112211	12.981642754213397	24.647578472526785	0.00626527159952384
1.0	31.05695131883967	31.376480170415388	12.881398408621013	24.678904830524402	0.00626527159952384
2.0	31.05068604724015	31.40154125681348	12.90645949501911	24.635047929327737	0.00626527159952384
3.0	31.013094417643007	31.33262326921872	12.97537748261387	24.67263955892488	0.00626527159952384
4.0	30.975502788045862	31.42660234321158	12.90645949501911	24.685170102123926	0.00626527159952384
5.0	31.0381555040411	31.42660234321158	12.89392895182006	24.635047929327737	0.00626527159952384
6.0	31.019359689242528	31.34515381241777	12.97537748261387	24.65384374412631	0.00626527159952384
7.0	30.96923751644634	31.4328676148111	12.918990038218157	24.67263955892488	0.00626527159952384
8.0	30.988033331244907	31.42660234321158	12.962846939414824	24.616252114529164	0.00626527159952384
9.0	31.03189023244158	31.439132886410626	12.868867865421965	24.65384374412631	0.00626527159952384
10.0	31.03189023244158	31.338888540818242	12.918990038218157	24.7039659169225	0.00626527159952384
11.0	30.975502788045862	31.376480170415388	12.969112211014346	24.67263955892488	0.00626527159952384
12.0	31.00682914604348	31.45166342960967	12.912724766618632	24.62251738612869	0.00626527159952384
13.0	30.981768059645386	31.34515381241777	12.93778585301673	24.729027003320596	0.00626527159952384
14.0	31.05068604724015	31.376480170415388	12.93778585301673	24.628782657728213	0.00626527159952384
15.0	30.937911158448717	31.414071800012533	12.97537748261387	24.666374287325354	0.00626527159952384
16.0	31.0381555040411	31.370214898815863	12.931520581417205	24.65384374412631	0.00626527159952384
17.0	30.975502788045862	31.40154125681348	12.981642754213397	24.635047929327737	0.00626527159952384
18.0	31.00682914604348	31.338888540818242	12.981642754213397	24.666374287325354	0.00626527159952384
19.0	30.95670697324729	31.39527598521396	12.93778585301673	24.7039659169225	0.00626527159952384
20.0	30.981768059645386	31.39527598521396	12.97537748261387	24.641313200927257	0.00626527159952384
21.0	31.013094417643007	31.26997055322348	12.994173297412443	24.716496460121544	0.00626527159952384
22.0	30.919115343650148	31.45166342960967	12.981642754213397	24.641313200927257	0.00626527159952384
23.0	31.019359689242528	31.33262326921872	13.006703840611491	24.635047929327737	0.00626527159952384
24.0	30.89405425725205	31.376480170415388	12.950316396215774	24.77288390451726	0.00626527159952384
25.0	31.03189023244158	31.370214898815863	12.93778585301673	24.65384374412631	0.00626527159952384
26.0	30.92538061524967	31.35141908401729	13.050560741808157	24.666374287325354	0.00626527159952384
27.0	30.94417643004824	31.338888540818242	13.031764927009586	24.678904830524402	0.00626527159952384
28.0	30.919115343650148	31.370214898815863	12.987908025812919	24.716496460121544	0.00626527159952384
29.0	30.937911158448717	31.35141908401729	13.044295470208633	24.66010901572583	0.00626527159952384
30.0	30.919115343650148	31.31382745442015	13.006703840611491	24.75408808971869	0.00626527159952384
31.0	30.92538061524967	31.414071800012533	13.012969112211014	24.641313200927257	0.00626527159952384
32.0	30.95670697324729	31.370214898815863	13.03803019860911	24.628782657728213	0.00626527159952384
33.0	30.981768059645386	31.307562182820625	13.056826013407683	24.647578472526785	0.00626527159952384
34.0	30.89405425725205	31.40780652841301	13.031764927009586	24.66010901572583	0.00626527159952384
35.0	30.988033331244907	31.29503163962158	13.044295470208633	24.666374287325354	0.00626527159952384
36.0	30.937911158448717	31.39527598521396	13.02549965541006	24.635047929327737	0.00626527159952384
37.0	30.975502788045862	31.370214898815863	13.019234383810538	24.628782657728213	0.00626527159952384
38.0	30.96923751644634	31.251174738424908	13.056826013407683	24.716496460121544	0.00626527159952384
39.0	30.912850072050624	31.35141908401729	13.012969112211014	24.716496460121544	0.00626527159952384
40.0	30.9065848004511	31.376480170415388	13.006703840611491	24.7039659169225	0.00626527159952384
41.0	30.931645886849196	31.33262326921872	13.03803019860911	24.69143537372345	0.00626527159952384
42.0	30.96923751644634	31.33262326921872	12.987908025812919	24.7039659169225	0.00626527159952384
43.0	30.881523714053007	31.276235824823008	13.050560741808157	24.78541444771631	0.00626527159952384
44.0	31.00056387444396	31.32009272601967	13.044295470208633	24.628782657728213	0.00626527159952384
45.0	31.0381555040411	31.226113652026815	13.031764927009586	24.697700645322975	0.00626527159952384
46.0	30.994298602844434	31.326357997619198	13.006703840611491	24.666374287325354	0.00626527159952384
47.0	30.95670697324729	31.370214898815863	13.044295470208633	24.62251738612869	0.00626527159952384
48.0	31.03189023244158	31.288766368022053	12.969112211014346	24.7039659169225	0.00626527159952384
49.0	30.95670697324729	31.244909466825387	13.044295470208633	24.747822818119168	0.00626527159952384
50.0	31.00682914604348	31.31382745442015	13.03803019860911	24.635047929327737	0.00626527159952384
51.0	31.05695131883967	31.307562182820625	13.031764927009586	24.597456299730595	0.00626527159952384
52.0	30.919115343650148	31.29503163962158	13.000438569011965	24.779149176116785	0.00626527159952384
53.0	30.937911158448717	31.31382745442015	13.019234383810538	24.72276173172107	0.00626527159952384
54.0	30.94417643004824	31.34515381241777	13.06935655660673	24.635047929327737	0.00626527159952384
55.0	30.994298602844434	31.26997055322348	13.031764927009586	24.697700645322975	0.00626527159952384
56.0	30.994298602844434	31.33262326921872	13.03803019860911	24.628782657728213	0.00626527159952384
57.0	30.94417643004824	31.34515381241777	13.063091285007205	24.641313200927257	0.00626527159952384
58.0	30.994298602844434	31.3012969112211	13.056826013407683	24.641313200927257	0.00626527159952384
59.0	31.013094417643007	31.288766368022053	13.044295470208633	24.647578472526785	0.00626527159952384
60.0	30.96923751644634	31.35141908401729	13.006703840611491	24.666374287325354	0.00626527159952384
61.0	31.03189023244158	31.31382745442015	13.0881523714053	24.55986467013345	0.00626527159952384
62.0	30.988033331244907	31.376480170415388	13.012969112211014	24.616252114529164	0.00626527159952384
63.0	30.962972244846814	31.33262326921872	13.050560741808157	24.647578472526785	0.00626527159952384
64.0	31.025624960842052	31.33262326921872	13.044295470208633	24.59119102813107	0.00626527159952384
65.0	30.96923751644634	31.29503163962158	13.044295470208633	24.685170102123926	0.00626527159952384
66.0	31.0381555040411	31.33262326921872	13.031764927009586	24.59119102813107	0.00626527159952384
67.0	30.96923751644634	31.282501096422532	13.063091285007205	24.678904830524402	0.00626527159952384
68.0	31.00682914604348	31.3012969112211	13.02549965541006	24.66010901572583	0.00626527159952384
69.0	31.05695131883967	31.26997055322348	13.02549965541006	24.641313200927257	0.00626527159952384
70.0	30.931645886849196	31.389010713614436	13.006703840611491	24.666374287325354	0.00626527159952384
71.0	31.013094417643007	31.244909466825387	13.094417643004824	24.641313200927257	0.00626527159952384
72.0	31.044420775640624	31.251174738424908	13.03803019860911	24.66010901572583	0.00626527159952384
73.0	30.95044170164777	31.382745442014908	13.031764927009586	24.628782657728213	0.00626527159952384
74.0	31.00056387444396	31.282501096422532	12.987908025812919	24.72276173172107	0.00626527159952384
75.0	30.994298602844434	31.326357997619198	13.056826013407683	24.616252114529164	0.00626527159952384
76.0	30.981768059645386	31.357684355616815	12.950316396215774	24.7039659169225	0.00626527159952384
77.0	31.00682914604348	31.288766368022053	13.03803019860911	24.66010901572583	0.00626527159952384
78.0	30.981768059645386	31.26997055322348	13.03803019860911	24.7039659169225	0.00626527159952384
79.0	30.981768059645386	31.31382745442015	13.044295470208633	24.65384374412631	0.00626527159952384
80.0	30.962972244846814	31.276235824823008	13.06935655660673	24.685170102123926	0.00626527159952384
81.0	30.975502788045862	31.3012969112211	13.019234383810538	24.697700645322975	0.00626527159952384
82.0	30.95670697324729	31.376480170415388	13.012969112211014	24.647578472526785	0.00626527159952384
83.0	30.94417643004824	31.35141908401729	13.063091285007205	24.635047929327737	0.00626527159952384
84.0	30.919115343650148	31.376480170415388	13.019234383810538	24.678904830524402	0.00626527159952384
85.0	30.9065848004511	31.3012969112211	13.0881523714053	24.697700645322975	0.00626527159952384
86.0	30.988033331244907	31.370214898815863	13.012969112211014	24.62251738612869	0.00626527159952384
87.0	30.95044170164777	31.35141908401729	12.981642754213397	24.710231188522023	0.00626527159952384
88.0	30.87525844245348	31.370214898815863	13.03803019860911	24.710231188522023	0.00626527159952384
89.0	30.887788985652527	31.376480170415388	13.03803019860911	24.69143537372345	0.00626527159952384
90.0	30.89405425725205	31.40154125681348	13.012969112211014	24.685170102123926	0.00626527159952384
91.0	30.981768059645386	31.33262326921872	13.000438569011965	24.678904830524402	0.00626527159952384
92.0	30.868993170853958	31.39527598521396	13.044295470208633	24.685170102123926	0.00626527159952384
93.0	30.975502788045862	31.33262326921872	13.019234383810538	24.666374287325354	0.00626527159952384
94.0	30.856462627654906	31.420337071612053	12.931520581417205	24.78541444771631	0.00626527159952384
95.0	30.95670697324729	31.389010713614436	12.987908025812919	24.66010901572583	0.00626527159952384
96.0	30.962972244846814	31.32009272601967	12.987908025812919	24.72276173172107	0.00626527159952384
97.0	30.95044170164777	31.389010713614436	12.969112211014346	24.685170102123926	0.00626527159952384
98.0	30.931645886849196	31.363949627216343	12.987908025812919	24.710231188522023	0.00626527159952384
99.0	30.981768059645386	31.282501096422532	13.012969112211014	24.716496460121544	0.00626527159952384
100.0	30.962972244846814	31.363949627216343	12.97537748261387	24.69143537372345	0.00626527159952384
101.0	31.019359689242528	31.282501096422532	12.981642754213397	24.710231188522023	0.00626527159952384
102.0	30.912850072050624	31.39527598521396	12.9565816678153	24.729027003320596	0.00626527159952384
103.0	30.94417643004824	31.376480170415388	12.89392895182006	24.779149176116785	0.00626527159952384
104.0	30.981768059645386	31.35141908401729	12.944051124616252	24.716496460121544	0.00626527159952384
105.0	30.988033331244907	31.3012969112211	12.969112211014346	24.735292274920116	0.00626527159952384
106.0	30.994298602844434	31.357684355616815	12.962846939414824	24.678904830524402	0.00626527159952384
107.0	30.975502788045862	31.34515381241777	12.969112211014346	24.7039659169225	0.00626527159952384
108.0	30.919115343650148	31.3012969112211	13.000438569011965	24.77288390451726	0.00626527159952384
109.0	31.113338763235387	31.26370528162396	12.900194223419586	24.716496460121544	0.00626527159952384
110.0	31.00682914604348	31.338888540818242	12.875133137021491	24.77288390451726	0.00626527159952384
111.0	30.975502788045862	31.29503163962158	12.950316396215774	24.77288390451726	0.00626527159952384
112.0	31.08827767683729	31.35141908401729	12.925255309817679	24.628782657728213	0.00626527159952384
113.0	31.025624960842052	31.29503163962158	12.925255309817679	24.747822818119168	0.00626527159952384
114.0	31.00056387444396	31.307562182820625	12.9565816678153	24.729027003320596	0.00626527159952384
115.0	31.0381555040411	31.31382745442015	12.925255309817679	24.716496460121544	0.00626527159952384
116.0	31.019359689242528	31.338888540818242	12.962846939414824	24.67263955892488	0.00626527159952384
117.0	31.025624960842052	31.326357997619198	12.950316396215774	24.69143537372345	0.00626527159952384
118.0	30.994298602844434	31.35141908401729	12.918990038218157	24.729027003320596	0.00626527159952384
119.0	31.044420775640624	31.32009272601967	12.89392895182006	24.735292274920116	0.00626527159952384
120.0	31.094542948436814	31.282501096422532	12.969112211014346	24.647578472526785	0.00626527159952384
121.0	31.03189023244158	31.382745442014908	12.850072050623396	24.729027003320596	0.00626527159952384
122.0	31.05695131883967	31.34515381241777	12.90645949501911	24.685170102123926	0.00626527159952384
123.0	30.981768059645386	31.382745442014908	12.93778585301673	24.69143537372345	0.00626527159952384
124.0	31.00682914604348	31.363949627216343	12.912724766618632	24.710231188522023	0.00626527159952384
125.0	31.100808220036342	31.35141908401729	12.856337322222918	24.685170102123926	0.00626527159952384
126.0	31.00056387444396	31.244909466825387	12.97537748261387	24.77288390451726	0.00626527159952384
127.0	31.107073491635862	31.35141908401729	12.856337322222918	24.678904830524402	0.00626527159952384
128.0	31.05695131883967	31.3012969112211	12.925255309817679	24.710231188522023	0.00626527159952384
129.0	31.019359689242528	31.251174738424908	12.950316396215774	24.77288390451726	0.00626527159952384
130.0	31.107073491635862	31.33262326921872	12.875133137021491	24.678904830524402	0.00626527159952384
131.0	31.044420775640624	31.338888540818242	12.837541507424346	24.77288390451726	0.00626527159952384
132.0	31.069481862038717	31.363949627216343	12.90645949501911	24.65384374412631	0.00626527159952384
133.0	30.988033331244907	31.31382745442015	12.881398408621013	24.810475534114403	0.00626527159952384
134.0	31.063216590439197	31.33262326921872	12.90645949501911	24.69143537372345	0.00626527159952384
135.0	31.063216590439197	31.31382745442015	12.90645949501911	24.710231188522023	0.00626527159952384
136.0	31.05695131883967	31.33262326921872	12.831276235824824	24.77288390451726	0.00626527159952384
137.0	31.125869306434435	31.26997055322348	12.931520581417205	24.666374287325354	0.00626527159952384
138.0	31.113338763235387	31.326357997619198	12.856337322222918	24.697700645322975	0.00626527159952384
139.0	31.100808220036342	31.3012969112211	12.918990038218157	24.67263955892488	0.00626527159952384
140.0	31.094542948436814	31.31382745442015	12.925255309817679	24.66010901572583	0.00626527159952384
141.0	31.08201240523777	31.307562182820625	12.950316396215774	24.65384374412631	0.00626527159952384
142.0	31.044420775640624	31.363949627216343	12.90645949501911	24.678904830524402	0.00626527159952384
143.0	31.025624960842052	31.31382745442015	12.918990038218157	24.735292274920116	0.00626527159952384
144.0	31.201052565628718	31.26997055322348	12.868867865421965	24.65384374412631	0.00626527159952384
145.0	31.05068604724015	31.276235824823008	12.9565816678153	24.710231188522023	0.00626527159952384
146.0	31.150930392832528	31.288766368022053	12.868867865421965	24.685170102123926	0.00626527159952384
147.0	31.063216590439197	31.32009272601967	12.918990038218157	24.69143537372345	0.00626527159952384
148.0	31.08827767683729	31.288766368022053	12.944051124616252	24.67263955892488	0.00626527159952384
149.0	31.063216590439197	31.33262326921872	12.931520581417205	24.666374287325354	0.00626527159952384
