# Position (bp)	A	C	G	T	N
0.0	31.03756138001403	31.369172884382373	12.907340093106306	24.679548498182513	0.006377144314775844
1.0	30.89726420508896	31.407435750271027	13.041260123716599	24.647662776608634	0.006377144314775844
2.0	30.980167081181047	31.362795740067597	12.939225814680185	24.71143421975639	0.006377144314775844
3.0	30.91001849371851	31.439321471844906	13.022128690772272	24.62215419934953	0.006377144314775844
4.0	30.961035648236717	31.420190038900582	12.93284867036541	24.679548498182513	0.006377144314775844
5.0	30.890887060774187	31.394681461641476	13.022128690772272	24.68592564249729	0.006377144314775844
6.0	31.031184235699254	31.445698616159685	12.939225814680185	24.5775141891461	0.006377144314775844
7.0	30.890887060774187	31.439321471844906	13.00937440214272	24.65403992092341	0.006377144314775844
8.0	30.973789936866268	31.3883043173267	12.920094381735858	24.71143421975639	0.006377144314775844
9.0	30.78885275173777	31.458452904789237	13.054014412346152	24.692302786812064	0.006377144314775844
10.0	31.00567565844015	31.34366430712327	12.926471526050634	24.717811364071167	0.006377144314775844
11.0	30.82073847331165	31.40105860595625	13.041260123716599	24.73056565270072	0.006377144314775844
12.0	30.9929213698106	31.35004145143805	12.93284867036541	24.717811364071167	0.006377144314775844
13.0	30.859001339200304	31.381927173011924	13.066768700975704	24.68592564249729	0.006377144314775844
14.0	30.973789936866268	31.28627000829029	12.983865824883617	24.749697085645046	0.006377144314775844
15.0	30.884509916459407	31.37555002869715	13.047637268031377	24.68592564249729	0.006377144314775844
16.0	30.91639563803329	31.337287162808497	13.034882979401823	24.705057075441616	0.006377144314775844
17.0	30.890887060774187	31.35641859575282	13.00937440214272	24.736942797015494	0.006377144314775844
18.0	30.92914992666284	31.299024296919843	12.996620113513169	24.768828518589377	0.006377144314775844
19.0	30.961035648236717	31.324532874178946	13.066768700975704	24.641285632293858	0.006377144314775844
20.0	30.890887060774187	31.35641859575282	13.034882979401823	24.71143421975639	0.006377144314775844
21.0	30.884509916459407	31.26713857534596	13.054014412346152	24.787959951533704	0.006377144314775844
22.0	31.00567565844015	31.28627000829029	13.00937440214272	24.692302786812064	0.006377144314775844
23.0	30.878132772144635	31.330910018493718	13.028505835087048	24.75607422995982	0.006377144314775844
24.0	30.98654422549582	31.248007142401633	13.015751546457496	24.74331994133027	0.006377144314775844
25.0	30.871755627829856	31.318155729864166	13.079522989605255	24.724188508385943	0.006377144314775844
26.0	30.961035648236717	31.299024296919843	13.00937440214272	24.724188508385943	0.006377144314775844
27.0	30.91639563803329	31.362795740067597	13.00937440214272	24.705057075441616	0.006377144314775844
28.0	30.890887060774187	31.369172884382373	12.990242969198393	24.74331994133027	0.006377144314775844
29.0	30.973789936866268	31.311778585549394	12.990242969198393	24.717811364071167	0.006377144314775844
30.0	30.91639563803329	31.34366430712327	13.034882979401823	24.69867993112684	0.006377144314775844
31.0	30.948281359607165	31.279892863975512	13.047637268031377	24.717811364071167	0.006377144314775844
32.0	30.973789936866268	31.34366430712327	13.00937440214272	24.66679420955296	0.006377144314775844
33.0	30.961035648236717	31.330910018493718	13.054014412346152	24.647662776608634	0.006377144314775844
34.0	31.031184235699254	31.228875709457306	13.034882979401823	24.69867993112684	0.006377144314775844
35.0	30.878132772144635	31.407435750271027	13.015751546457496	24.692302786812064	0.006377144314775844
36.0	30.98654422549582	31.299024296919843	13.015751546457496	24.692302786812064	0.006377144314775844
37.0	30.92914992666284	31.292647152605063	13.015751546457496	24.75607422995982	0.006377144314775844
38.0	31.018429947069702	31.362795740067597	12.951980103309738	24.660417065238185	0.006377144314775844
39.0	30.961035648236717	31.25438428671641	12.990242969198393	24.787959951533704	0.006377144314775844
40.0	31.05031566864358	31.279892863975512	12.94560295899496	24.717811364071167	0.006377144314775844
41.0	30.948281359607165	31.248007142401633	13.11778585549391	24.679548498182513	0.006377144314775844
42.0	31.05031566864358	31.27351571966074	12.958357247624514	24.71143421975639	0.006377144314775844
43.0	30.954658503921944	31.311778585549394	13.028505835087048	24.69867993112684	0.006377144314775844
44.0	30.961035648236717	31.381927173011924	12.939225814680185	24.71143421975639	0.006377144314775844
45.0	30.973789936866268	31.26713857534596	12.977488680568841	24.775205662904153	0.006377144314775844
46.0	30.948281359607165	31.330910018493718	13.034882979401823	24.679548498182513	0.006377144314775844
47.0	30.89726420508896	31.292647152605063	13.047637268031377	24.75607422995982	0.006377144314775844
48.0	31.031184235699254	31.26713857534596	12.996620113513169	24.69867993112684	0.006377144314775844
49.0	30.98654422549582	31.292647152605063	13.041260123716599	24.673171353867737	0.006377144314775844
50.0	31.05031566864358	31.177858554939096	12.996620113513169	24.768828518589377	0.006377144314775844
51.0	30.954658503921944	31.28627000829029	12.983865824883617	24.768828518589377	0.006377144314775844
52.0	31.00567565844015	31.292647152605063	12.983865824883617	24.71143421975639	0.006377144314775844
53.0	30.954658503921944	31.311778585549394	13.015751546457496	24.71143421975639	0.006377144314775844
54.0	31.018429947069702	31.279892863975512	12.96473439193929	24.73056565270072	0.006377144314775844
55.0	30.935527070977614	31.292647152605063	13.015751546457496	24.749697085645046	0.006377144314775844
56.0	30.973789936866268	31.26713857534596	12.983865824883617	24.768828518589377	0.006377144314775844
57.0	30.973789936866268	31.318155729864166	13.028505835087048	24.673171353867737	0.006377144314775844
58.0	31.00567565844015	31.381927173011924	12.93284867036541	24.673171353867737	0.006377144314775844
59.0	31.00567565844015	31.22249856514253	13.034882979401823	24.73056565270072	0.006377144314775844
60.0	30.9929213698106	31.432944327530134	12.93284867036541	24.634908487979082	0.006377144314775844
61.0	30.948281359607165	31.324532874178946	12.971111536254066	24.749697085645046	0.006377144314775844
62.0	30.99929851412537	31.34366430712327	12.958357247624514	24.692302786812064	0.006377144314775844
63.0	30.961035648236717	31.324532874178946	12.958357247624514	24.749697085645046	0.006377144314775844
64.0	31.03756138001403	31.35641859575282	12.881831515847203	24.717811364071167	0.006377144314775844
65.0	30.967412792551496	31.34366430712327	12.971111536254066	24.71143421975639	0.006377144314775844
66.0	30.973789936866268	31.40105860595625	12.951980103309738	24.66679420955296	0.006377144314775844
67.0	30.961035648236717	31.381927173011924	12.971111536254066	24.679548498182513	0.006377144314775844
68.0	30.935527070977614	31.35004145143805	12.926471526050634	24.78158280721893	0.006377144314775844
69.0	31.04393852432881	31.337287162808497	12.913717237421082	24.69867993112684	0.006377144314775844
70.0	31.024807091384478	31.305401441234615	12.951980103309738	24.71143421975639	0.006377144314775844
71.0	30.961035648236717	31.432944327530134	12.920094381735858	24.679548498182513	0.006377144314775844
72.0	30.973789936866268	31.439321471844906	12.94560295899496	24.634908487979082	0.006377144314775844
73.0	30.973789936866268	31.413812894585803	12.920094381735858	24.68592564249729	0.006377144314775844
74.0	30.935527070977614	31.40105860595625	12.996620113513169	24.660417065238185	0.006377144314775844
75.0	31.018429947069702	31.305401441234615	12.93284867036541	24.736942797015494	0.006377144314775844
76.0	30.99929851412537	31.305401441234615	12.990242969198393	24.69867993112684	0.006377144314775844
77.0	30.98654422549582	31.35004145143805	12.971111536254066	24.68592564249729	0.006377144314775844
78.0	31.03756138001403	31.318155729864166	12.94560295899496	24.692302786812064	0.006377144314775844
79.0	30.92914992666284	31.305401441234615	12.94560295899496	24.813468528792807	0.006377144314775844
80.0	30.92914992666284	31.37555002869715	12.977488680568841	24.71143421975639	0.006377144314775844
81.0	31.018429947069702	31.260761431031188	12.94560295899496	24.768828518589377	0.006377144314775844
82.0	30.865378483515084	31.381927173011924	13.028505835087048	24.717811364071167	0.006377144314775844
83.0	31.012052802754926	31.35641859575282	12.94560295899496	24.679548498182513	0.006377144314775844
84.0	30.878132772144635	31.318155729864166	13.002997257827944	24.79433709584848	0.006377144314775844
85.0	30.9929213698106	31.35641859575282	12.90096294879153	24.74331994133027	0.006377144314775844
86.0	30.91639563803329	31.381927173011924	12.996620113513169	24.69867993112684	0.006377144314775844
87.0	30.967412792551496	31.330910018493718	12.920094381735858	24.775205662904153	0.006377144314775844
88.0	30.839869906255977	31.432944327530134	13.041260123716599	24.679548498182513	0.006377144314775844
89.0	30.9929213698106	31.40105860595625	12.920094381735858	24.679548498182513	0.006377144314775844
90.0	30.878132772144635	31.35641859575282	13.047637268031377	24.71143421975639	0.006377144314775844
91.0	30.967412792551496	31.35641859575282	12.951980103309738	24.717811364071167	0.006377144314775844
92.0	30.91001849371851	31.420190038900582	12.990242969198393	24.673171353867737	0.006377144314775844
93.0	30.973789936866268	31.432944327530134	12.862700082902876	24.724188508385943	0.006377144314775844
94.0	30.948281359607165	31.337287162808497	12.971111536254066	24.736942797015494	0.006377144314775844
95.0	30.973789936866268	31.439321471844906	12.8563229385881	24.724188508385943	0.006377144314775844
96.0	30.890887060774187	31.362795740067597	12.971111536254066	24.768828518589377	0.006377144314775844
97.0	30.89726420508896	31.522224347936994	12.881831515847203	24.692302786812064	0.006377144314775844
98.0	30.96301020408163	31.41581632653061	12.920918367346939	24.700255102040817	0.0
