# Position (bp)	A	C	G	T	N
0.0	31.058282208588956	31.358640081799592	12.908997955010227	24.667689161554193	0.006390593047034766
1.0	30.892126789366053	31.428936605316977	12.998466257668712	24.674079754601227	0.006390593047034766
2.0	31.00076687116564	31.352249488752555	12.95373210633947	24.686860940695297	0.006390593047034766
3.0	30.924079754601223	31.46728016359918	13.01124744376278	24.591002044989775	0.006390593047034766
4.0	31.007157464212682	31.403374233128833	12.90260736196319	24.68047034764826	0.006390593047034766
5.0	30.924079754601223	31.38420245398773	13.03680981595092	24.648517382413086	0.006390593047034766
6.0	31.071063394683023	31.428936605316977	12.934560327198364	24.5590490797546	0.006390593047034766
7.0	30.924079754601223	31.428936605316977	13.004856850715745	24.63573619631902	0.006390593047034766
8.0	31.03271983640082	31.3969836400818	12.883435582822086	24.68047034764826	0.006390593047034766
9.0	30.82183026584867	31.448108384458077	13.02402862985685	24.699642126789367	0.006390593047034766
10.0	31.058282208588956	31.32668711656442	12.91538854805726	24.69325153374233	0.006390593047034766
11.0	30.84739263803681	31.390593047034766	13.02402862985685	24.731595092024538	0.006390593047034766
12.0	31.045501022494886	31.34585889570552	12.908997955010227	24.69325153374233	0.006390593047034766
13.0	30.88573619631902	31.377811860940696	13.068762781186095	24.661298568507156	0.006390593047034766
14.0	31.007157464212682	31.28834355828221	12.966513292433538	24.731595092024538	0.006390593047034766
15.0	30.904907975460123	31.390593047034766	13.017638036809817	24.68047034764826	0.006390593047034766
16.0	30.9560327198364	31.339468302658485	12.992075664621677	24.7060327198364	0.006390593047034766
17.0	30.898517382413086	31.358640081799592	13.004856850715745	24.731595092024538	0.006390593047034766
18.0	30.930470347648264	31.294734151329244	13.004856850715745	24.76354805725971	0.006390593047034766
19.0	30.981595092024538	31.34585889570552	13.017638036809817	24.648517382413086	0.006390593047034766
20.0	30.924079754601223	31.358640081799592	13.01124744376278	24.699642126789367	0.006390593047034766
21.0	30.879345603271986	31.275562372188137	13.02402862985685	24.814672801635993	0.006390593047034766
22.0	31.01993865030675	31.275562372188137	13.004856850715745	24.69325153374233	0.006390593047034766
23.0	30.904907975460123	31.32668711656442	13.030419222903886	24.731595092024538	0.006390593047034766
24.0	31.013548057259715	31.230828220858896	13.004856850715745	24.74437627811861	0.006390593047034766
25.0	30.904907975460123	31.33307770961145	13.06237218813906	24.69325153374233	0.006390593047034766
26.0	30.975204498977504	31.294734151329244	12.985685071574643	24.737985685071575	0.006390593047034766
27.0	30.936860940695297	31.352249488752555	13.004856850715745	24.699642126789367	0.006390593047034766
28.0	30.911298568507156	31.36503067484663	12.960122699386503	24.75715746421268	0.006390593047034766
29.0	31.013548057259715	31.307515337423315	12.979294478527606	24.69325153374233	0.006390593047034766
30.0	30.924079754601223	31.36503067484663	13.01124744376278	24.69325153374233	0.006390593047034766
31.0	30.981595092024538	31.275562372188137	13.01124744376278	24.725204498977504	0.006390593047034766
32.0	30.994376278118608	31.36503067484663	12.985685071574643	24.648517382413086	0.006390593047034766
33.0	30.975204498977504	31.313905930470348	13.055981595092025	24.648517382413086	0.006390593047034766
34.0	31.051891615541923	31.237218813905933	13.043200408997954	24.661298568507156	0.006390593047034766
35.0	30.924079754601223	31.416155419222903	12.960122699386503	24.69325153374233	0.006390593047034766
36.0	31.01993865030675	31.28195296523517	13.01124744376278	24.68047034764826	0.006390593047034766
37.0	30.936860940695297	31.313905930470348	12.998466257668712	24.74437627811861	0.006390593047034766
38.0	31.026329243353786	31.36503067484663	12.966513292433538	24.63573619631902	0.006390593047034766
39.0	30.962423312883438	31.294734151329244	12.985685071574643	24.750766871165645	0.006390593047034766
40.0	31.083844580777097	31.30112474437628	12.90260736196319	24.7060327198364	0.006390593047034766
41.0	30.9560327198364	31.262781186094067	13.113496932515337	24.661298568507156	0.006390593047034766
42.0	31.058282208588956	31.28195296523517	12.921779141104295	24.731595092024538	0.006390593047034766
43.0	30.962423312883438	31.307515337423315	13.02402862985685	24.699642126789367	0.006390593047034766
44.0	30.98798568507157	31.409764826175866	12.91538854805726	24.68047034764826	0.006390593047034766
45.0	30.962423312883438	31.28834355828221	12.979294478527606	24.76354805725971	0.006390593047034766
46.0	30.96881390593047	31.358640081799592	12.992075664621677	24.674079754601227	0.006390593047034766
47.0	30.936860940695297	31.28195296523517	13.017638036809817	24.75715746421268	0.006390593047034766
48.0	31.039110429447852	31.28195296523517	12.979294478527606	24.69325153374233	0.006390593047034766
49.0	31.026329243353786	31.30112474437628	13.043200408997954	24.62295501022495	0.006390593047034766
50.0	31.051891615541923	31.19887525562372	12.985685071574643	24.75715746421268	0.006390593047034766
51.0	30.994376278118608	31.294734151329244	12.921779141104295	24.78271983640082	0.006390593047034766
52.0	31.01993865030675	31.30112474437628	12.979294478527606	24.69325153374233	0.006390593047034766
53.0	30.98798568507157	31.307515337423315	12.960122699386503	24.737985685071575	0.006390593047034766
54.0	31.026329243353786	31.28195296523517	12.985685071574643	24.699642126789367	0.006390593047034766
55.0	30.9560327198364	31.352249488752555	12.947341513292434	24.737985685071575	0.006390593047034766
56.0	30.981595092024538	31.256390593047033	12.998466257668712	24.75715746421268	0.006390593047034766
57.0	30.96881390593047	31.358640081799592	12.998466257668712	24.667689161554193	0.006390593047034766
58.0	31.007157464212682	31.358640081799592	12.91538854805726	24.712423312883438	0.006390593047034766
59.0	31.00076687116564	31.25	13.02402862985685	24.71881390593047	0.006390593047034766
60.0	31.013548057259715	31.416155419222903	12.934560327198364	24.629345603271986	0.006390593047034766
61.0	30.943251533742334	31.36503067484663	12.95373210633947	24.731595092024538	0.006390593047034766
62.0	31.01993865030675	31.371421267893663	12.934560327198364	24.667689161554193	0.006390593047034766
63.0	30.96881390593047	31.32668711656442	12.960122699386503	24.737985685071575	0.006390593047034766
64.0	31.051891615541923	31.3969836400818	12.857873210633947	24.686860940695297	0.006390593047034766
65.0	30.98798568507157	31.36503067484663	12.966513292433538	24.674079754601227	0.006390593047034766
66.0	30.981595092024538	31.422546012269937	12.934560327198364	24.654907975460123	0.006390593047034766
67.0	31.007157464212682	31.36503067484663	12.95373210633947	24.667689161554193	0.006390593047034766
68.0	30.9560327198364	31.36503067484663	12.947341513292434	24.725204498977504	0.006390593047034766
69.0	31.039110429447852	31.33307770961145	12.928169734151329	24.69325153374233	0.006390593047034766
70.0	31.03271983640082	31.32668711656442	12.947341513292434	24.686860940695297	0.006390593047034766
71.0	31.00076687116564	31.422546012269937	12.883435582822086	24.686860940695297	0.006390593047034766
72.0	30.96881390593047	31.448108384458077	12.934560327198364	24.642126789366053	0.006390593047034766
73.0	30.981595092024538	31.43532719836401	12.889826175869121	24.686860940695297	0.006390593047034766
74.0	30.930470347648264	31.403374233128833	12.992075664621677	24.667689161554193	0.006390593047034766
75.0	31.039110429447852	31.28834355828221	12.921779141104295	24.74437627811861	0.006390593047034766
76.0	31.013548057259715	31.294734151329244	12.992075664621677	24.69325153374233	0.006390593047034766
77.0	30.994376278118608	31.371421267893663	12.960122699386503	24.667689161554193	0.006390593047034766
78.0	31.045501022494886	31.313905930470348	12.928169734151329	24.7060327198364	0.006390593047034766
79.0	30.943251533742334	31.32029652351738	12.960122699386503	24.76993865030675	0.006390593047034766
80.0	30.936860940695297	31.38420245398773	12.985685071574643	24.686860940695297	0.006390593047034766
81.0	31.013548057259715	31.28834355828221	12.940950920245397	24.750766871165645	0.006390593047034766
82.0	30.911298568507156	31.377811860940696	12.998466257668712	24.7060327198364	0.006390593047034766
83.0	31.007157464212682	31.358640081799592	12.947341513292434	24.68047034764826	0.006390593047034766
84.0	30.930470347648264	31.32029652351738	13.004856850715745	24.737985685071575	0.006390593047034766
85.0	30.994376278118608	31.390593047034766	12.883435582822086	24.725204498977504	0.006390593047034766
86.0	30.9560327198364	31.403374233128833	12.992075664621677	24.642126789366053	0.006390593047034766
87.0	30.994376278118608	31.339468302658485	12.877044989775053	24.78271983640082	0.006390593047034766
88.0	30.87295501022495	31.454498977505114	12.998466257668712	24.667689161554193	0.006390593047034766
89.0	30.98798568507157	31.409764826175866	12.91538854805726	24.68047034764826	0.006390593047034766
90.0	30.898517382413086	31.352249488752555	13.03680981595092	24.7060327198364	0.006390593047034766
91.0	31.00076687116564	31.33307770961145	12.934560327198364	24.725204498977504	0.006390593047034766
92.0	30.943251533742334	31.416155419222903	12.972903885480571	24.661298568507156	0.006390593047034766
93.0	30.949642126789367	31.441717791411044	12.857873210633947	24.74437627811861	0.006390593047034766
94.0	30.994376278118608	31.313905930470348	12.947341513292434	24.737985685071575	0.006390593047034766
95.0	30.994376278118608	31.441717791411044	12.857873210633947	24.699642126789367	0.006390593047034766
96.0	30.911298568507156	31.352249488752555	12.979294478527606	24.750766871165645	0.006390593047034766
97.0	30.936860940695297	31.53118609406953	12.857873210633947	24.667689161554193	0.006390593047034766
98.0	30.97079312328242	31.424554227647473	12.922604972199144	24.682047676870965	0.0
