# Position (bp)	A	C	G	T	N
0.0	31.026104292567442	31.294000373808483	13.002305152326956	24.671360039872905	0.006230141424210329
1.0	31.026104292567442	31.3625319294748	12.896392748115382	24.70874088841817	0.006230141424210329
2.0	31.026104292567442	31.38122235374743	12.946233879509064	24.64020933275185	0.006230141424210329
3.0	30.98249330259797	31.325151080929537	12.983614728054327	24.70251074699396	0.006230141424210329
4.0	30.94511245405271	31.412373060868482	12.933773596660645	24.70251074699396	0.006230141424210329
5.0	31.007413868294808	31.406142919444267	12.915083172388014	24.665129898448697	0.006230141424210329
6.0	30.98249330259797	31.31892093950533	13.002305152326956	24.690050464145536	0.006230141424210329
7.0	30.913961746931655	31.4248333437169	12.940003738084854	24.714971029842378	0.006230141424210329
8.0	30.957572736901128	31.412373060868482	12.996075010902747	24.627749049903432	0.006230141424210329
9.0	30.98249330259797	31.44975390941374	12.883932465266962	24.677590181297116	0.006230141424210329
10.0	30.98872344402218	31.33138122235375	12.952464020933274	24.72120117126659	0.006230141424210329
11.0	30.938882312628497	31.38122235374743	12.989844869478537	24.683820322721324	0.006230141424210329
12.0	30.97003301974955	31.431063485141113	12.940003738084854	24.652669615600274	0.006230141424210329
13.0	30.938882312628497	31.350071646626375	12.964924303781697	24.739891595539216	0.006230141424210329
14.0	31.0011837268706	31.37499221232322	12.971154445205906	24.646439474176063	0.006230141424210329
15.0	30.901501464083236	31.393682636595848	12.989844869478537	24.70874088841817	0.006230141424210329
16.0	30.99495358544639	31.36876207089901	12.964924303781697	24.665129898448697	0.006230141424210329
17.0	30.93265217120429	31.399912778020063	12.996075010902747	24.665129898448697	0.006230141424210329
18.0	30.97003301974955	31.337611363777956	13.002305152326956	24.683820322721324	0.006230141424210329
19.0	30.920191888355863	31.393682636595848	12.958694162357483	24.72120117126659	0.006230141424210329
20.0	30.938882312628497	31.399912778020063	13.002305152326956	24.652669615600274	0.006230141424210329
21.0	30.963802878325335	31.275309949535856	13.014765435175379	24.739891595539216	0.006230141424210329
22.0	30.870350756962182	31.455984050837955	13.002305152326956	24.665129898448697	0.006230141424210329
23.0	30.976263161173755	31.31892093950533	13.03345585944801	24.665129898448697	0.006230141424210329
24.0	30.839200049841132	31.38745249517164	12.977384586630118	24.7897327269329	0.006230141424210329
25.0	30.99495358544639	31.3625319294748	12.958694162357483	24.677590181297116	0.006230141424210329
26.0	30.882811039810605	31.350071646626375	13.077066849417482	24.683820322721324	0.006230141424210329
27.0	30.901501464083236	31.35630178805059	13.045916142296429	24.690050464145536	0.006230141424210329
28.0	30.87658089838639	31.38122235374743	13.00853529375117	24.727431312690797	0.006230141424210329
29.0	30.920191888355863	31.343841505202167	13.058376425144852	24.671360039872905	0.006230141424210329
30.0	30.87658089838639	31.325151080929537	13.014765435175379	24.77727244408448	0.006230141424210329
31.0	30.907731605507443	31.412373060868482	13.03345585944801	24.64020933275185	0.006230141424210329
32.0	30.913961746931655	31.37499221232322	13.052146283720639	24.652669615600274	0.006230141424210329
33.0	30.957572736901128	31.294000373808483	13.070836707993273	24.671360039872905	0.006230141424210329
34.0	30.85166033268955	31.418603202292694	13.045916142296429	24.677590181297116	0.006230141424210329
35.0	30.957572736901128	31.294000373808483	13.058376425144852	24.683820322721324	0.006230141424210329
36.0	30.901501464083236	31.38122235374743	13.045916142296429	24.665129898448697	0.006230141424210329
37.0	30.951342595476916	31.38122235374743	13.0272257180238	24.633979191327644	0.006230141424210329
38.0	30.938882312628497	31.256619525263226	13.064606566569061	24.73366145411501	0.006230141424210329
39.0	30.889041181234816	31.343841505202167	13.020995576599589	24.739891595539216	0.006230141424210329
40.0	30.889041181234816	31.36876207089901	13.002305152326956	24.73366145411501	0.006230141424210329
41.0	30.913961746931655	31.31892093950533	13.03968600087222	24.72120117126659	0.006230141424210329
42.0	30.93265217120429	31.325151080929537	12.996075010902747	24.739891595539216	0.006230141424210329
43.0	30.86412061553797	31.275309949535856	13.058376425144852	24.795962868357112	0.006230141424210329
44.0	30.963802878325335	31.31892093950533	13.052146283720639	24.658899757024486	0.006230141424210329
45.0	31.013644009719023	31.23792910099059	13.03345585944801	24.70874088841817	0.006230141424210329
46.0	30.98872344402218	31.31892093950533	13.00853529375117	24.677590181297116	0.006230141424210329
47.0	30.951342595476916	31.37499221232322	13.03968600087222	24.627749049903432	0.006230141424210329
48.0	31.019874151143227	31.275309949535856	12.964924303781697	24.73366145411501	0.006230141424210329
49.0	30.957572736901128	31.256619525263226	13.03345585944801	24.746121736963428	0.006230141424210329
50.0	30.98872344402218	31.294000373808483	13.03968600087222	24.671360039872905	0.006230141424210329
51.0	31.044794716840073	31.31892093950533	13.0272257180238	24.60282848420659	0.006230141424210329
52.0	30.913961746931655	31.287770232384275	13.002305152326956	24.7897327269329	0.006230141424210329
53.0	30.920191888355863	31.31892093950533	13.014765435175379	24.739891595539216	0.006230141424210329
54.0	30.93265217120429	31.33138122235375	13.070836707993273	24.658899757024486	0.006230141424210329
55.0	30.98249330259797	31.281540090960064	13.020995576599589	24.70874088841817	0.006230141424210329
56.0	30.98249330259797	31.325151080929537	13.03345585944801	24.652669615600274	0.006230141424210329
57.0	30.913961746931655	31.35630178805059	13.052146283720639	24.671360039872905	0.006230141424210329
58.0	30.98249330259797	31.306460656656903	13.045916142296429	24.658899757024486	0.006230141424210329
59.0	30.976263161173755	31.294000373808483	13.058376425144852	24.665129898448697	0.006230141424210329
60.0	30.94511245405271	31.36876207089901	12.996075010902747	24.683820322721324	0.006230141424210329
61.0	31.007413868294808	31.312690798081118	13.077066849417482	24.59659834278238	0.006230141424210329
62.0	30.98249330259797	31.37499221232322	13.014765435175379	24.621518908479224	0.006230141424210329
63.0	30.957572736901128	31.337611363777956	13.03968600087222	24.658899757024486	0.006230141424210329
64.0	31.019874151143227	31.325151080929537	13.03345585944801	24.615288767055013	0.006230141424210329
65.0	30.951342595476916	31.3002305152327	13.03968600087222	24.70251074699396	0.006230141424210329
66.0	31.032334433991654	31.31892093950533	13.03345585944801	24.6090586256308	0.006230141424210329
67.0	30.951342595476916	31.281540090960064	13.058376425144852	24.70251074699396	0.006230141424210329
68.0	30.98872344402218	31.31892093950533	13.0272257180238	24.658899757024486	0.006230141424210329
69.0	31.03856457541586	31.275309949535856	13.014765435175379	24.665129898448697	0.006230141424210329
70.0	30.920191888355863	31.393682636595848	13.00853529375117	24.671360039872905	0.006230141424210329
71.0	31.007413868294808	31.244159242414803	13.077066849417482	24.665129898448697	0.006230141424210329
72.0	31.032334433991654	31.25038938383901	13.03345585944801	24.677590181297116	0.006230141424210329
73.0	30.93265217120429	31.38122235374743	13.020995576599589	24.658899757024486	0.006230141424210329
74.0	30.98872344402218	31.287770232384275	12.977384586630118	24.739891595539216	0.006230141424210329
75.0	30.97003301974955	31.325151080929537	13.058376425144852	24.64020933275185	0.006230141424210329
76.0	30.963802878325335	31.38122235374743	12.933773596660645	24.714971029842378	0.006230141424210329
77.0	30.976263161173755	31.287770232384275	13.03345585944801	24.696280605569747	0.006230141424210329
78.0	30.97003301974955	31.287770232384275	13.020995576599589	24.714971029842378	0.006230141424210329
79.0	30.98249330259797	31.31892093950533	13.0272257180238	24.665129898448697	0.006230141424210329
80.0	30.938882312628497	31.281540090960064	13.052146283720639	24.72120117126659	0.006230141424210329
81.0	30.97003301974955	31.294000373808483	13.002305152326956	24.727431312690797	0.006230141424210329
82.0	30.951342595476916	31.38122235374743	12.977384586630118	24.683820322721324	0.006230141424210329
83.0	30.926422029780078	31.35630178805059	13.03968600087222	24.671360039872905	0.006230141424210329
84.0	30.93265217120429	31.37499221232322	12.977384586630118	24.70874088841817	0.006230141424210329
85.0	30.889041181234816	31.33138122235375	13.058376425144852	24.714971029842378	0.006230141424210329
86.0	30.98872344402218	31.38745249517164	12.983614728054327	24.633979191327644	0.006230141424210329
87.0	30.93265217120429	31.37499221232322	12.946233879509064	24.739891595539216	0.006230141424210329
88.0	30.870350756962182	31.38122235374743	13.002305152326956	24.739891595539216	0.006230141424210329
89.0	30.882811039810605	31.393682636595848	13.00853529375117	24.70874088841817	0.006230141424210329
90.0	30.895271322659024	31.418603202292694	12.958694162357483	24.72120117126659	0.006230141424210329
91.0	30.976263161173755	31.343841505202167	12.964924303781697	24.70874088841817	0.006230141424210329
92.0	30.87658089838639	31.399912778020063	13.002305152326956	24.714971029842378	0.006230141424210329
93.0	30.963802878325335	31.350071646626375	12.983614728054327	24.696280605569747	0.006230141424210329
94.0	30.85166033268955	31.455984050837955	12.890162606691172	24.795962868357112	0.006230141424210329
95.0	30.951342595476916	31.393682636595848	12.971154445205906	24.677590181297116	0.006230141424210329
96.0	30.94511245405271	31.35630178805059	12.946233879509064	24.746121736963428	0.006230141424210329
97.0	30.951342595476916	31.38745249517164	12.946233879509064	24.70874088841817	0.006230141424210329
98.0	30.93265217120429	31.38745249517164	12.940003738084854	24.73366145411501	0.006230141424210329
99.0	30.976263161173755	31.287770232384275	12.989844869478537	24.739891595539216	0.006230141424210329
100.0	30.97003301974955	31.38122235374743	12.940003738084854	24.70251074699396	0.006230141424210329
101.0	31.013644009719023	31.3002305152327	12.952464020933274	24.727431312690797	0.006230141424210329
102.0	30.913961746931655	31.4248333437169	12.933773596660645	24.72120117126659	0.006230141424210329
103.0	30.93265217120429	31.38122235374743	12.883932465266962	24.795962868357112	0.006230141424210329
104.0	30.976263161173755	31.38122235374743	12.921313313812224	24.714971029842378	0.006230141424210329
105.0	30.976263161173755	31.306460656656903	12.952464020933274	24.75858201981185	0.006230141424210329
106.0	30.98249330259797	31.38122235374743	12.940003738084854	24.690050464145536	0.006230141424210329
107.0	30.97003301974955	31.35630178805059	12.946233879509064	24.72120117126659	0.006230141424210329
108.0	30.907731605507443	31.31892093950533	12.977384586630118	24.7897327269329	0.006230141424210329
109.0	31.094635848233754	31.281540090960064	12.896392748115382	24.72120117126659	0.006230141424210329
110.0	30.98249330259797	31.36876207089901	12.865242040994332	24.77727244408448	0.006230141424210329
111.0	30.94511245405271	31.31892093950533	12.958694162357483	24.77104230266027	0.006230141424210329
112.0	31.0634851411127	31.38745249517164	12.908853030963801	24.633979191327644	0.006230141424210329
113.0	31.007413868294808	31.31892093950533	12.915083172388014	24.75235187838764	0.006230141424210329
114.0	30.98249330259797	31.31892093950533	12.946233879509064	24.746121736963428	0.006230141424210329
115.0	31.013644009719023	31.337611363777956	12.908853030963801	24.73366145411501	0.006230141424210329
116.0	30.99495358544639	31.3625319294748	12.946233879509064	24.690050464145536	0.006230141424210329
117.0	31.0011837268706	31.350071646626375	12.940003738084854	24.70251074699396	0.006230141424210329
118.0	30.951342595476916	31.393682636595848	12.908853030963801	24.739891595539216	0.006230141424210329
119.0	31.032334433991654	31.33138122235375	12.883932465266962	24.746121736963428	0.006230141424210329
120.0	31.057254999688492	31.31892093950533	12.964924303781697	24.652669615600274	0.006230141424210329
121.0	31.019874151143227	31.393682636595848	12.8465516167217	24.73366145411501	0.006230141424210329
122.0	31.026104292567442	31.3625319294748	12.908853030963801	24.696280605569747	0.006230141424210329
123.0	30.957572736901128	31.399912778020063	12.927543455236435	24.70874088841817	0.006230141424210329
124.0	30.98249330259797	31.38122235374743	12.921313313812224	24.70874088841817	0.006230141424210329
125.0	31.082175565385334	31.35630178805059	12.852781758145909	24.70251074699396	0.006230141424210329
126.0	30.98249330259797	31.269079808111645	12.971154445205906	24.77104230266027	0.006230141424210329
127.0	31.075945423961127	31.37499221232322	12.852781758145909	24.690050464145536	0.006230141424210329
128.0	31.03856457541586	31.312690798081118	12.927543455236435	24.714971029842378	0.006230141424210329
129.0	30.98249330259797	31.294000373808483	12.933773596660645	24.78350258550869	0.006230141424210329
130.0	31.075945423961127	31.35630178805059	12.877702323842751	24.683820322721324	0.006230141424210329
131.0	31.013644009719023	31.350071646626375	12.8465516167217	24.78350258550869	0.006230141424210329
132.0	31.044794716840073	31.36876207089901	12.915083172388014	24.665129898448697	0.006230141424210329
133.0	30.976263161173755	31.325151080929537	12.877702323842751	24.814653292629743	0.006230141424210329
134.0	31.03856457541586	31.325151080929537	12.927543455236435	24.70251074699396	0.006230141424210329
135.0	31.05102485826428	31.325151080929537	12.896392748115382	24.72120117126659	0.006230141424210329
136.0	31.03856457541586	31.33138122235375	12.84032147529749	24.78350258550869	0.006230141424210329
137.0	31.107096131082173	31.275309949535856	12.927543455236435	24.683820322721324	0.006230141424210329
138.0	31.088405706809546	31.31892093950533	12.871472182418541	24.714971029842378	0.006230141424210329
139.0	31.088405706809546	31.3002305152327	12.921313313812224	24.683820322721324	0.006230141424210329
140.0	31.057254999688492	31.325151080929537	12.933773596660645	24.677590181297116	0.006230141424210329
141.0	31.05102485826428	31.306460656656903	12.971154445205906	24.665129898448697	0.006230141424210329
142.0	31.013644009719023	31.35630178805059	12.921313313812224	24.70251074699396	0.006230141424210329
143.0	31.013644009719023	31.31892093950533	12.927543455236435	24.73366145411501	0.006230141424210329
144.0	31.150707121051646	31.275309949535856	12.890162606691172	24.677590181297116	0.006230141424210329
145.0	31.03856457541586	31.275309949535856	12.964924303781697	24.714971029842378	0.006230141424210329
146.0	31.113326272506388	31.3002305152327	12.877702323842751	24.70251074699396	0.006230141424210329
147.0	31.03856457541586	31.325151080929537	12.933773596660645	24.696280605569747	0.006230141424210329
148.0	31.075945423961127	31.281540090960064	12.958694162357483	24.677590181297116	0.006230141424210329
149.0	31.044794716840073	31.350071646626375	12.940003738084854	24.658899757024486	0.006230141424210329
