# Position (bp)	A	C	G	T	N
0.0	31.033382268462372	31.37167294312887	12.912491223590989	24.676070721899535	0.006382842918235782
1.0	30.85466266675177	31.403587157720047	13.052913767792173	24.68245356481777	0.006382842918235782
2.0	30.956788153443544	31.37167294312887	12.957171124018638	24.70798493649071	0.006382842918235782
3.0	30.861045509670003	31.454649901065935	13.04653092487394	24.631390821471882	0.006382842918235782
4.0	30.96317099636178	31.422735686474756	12.950788281100403	24.656922193144826	0.006382842918235782
5.0	30.861045509670003	31.39082147188358	13.040148081955701	24.70160209357248	0.006382842918235782
6.0	31.05253079721708	31.454649901065935	12.944405438182166	24.542031020616584	0.006382842918235782
7.0	30.880194038424712	31.42911852939299	13.014616710282759	24.669687878981296	0.006382842918235782
8.0	30.98870236803472	31.39082147188358	12.931639752345694	24.68245356481777	0.006382842918235782
9.0	30.784451394651178	31.4482670581477	13.052913767792173	24.70798493649071	0.006382842918235782
10.0	31.026999425544137	31.339758728537692	12.93802259526393	24.688836407736005	0.006382842918235782
11.0	30.803599923405883	31.403587157720047	13.065679453628645	24.720750622327184	0.006382842918235782
12.0	30.98870236803472	31.339758728537692	12.950788281100403	24.71436777940895	0.006382842918235782
13.0	30.835514137997066	31.403587157720047	13.097593668219826	24.656922193144826	0.006382842918235782
14.0	30.96317099636178	31.27593029935533	12.995468181528052	24.7590476798366	0.006382842918235782
15.0	30.861045509670003	31.39082147188358	13.05929661071041	24.68245356481777	0.006382842918235782
16.0	30.9312567817706	31.320610199782983	13.033765239037468	24.70798493649071	0.006382842918235782
17.0	30.85466266675177	31.339758728537692	13.065679453628645	24.733516308163654	0.006382842918235782
18.0	30.91210825301589	31.29507882811004	13.008233867364524	24.778196208591307	0.006382842918235782
19.0	30.91849109593413	31.320610199782983	13.103976511138061	24.65053935022659	0.006382842918235782
20.0	30.867428352588245	31.346141571455927	13.052913767792173	24.727133465245423	0.006382842918235782
21.0	30.867428352588245	31.250398927682387	13.05929661071041	24.81649326610072	0.006382842918235782
22.0	30.982319525116488	31.269547456437095	13.04653092487394	24.69521925065424	0.006382842918235782
23.0	30.867428352588245	31.288695985191804	13.072062296546882	24.765430522754837	0.006382842918235782
24.0	30.96317099636178	31.250398927682387	13.04653092487394	24.733516308163654	0.006382842918235782
25.0	30.880194038424712	31.29507882811004	13.097593668219826	24.720750622327184	0.006382842918235782
26.0	30.937639624688835	31.282313142273573	13.014616710282759	24.7590476798366	0.006382842918235782
27.0	30.905725410097656	31.346141571455927	13.033765239037468	24.70798493649071	0.006382842918235782
28.0	30.89934256717942	31.339758728537692	12.995468181528052	24.7590476798366	0.006382842918235782
29.0	30.969553839280017	31.288695985191804	13.020999553200996	24.71436777940895	0.006382842918235782
30.0	30.89934256717942	31.32699304270122	13.052913767792173	24.71436777940895	0.006382842918235782
31.0	30.944022467607073	31.263164613518864	13.05929661071041	24.727133465245423	0.006382842918235782
32.0	30.969553839280017	31.31422735686475	13.033765239037468	24.676070721899535	0.006382842918235782
33.0	30.944022467607073	31.29507882811004	13.084827982383354	24.669687878981296	0.006382842918235782
34.0	31.014233739707663	31.231250398927685	13.072062296546882	24.676070721899535	0.006382842918235782
35.0	30.87381119550648	31.384438628965338	13.033765239037468	24.70160209357248	0.006382842918235782
36.0	30.975936682198252	31.282313142273573	13.040148081955701	24.69521925065424	0.006382842918235782
37.0	30.937639624688835	31.25678177060063	13.033765239037468	24.765430522754837	0.006382842918235782
38.0	30.98870236803472	31.32699304270122	13.001851024446287	24.676070721899535	0.006382842918235782
39.0	30.944022467607073	31.23763324184592	13.027382396119231	24.784579051509542	0.006382842918235782
40.0	31.046147954298846	31.263164613518864	12.96993680985511	24.71436777940895	0.006382842918235782
41.0	30.956788153443544	31.199336184336502	13.148656411565712	24.688836407736005	0.006382842918235782
42.0	31.039765111380607	31.25678177060063	12.96993680985511	24.727133465245423	0.006382842918235782
43.0	30.96317099636178	31.263164613518864	13.065679453628645	24.70160209357248	0.006382842918235782
44.0	30.96317099636178	31.358907257292394	12.957171124018638	24.71436777940895	0.006382842918235782
45.0	30.956788153443544	31.250398927682387	13.008233867364524	24.778196208591307	0.006382842918235782
46.0	30.95040531052531	31.320610199782983	13.052913767792173	24.669687878981296	0.006382842918235782
47.0	30.905725410097656	31.250398927682387	13.065679453628645	24.771813365673072	0.006382842918235782
48.0	31.014233739707663	31.23763324184592	13.033765239037468	24.70798493649071	0.006382842918235782
49.0	31.007850896789428	31.25678177060063	13.072062296546882	24.656922193144826	0.006382842918235782
50.0	31.020616582625905	31.154656283908857	13.040148081955701	24.778196208591307	0.006382842918235782
51.0	30.95040531052531	31.27593029935533	12.982702495691582	24.784579051509542	0.006382842918235782
52.0	31.026999425544137	31.244016084764155	13.008233867364524	24.71436777940895	0.006382842918235782
53.0	30.956788153443544	31.288695985191804	13.014616710282759	24.733516308163654	0.006382842918235782
54.0	30.982319525116488	31.263164613518864	13.008233867364524	24.739899151081893	0.006382842918235782
55.0	30.96317099636178	31.27593029935533	13.020999553200996	24.733516308163654	0.006382842918235782
56.0	30.956788153443544	31.23763324184592	13.033765239037468	24.765430522754837	0.006382842918235782
57.0	30.969553839280017	31.301461671028274	13.040148081955701	24.68245356481777	0.006382842918235782
58.0	30.99508521095296	31.365290100210636	12.976319652773347	24.656922193144826	0.006382842918235782
59.0	30.98870236803472	31.186570498500032	13.065679453628645	24.752664836918363	0.006382842918235782
60.0	30.98870236803472	31.39720431480181	12.963553966936875	24.644156507308352	0.006382842918235782
61.0	30.956788153443544	31.31422735686475	13.001851024446287	24.720750622327184	0.006382842918235782
62.0	30.99508521095296	31.31422735686475	12.995468181528052	24.688836407736005	0.006382842918235782
63.0	30.956788153443544	31.320610199782983	12.976319652773347	24.739899151081893	0.006382842918235782
64.0	31.033382268462372	31.339758728537692	12.912491223590989	24.70798493649071	0.006382842918235782
65.0	30.982319525116488	31.31422735686475	12.995468181528052	24.70160209357248	0.006382842918235782
66.0	30.95040531052531	31.409970000638282	12.96993680985511	24.66330503606306	0.006382842918235782
67.0	30.99508521095296	31.346141571455927	13.001851024446287	24.65053935022659	0.006382842918235782
68.0	30.9312567817706	31.339758728537692	12.950788281100403	24.771813365673072	0.006382842918235782
69.0	31.039765111380607	31.333375885619454	12.950788281100403	24.669687878981296	0.006382842918235782
70.0	31.001468053871196	31.29507882811004	12.96993680985511	24.727133465245423	0.006382842918235782
71.0	30.982319525116488	31.403587157720047	12.950788281100403	24.656922193144826	0.006382842918235782
72.0	30.944022467607073	31.42911852939299	12.950788281100403	24.669687878981296	0.006382842918235782
73.0	30.99508521095296	31.39720431480181	12.93802259526393	24.66330503606306	0.006382842918235782
74.0	30.924873938852365	31.39082147188358	13.014616710282759	24.66330503606306	0.006382842918235782
75.0	31.007850896789428	31.288695985191804	12.950788281100403	24.746281994000128	0.006382842918235782
76.0	30.98870236803472	31.301461671028274	13.008233867364524	24.69521925065424	0.006382842918235782
77.0	30.982319525116488	31.32699304270122	12.995468181528052	24.688836407736005	0.006382842918235782
78.0	31.033382268462372	31.307844513946513	12.96993680985511	24.68245356481777	0.006382842918235782
79.0	30.9312567817706	31.31422735686475	12.96993680985511	24.778196208591307	0.006382842918235782
80.0	30.91210825301589	31.37167294312887	13.014616710282759	24.69521925065424	0.006382842918235782
81.0	31.007850896789428	31.250398927682387	12.963553966936875	24.771813365673072	0.006382842918235782
82.0	30.861045509670003	31.384438628965338	13.04653092487394	24.70160209357248	0.006382842918235782
83.0	30.99508521095296	31.339758728537692	12.982702495691582	24.676070721899535	0.006382842918235782
84.0	30.89934256717942	31.31422735686475	13.014616710282759	24.765430522754837	0.006382842918235782
85.0	30.975936682198252	31.384438628965338	12.931639752345694	24.70160209357248	0.006382842918235782
86.0	30.924873938852365	31.365290100210636	13.008233867364524	24.69521925065424	0.006382842918235782
87.0	30.96317099636178	31.346141571455927	12.92525690942746	24.7590476798366	0.006382842918235782
88.0	30.85466266675177	31.41635284355652	13.033765239037468	24.688836407736005	0.006382842918235782
89.0	30.975936682198252	31.39082147188358	12.950788281100403	24.676070721899535	0.006382842918235782
90.0	30.89934256717942	31.339758728537692	13.04653092487394	24.70798493649071	0.006382842918235782
91.0	30.95040531052531	31.358907257292394	12.976319652773347	24.70798493649071	0.006382842918235782
92.0	30.937639624688835	31.384438628965338	12.989085338609819	24.68245356481777	0.006382842918235782
93.0	30.944022467607073	31.4482670581477	12.880577008999808	24.720750622327184	0.006382842918235782
94.0	30.975936682198252	31.288695985191804	12.976319652773347	24.752664836918363	0.006382842918235782
95.0	30.956788153443544	31.454649901065935	12.874194166081573	24.70798493649071	0.006382842918235782
96.0	30.905725410097656	31.320610199782983	12.989085338609819	24.778196208591307	0.006382842918235782
97.0	30.905725410097656	31.524861173166528	12.89334269483628	24.669687878981296	0.006382842918235782
98.0	30.952380952380953	31.392825226605385	12.957998212689903	24.696795608323757	0.0
