# Position (bp)	A	C	G	T	N
0.0	31.05031566864358	31.369172884382373	12.907340093106306	24.66679420955296	0.006377144314775844
1.0	30.859001339200304	31.413812894585803	13.054014412346152	24.66679420955296	0.006377144314775844
2.0	30.973789936866268	31.362795740067597	12.951980103309738	24.705057075441616	0.006377144314775844
3.0	30.871755627829856	31.458452904789237	13.041260123716599	24.62215419934953	0.006377144314775844
4.0	30.9929213698106	31.407435750271027	12.94560295899496	24.647662776608634	0.006377144314775844
5.0	30.884509916459407	31.3883043173267	13.041260123716599	24.679548498182513	0.006377144314775844
6.0	31.06944710158791	31.420190038900582	12.94560295899496	24.558382756201773	0.006377144314775844
7.0	30.890887060774187	31.439321471844906	13.00937440214272	24.65403992092341	0.006377144314775844
8.0	31.012052802754926	31.37555002869715	12.93284867036541	24.673171353867737	0.006377144314775844
9.0	30.801607040367323	31.458452904789237	13.047637268031377	24.68592564249729	0.006377144314775844
10.0	31.04393852432881	31.330910018493718	12.93284867036541	24.68592564249729	0.006377144314775844
11.0	30.82073847331165	31.394681461641476	13.060391556660928	24.717811364071167	0.006377144314775844
12.0	31.012052802754926	31.35004145143805	12.94560295899496	24.68592564249729	0.006377144314775844
13.0	30.865378483515084	31.394681461641476	13.085900133920031	24.647662776608634	0.006377144314775844
14.0	30.967412792551496	31.279892863975512	12.983865824883617	24.7624513742746	0.006377144314775844
15.0	30.89726420508896	31.381927173011924	13.054014412346152	24.660417065238185	0.006377144314775844
16.0	30.935527070977614	31.318155729864166	13.028505835087048	24.71143421975639	0.006377144314775844
17.0	30.884509916459407	31.35004145143805	13.047637268031377	24.71143421975639	0.006377144314775844
18.0	30.92914992666284	31.299024296919843	13.015751546457496	24.749697085645046	0.006377144314775844
19.0	30.954658503921944	31.311778585549394	13.085900133920031	24.641285632293858	0.006377144314775844
20.0	30.90364134940374	31.35641859575282	13.034882979401823	24.69867993112684	0.006377144314775844
21.0	30.871755627829856	31.25438428671641	13.060391556660928	24.80709138447803	0.006377144314775844
22.0	31.00567565844015	31.279892863975512	13.034882979401823	24.673171353867737	0.006377144314775844
23.0	30.884509916459407	31.311778585549394	13.060391556660928	24.736942797015494	0.006377144314775844
24.0	30.967412792551496	31.248007142401633	13.041260123716599	24.736942797015494	0.006377144314775844
25.0	30.890887060774187	31.324532874178946	13.079522989605255	24.69867993112684	0.006377144314775844
26.0	30.948281359607165	31.292647152605063	13.00937440214272	24.74331994133027	0.006377144314775844
27.0	30.92914992666284	31.34366430712327	13.022128690772272	24.69867993112684	0.006377144314775844
28.0	30.89726420508896	31.35004145143805	13.002997257827944	24.74331994133027	0.006377144314775844
29.0	30.980167081181047	31.299024296919843	13.022128690772272	24.692302786812064	0.006377144314775844
30.0	30.91639563803329	31.330910018493718	13.047637268031377	24.69867993112684	0.006377144314775844
31.0	30.954658503921944	31.26713857534596	13.060391556660928	24.71143421975639	0.006377144314775844
32.0	30.980167081181047	31.330910018493718	13.028505835087048	24.65403992092341	0.006377144314775844
33.0	30.935527070977614	31.330910018493718	13.07314584529048	24.65403992092341	0.006377144314775844
34.0	31.03756138001403	31.228875709457306	13.060391556660928	24.66679420955296	0.006377144314775844
35.0	30.871755627829856	31.40105860595625	13.028505835087048	24.692302786812064	0.006377144314775844
36.0	30.99929851412537	31.28627000829029	13.015751546457496	24.692302786812064	0.006377144314775844
37.0	30.92914992666284	31.27351571966074	13.034882979401823	24.75607422995982	0.006377144314775844
38.0	31.00567565844015	31.34366430712327	12.977488680568841	24.66679420955296	0.006377144314775844
39.0	30.941904215292393	31.25438428671641	13.015751546457496	24.78158280721893	0.006377144314775844
40.0	31.06944710158791	31.27351571966074	12.951980103309738	24.69867993112684	0.006377144314775844
41.0	30.92914992666284	31.248007142401633	13.143294432753013	24.673171353867737	0.006377144314775844
42.0	31.05669281295836	31.279892863975512	12.939225814680185	24.717811364071167	0.006377144314775844
43.0	30.941904215292393	31.311778585549394	13.047637268031377	24.692302786812064	0.006377144314775844
44.0	30.967412792551496	31.3883043173267	12.939225814680185	24.69867993112684	0.006377144314775844
45.0	30.941904215292393	31.28627000829029	12.996620113513169	24.768828518589377	0.006377144314775844
46.0	30.954658503921944	31.337287162808497	13.034882979401823	24.66679420955296	0.006377144314775844
47.0	30.89726420508896	31.27351571966074	13.054014412346152	24.768828518589377	0.006377144314775844
48.0	31.031184235699254	31.260761431031188	13.00937440214272	24.692302786812064	0.006377144314775844
49.0	30.99929851412537	31.279892863975512	13.060391556660928	24.65403992092341	0.006377144314775844
50.0	31.03756138001403	31.171481410624324	13.015751546457496	24.768828518589377	0.006377144314775844
51.0	30.967412792551496	31.27351571966074	12.971111536254066	24.78158280721893	0.006377144314775844
52.0	31.012052802754926	31.279892863975512	12.990242969198393	24.71143421975639	0.006377144314775844
53.0	30.973789936866268	31.305401441234615	12.990242969198393	24.724188508385943	0.006377144314775844
54.0	31.012052802754926	31.279892863975512	12.983865824883617	24.717811364071167	0.006377144314775844
55.0	30.954658503921944	31.299024296919843	13.00937440214272	24.73056565270072	0.006377144314775844
56.0	30.961035648236717	31.26713857534596	13.00937440214272	24.75607422995982	0.006377144314775844
57.0	30.961035648236717	31.324532874178946	13.028505835087048	24.679548498182513	0.006377144314775844
58.0	30.980167081181047	31.3883043173267	12.958357247624514	24.66679420955296	0.006377144314775844
59.0	30.9929213698106	31.216121420827754	13.041260123716599	24.74331994133027	0.006377144314775844
60.0	30.98654422549582	31.413812894585803	12.958357247624514	24.634908487979082	0.006377144314775844
61.0	30.935527070977614	31.337287162808497	12.983865824883617	24.736942797015494	0.006377144314775844
62.0	30.967412792551496	31.34366430712327	12.983865824883617	24.69867993112684	0.006377144314775844
63.0	30.961035648236717	31.324532874178946	12.971111536254066	24.736942797015494	0.006377144314775844
64.0	31.012052802754926	31.362795740067597	12.90096294879153	24.717811364071167	0.006377144314775844
65.0	30.973789936866268	31.337287162808497	12.983865824883617	24.69867993112684	0.006377144314775844
66.0	30.954658503921944	31.40105860595625	12.96473439193929	24.673171353867737	0.006377144314775844
67.0	30.98654422549582	31.35641859575282	12.990242969198393	24.660417065238185	0.006377144314775844
68.0	30.91639563803329	31.35004145143805	12.94560295899496	24.78158280721893	0.006377144314775844
69.0	31.05669281295836	31.324532874178946	12.939225814680185	24.673171353867737	0.006377144314775844
70.0	31.018429947069702	31.305401441234615	12.958357247624514	24.71143421975639	0.006377144314775844
71.0	30.980167081181047	31.40105860595625	12.93284867036541	24.679548498182513	0.006377144314775844
72.0	30.948281359607165	31.439321471844906	12.951980103309738	24.65403992092341	0.006377144314775844
73.0	30.98654422549582	31.407435750271027	12.920094381735858	24.679548498182513	0.006377144314775844
74.0	30.91001849371851	31.407435750271027	13.00937440214272	24.66679420955296	0.006377144314775844
75.0	31.018429947069702	31.292647152605063	12.939225814680185	24.74331994133027	0.006377144314775844
76.0	30.98654422549582	31.305401441234615	13.002997257827944	24.69867993112684	0.006377144314775844
77.0	30.973789936866268	31.330910018493718	12.990242969198393	24.69867993112684	0.006377144314775844
78.0	31.031184235699254	31.318155729864166	12.96473439193929	24.679548498182513	0.006377144314775844
79.0	30.941904215292393	31.28627000829029	12.96473439193929	24.800714240163256	0.006377144314775844
80.0	30.92914992666284	31.369172884382373	13.00937440214272	24.68592564249729	0.006377144314775844
81.0	31.024807091384478	31.248007142401633	12.94560295899496	24.775205662904153	0.006377144314775844
82.0	30.884509916459407	31.369172884382373	13.034882979401823	24.705057075441616	0.006377144314775844
83.0	30.99929851412537	31.35641859575282	12.958357247624514	24.679548498182513	0.006377144314775844
84.0	30.91001849371851	31.318155729864166	12.996620113513169	24.768828518589377	0.006377144314775844
85.0	30.9929213698106	31.369172884382373	12.90096294879153	24.73056565270072	0.006377144314775844
86.0	30.941904215292393	31.381927173011924	13.002997257827944	24.66679420955296	0.006377144314775844
87.0	30.967412792551496	31.35004145143805	12.888208660161979	24.787959951533704	0.006377144314775844
88.0	30.878132772144635	31.426567183215354	13.028505835087048	24.660417065238185	0.006377144314775844
89.0	30.973789936866268	31.407435750271027	12.93284867036541	24.679548498182513	0.006377144314775844
90.0	30.90364134940374	31.337287162808497	13.047637268031377	24.705057075441616	0.006377144314775844
91.0	30.961035648236717	31.362795740067597	12.971111536254066	24.69867993112684	0.006377144314775844
92.0	30.941904215292393	31.40105860595625	12.983865824883617	24.66679420955296	0.006377144314775844
93.0	30.954658503921944	31.452075760474457	12.862700082902876	24.724188508385943	0.006377144314775844
94.0	30.98654422549582	31.292647152605063	12.977488680568841	24.736942797015494	0.006377144314775844
95.0	30.967412792551496	31.445698616159685	12.862700082902876	24.717811364071167	0.006377144314775844
96.0	30.91001849371851	31.330910018493718	12.977488680568841	24.775205662904153	0.006377144314775844
97.0	30.91001849371851	31.541355780881318	12.875454371532427	24.66679420955296	0.006377144314775844
98.0	30.96301020408163	31.39668367346939	12.946428571428573	24.693877551020407	0.0
