# Position (bp)	A	C	G	T	N
0.0	31.059108588917937	31.35879614869604	12.912070394694894	24.66364853663202	0.0063763310591085885
1.0	30.880571319262895	31.4034304661098	13.05234967799528	24.657272205572912	0.0063763310591085885
2.0	30.969839954090418	31.36517247975515	12.963081043167762	24.695530191927563	0.0063763310591085885
3.0	30.893323981381116	31.44168845246445	13.045973346936174	24.612637888159153	0.0063763310591085885
4.0	30.988968947267743	31.41618312822802	12.943952049990434	24.644519543454695	0.0063763310591085885
5.0	30.893323981381116	31.377925141873362	13.039597015877064	24.682777529809346	0.0063763310591085885
6.0	31.059108588917937	31.435312121405346	12.943952049990434	24.555250908627176	0.0063763310591085885
7.0	30.90607664349933	31.428935790346234	13.001339029522413	24.657272205572912	0.0063763310591085885
8.0	31.00809794044507	31.37154881081426	12.937575718931328	24.676401198750238	0.0063763310591085885
9.0	30.81680800867181	31.44806478352356	13.039597015877064	24.68915386086846	0.0063763310591085885
10.0	31.039979595740615	31.326914493400498	12.93119938787222	24.695530191927563	0.0063763310591085885
11.0	30.82318433973092	31.390677803991586	13.05234967799528	24.727411847223106	0.0063763310591085885
12.0	31.020850602563282	31.339667155518715	12.937575718931328	24.695530191927563	0.0063763310591085885
13.0	30.87419498820379	31.37154881081426	13.084231333290825	24.66364853663202	0.0063763310591085885
14.0	30.98259261620863	31.288656507045847	12.96945737422687	24.752917171459544	0.0063763310591085885
15.0	30.886947650322007	31.37154881081426	13.05234967799528	24.682777529809346	0.0063763310591085885
16.0	30.931581967735767	31.326914493400498	13.020468022699738	24.71465918510489	0.0063763310591085885
17.0	30.87419498820379	31.346043486577823	13.045973346936174	24.727411847223106	0.0063763310591085885
18.0	30.91245297455844	31.301409169164064	13.014091691640632	24.765669833577757	0.0063763310591085885
19.0	30.94433462985398	31.314161831282277	13.090607664349932	24.644519543454695	0.0063763310591085885
20.0	30.886947650322007	31.35879614869604	13.039597015877064	24.708282854045784	0.0063763310591085885
21.0	30.87419498820379	31.250398520691192	13.05872600905439	24.81030415099152	0.0063763310591085885
22.0	31.00809794044507	31.26952751386852	13.039597015877064	24.676401198750238	0.0063763310591085885
23.0	30.886947650322007	31.301409169164064	13.05872600905439	24.74654084040043	0.0063763310591085885
24.0	30.98259261620863	31.237645858572975	13.045973346936174	24.727411847223106	0.0063763310591085885
25.0	30.886947650322007	31.32053816234139	13.084231333290825	24.701906522986675	0.0063763310591085885
26.0	30.9570872919722	31.26952751386852	13.020468022699738	24.74654084040043	0.0063763310591085885
27.0	30.925205636676655	31.352419817636935	13.020468022699738	24.695530191927563	0.0063763310591085885
28.0	30.91245297455844	31.33329082445961	13.007715360581521	24.740164509341326	0.0063763310591085885
29.0	30.976216285149526	31.307785500223172	13.020468022699738	24.68915386086846	0.0063763310591085885
30.0	30.918829305617546	31.32053816234139	13.05234967799528	24.701906522986675	0.0063763310591085885
31.0	30.963463623031306	31.250398520691192	13.05872600905439	24.721035516164	0.0063763310591085885
32.0	30.969839954090418	31.33329082445961	13.026844353758849	24.66364853663202	0.0063763310591085885
33.0	30.9570872919722	31.29503283810495	13.077855002231717	24.66364853663202	0.0063763310591085885
34.0	31.020850602563282	31.231269527513867	13.0651023401135	24.676401198750238	0.0063763310591085885
35.0	30.886947650322007	31.377925141873362	13.026844353758849	24.701906522986675	0.0063763310591085885
36.0	30.988968947267743	31.288656507045847	13.026844353758849	24.68915386086846	0.0063763310591085885
37.0	30.925205636676655	31.26952751386852	13.033220684817955	24.765669833577757	0.0063763310591085885
38.0	31.001721609385957	31.339667155518715	12.988586367404196	24.66364853663202	0.0063763310591085885
39.0	30.931581967735767	31.2567748517503	13.020468022699738	24.784798826755086	0.0063763310591085885
40.0	31.059108588917937	31.275903844927626	12.956704712108651	24.701906522986675	0.0063763310591085885
41.0	30.94433462985398	31.244022189632087	13.135241981763693	24.670024867691133	0.0063763310591085885
42.0	31.05273225785883	31.263151182809413	12.950328381049545	24.727411847223106	0.0063763310591085885
43.0	30.9570872919722	31.301409169164064	13.045973346936174	24.68915386086846	0.0063763310591085885
44.0	30.976216285149526	31.37154881081426	12.950328381049545	24.695530191927563	0.0063763310591085885
45.0	30.963463623031306	31.275903844927626	12.994962698463306	24.759293502518652	0.0063763310591085885
46.0	30.963463623031306	31.33329082445961	13.033220684817955	24.66364853663202	0.0063763310591085885
47.0	30.91245297455844	31.263151182809413	13.05234967799528	24.765669833577757	0.0063763310591085885
48.0	31.039979595740615	31.237645858572975	13.014091691640632	24.701906522986675	0.0063763310591085885
49.0	31.00809794044507	31.282280175986738	13.05234967799528	24.650895874513804	0.0063763310591085885
50.0	31.039979595740615	31.16750621692278	13.007715360581521	24.778422495695978	0.0063763310591085885
51.0	30.963463623031306	31.288656507045847	12.963081043167762	24.778422495695978	0.0063763310591085885
52.0	31.014474271504177	31.263151182809413	12.988586367404196	24.727411847223106	0.0063763310591085885
53.0	30.963463623031306	31.301409169164064	13.007715360581521	24.721035516164	0.0063763310591085885
54.0	31.00809794044507	31.275903844927626	12.982210036345087	24.727411847223106	0.0063763310591085885
55.0	30.950710960913092	31.29503283810495	13.007715360581521	24.740164509341326	0.0063763310591085885
56.0	30.969839954090418	31.250398520691192	13.007715360581521	24.765669833577757	0.0063763310591085885
57.0	30.963463623031306	31.307785500223172	13.026844353758849	24.695530191927563	0.0063763310591085885
58.0	30.99534527832685	31.35879614869604	12.956704712108651	24.682777529809346	0.0063763310591085885
59.0	30.988968947267743	31.22489319645476	13.026844353758849	24.752917171459544	0.0063763310591085885
60.0	30.988968947267743	31.40980679716891	12.950328381049545	24.644519543454695	0.0063763310591085885
61.0	30.931581967735767	31.339667155518715	12.975833705285977	24.74654084040043	0.0063763310591085885
62.0	30.988968947267743	31.33329082445961	12.975833705285977	24.695530191927563	0.0063763310591085885
63.0	30.969839954090418	31.314161831282277	12.96945737422687	24.740164509341326	0.0063763310591085885
64.0	31.033603264681503	31.35879614869604	12.886565070458458	24.71465918510489	0.0063763310591085885
65.0	30.963463623031306	31.339667155518715	12.988586367404196	24.701906522986675	0.0063763310591085885
66.0	30.969839954090418	31.384301472932474	12.963081043167762	24.676401198750238	0.0063763310591085885
67.0	30.976216285149526	31.37154881081426	12.982210036345087	24.66364853663202	0.0063763310591085885
68.0	30.931581967735767	31.33329082445961	12.943952049990434	24.784798826755086	0.0063763310591085885
69.0	31.04635592679972	31.346043486577823	12.918446725754002	24.682777529809346	0.0063763310591085885
70.0	31.00809794044507	31.301409169164064	12.963081043167762	24.721035516164	0.0063763310591085885
71.0	30.976216285149526	31.40980679716891	12.924823056813109	24.682777529809346	0.0063763310591085885
72.0	30.963463623031306	31.435312121405346	12.937575718931328	24.657272205572912	0.0063763310591085885
73.0	30.988968947267743	31.4034304661098	12.93119938787222	24.670024867691133	0.0063763310591085885
74.0	30.918829305617546	31.4034304661098	13.007715360581521	24.66364853663202	0.0063763310591085885
75.0	31.020850602563282	31.288656507045847	12.93119938787222	24.752917171459544	0.0063763310591085885
76.0	30.988968947267743	31.29503283810495	13.001339029522413	24.708282854045784	0.0063763310591085885
77.0	30.98259261620863	31.33329082445961	12.975833705285977	24.701906522986675	0.0063763310591085885
78.0	31.039979595740615	31.307785500223172	12.963081043167762	24.682777529809346	0.0063763310591085885
79.0	30.94433462985398	31.29503283810495	12.943952049990434	24.81030415099152	0.0063763310591085885
80.0	30.918829305617546	31.384301472932474	12.994962698463306	24.695530191927563	0.0063763310591085885
81.0	31.014474271504177	31.250398520691192	12.950328381049545	24.778422495695978	0.0063763310591085885
82.0	30.880571319262895	31.37154881081426	13.033220684817955	24.708282854045784	0.0063763310591085885
83.0	31.001721609385957	31.352419817636935	12.96945737422687	24.670024867691133	0.0063763310591085885
84.0	30.89970031244022	31.32053816234139	12.994962698463306	24.778422495695978	0.0063763310591085885
85.0	30.988968947267743	31.36517247975515	12.912070394694894	24.727411847223106	0.0063763310591085885
86.0	30.93795829879487	31.37154881081426	13.007715360581521	24.676401198750238	0.0063763310591085885
87.0	30.969839954090418	31.326914493400498	12.905694063635783	24.791175157814195	0.0063763310591085885
88.0	30.86781865714468	31.422559459287125	13.033220684817955	24.670024867691133	0.0063763310591085885
89.0	30.976216285149526	31.397054135050688	12.924823056813109	24.695530191927563	0.0063763310591085885
90.0	30.893323981381116	31.339667155518715	13.05872600905439	24.701906522986675	0.0063763310591085885
91.0	30.9570872919722	31.35879614869604	12.963081043167762	24.71465918510489	0.0063763310591085885
92.0	30.93795829879487	31.384301472932474	12.988586367404196	24.682777529809346	0.0063763310591085885
93.0	30.931581967735767	31.44806478352356	12.867436077281132	24.74654084040043	0.0063763310591085885
94.0	30.976216285149526	31.29503283810495	12.982210036345087	24.740164509341326	0.0063763310591085885
95.0	30.9570872919722	31.44168845246445	12.867436077281132	24.727411847223106	0.0063763310591085885
96.0	30.893323981381116	31.339667155518715	12.982210036345087	24.778422495695978	0.0063763310591085885
97.0	30.90607664349933	31.518204425173757	12.880188739399351	24.68915386086846	0.0063763310591085885
98.0	30.933554393572248	31.40543298048718	12.957530927177654	24.703481698762914	0.0
