# Position (bp)	A	C	G	T	N
0.0	31.04525175270873	31.351179094964948	12.91268323773104	24.68451242829828	0.006373486297004461
1.0	30.892288081580627	31.38942001274697	13.040152963671128	24.67176545570427	0.006373486297004461
2.0	30.968769917144677	31.376673040152962	12.944550669216062	24.703632887189293	0.006373486297004461
3.0	30.892288081580627	31.427660930529	13.059273422562143	24.614404079031228	0.006373486297004461
4.0	30.981516889738685	31.414913957934992	12.944550669216062	24.652644996813255	0.006373486297004461
5.0	30.898661567877628	31.370299553855958	13.040152963671128	24.68451242829828	0.006373486297004461
6.0	31.05799872530274	31.427660930529	12.938177182919055	24.5697896749522	0.006373486297004461
7.0	30.905035054174633	31.421287444231993	13.008285532186106	24.659018483110263	0.006373486297004461
8.0	31.000637348629702	31.38304652644997	12.938177182919055	24.67176545570427	0.006373486297004461
9.0	30.828553218610583	31.440407903123006	13.033779477374125	24.690885914595285	0.006373486297004461
10.0	31.051625239005737	31.312938177182918	12.919056724028044	24.710006373486294	0.006373486297004461
11.0	30.847673677501593	31.39579349904398	13.040152963671128	24.710006373486294	0.006373486297004461
12.0	31.000637348629702	31.35755258126195	12.944550669216062	24.690885914595285	0.006373486297004461
13.0	30.866794136392606	31.370299553855958	13.078393881453154	24.678138942001272	0.006373486297004461
14.0	30.962396430847672	31.300191204588913	12.982791586998088	24.748247291268324	0.006373486297004461
15.0	30.88591459528362	31.370299553855958	13.046526449968132	24.690885914595285	0.006373486297004461
16.0	30.943275971956663	31.319311663479926	13.01465901848311	24.716379859783302	0.006373486297004461
17.0	30.866794136392606	31.34480560866794	13.046526449968132	24.735500318674315	0.006373486297004461
18.0	30.92415551306565	31.306564690885914	13.021032504780115	24.74187380497132	0.006373486297004461
19.0	30.949649458253663	31.300191204588913	13.07202039515615	24.67176545570427	0.006373486297004461
20.0	30.92415551306565	31.34480560866794	13.027405991077117	24.69725940089229	0.006373486297004461
21.0	30.860420650095605	31.261950286806883	13.046526449968132	24.824729126832377	0.006373486297004461
22.0	31.007010834926707	31.287444231994897	13.033779477374125	24.665391969407267	0.006373486297004461
23.0	30.892288081580627	31.306564690885914	13.033779477374125	24.760994263862333	0.006373486297004461
24.0	30.981516889738685	31.24282982791587	13.027405991077117	24.74187380497132	0.006373486297004461
25.0	30.88591459528362	31.325685149776927	13.065646908859147	24.716379859783302	0.006373486297004461
26.0	30.968769917144677	31.281070745697896	13.001912045889103	24.74187380497132	0.006373486297004461
27.0	30.91778202676864	31.351179094964948	13.01465901848311	24.710006373486294	0.006373486297004461
28.0	30.905035054174633	31.338432122370936	13.008285532186106	24.74187380497132	0.006373486297004461
29.0	30.987890376035693	31.287444231994897	13.008285532186106	24.710006373486294	0.006373486297004461
30.0	30.911408540471637	31.338432122370936	13.040152963671128	24.703632887189293	0.006373486297004461
31.0	30.968769917144677	31.26832377310389	13.059273422562143	24.69725940089229	0.006373486297004461
32.0	30.975143403441685	31.338432122370936	13.001912045889103	24.678138942001272	0.006373486297004461
33.0	30.949649458253663	31.306564690885914	13.065646908859147	24.67176545570427	0.006373486297004461
34.0	31.019757807520715	31.25557680050988	13.065646908859147	24.652644996813255	0.006373486297004461
35.0	30.892288081580627	31.40216698534098	13.008285532186106	24.690885914595285	0.006373486297004461
36.0	30.994263862332694	31.300191204588913	12.995538559592095	24.703632887189293	0.006373486297004461
37.0	30.93052899936265	31.26832377310389	13.040152963671128	24.75462077756533	0.006373486297004461
38.0	30.987890376035693	31.363926067558957	12.982791586998088	24.659018483110263	0.006373486297004461
39.0	30.962396430847672	31.23008285532186	13.001912045889103	24.79923518164436	0.006373486297004461
40.0	31.051625239005737	31.287444231994897	12.95729764181007	24.69725940089229	0.006373486297004461
41.0	30.943275971956663	31.249203314212874	13.129381771829191	24.67176545570427	0.006373486297004461
42.0	31.03887826641173	31.287444231994897	12.944550669216062	24.722753346080307	0.006373486297004461
43.0	30.949649458253663	31.281070745697896	13.046526449968132	24.716379859783302	0.006373486297004461
44.0	30.968769917144677	31.38942001274697	12.944550669216062	24.690885914595285	0.006373486297004461
45.0	30.962396430847672	31.249203314212874	13.001912045889103	24.780114722753346	0.006373486297004461
46.0	30.981516889738685	31.34480560866794	13.01465901848311	24.652644996813255	0.006373486297004461
47.0	30.905035054174633	31.27469725940089	13.052899936265137	24.760994263862333	0.006373486297004461
48.0	31.019757807520715	31.25557680050988	13.01465901848311	24.703632887189293	0.006373486297004461
49.0	31.013384321223707	31.26832377310389	13.046526449968132	24.665391969407267	0.006373486297004461
50.0	31.04525175270873	31.18546845124283	13.001912045889103	24.760994263862333	0.006373486297004461
51.0	30.92415551306565	31.300191204588913	12.982791586998088	24.78648820905035	0.006373486297004461
52.0	31.026131293817716	31.26832377310389	12.970044614404081	24.72912683237731	0.006373486297004461
53.0	30.962396430847672	31.306564690885914	12.989165073295093	24.735500318674315	0.006373486297004461
54.0	30.987890376035693	31.261950286806883	13.001912045889103	24.74187380497132	0.006373486297004461
55.0	30.95602294455067	31.293817718291905	12.995538559592095	24.748247291268324	0.006373486297004461
56.0	30.994263862332694	31.25557680050988	12.995538559592095	24.748247291268324	0.006373486297004461
57.0	30.949649458253663	31.319311663479926	13.046526449968132	24.678138942001272	0.006373486297004461
58.0	30.994263862332694	31.363926067558957	12.944550669216062	24.690885914595285	0.006373486297004461
59.0	31.007010834926707	31.23008285532186	13.021032504780115	24.735500318674315	0.006373486297004461
60.0	30.987890376035693	31.40216698534098	12.963671128107073	24.63989802421925	0.006373486297004461
61.0	30.93052899936265	31.34480560866794	12.982791586998088	24.735500318674315	0.006373486297004461
62.0	31.007010834926707	31.351179094964948	12.950924155513066	24.68451242829828	0.006373486297004461
63.0	30.943275971956663	31.332058636073935	12.982791586998088	24.735500318674315	0.006373486297004461
64.0	31.007010834926707	31.35755258126195	12.906309751434033	24.722753346080307	0.006373486297004461
65.0	30.981516889738685	31.351179094964948	12.976418100701084	24.68451242829828	0.006373486297004461
66.0	30.95602294455067	31.39579349904398	12.950924155513066	24.690885914595285	0.006373486297004461
67.0	30.968769917144677	31.38304652644997	12.982791586998088	24.659018483110263	0.006373486297004461
68.0	30.92415551306565	31.338432122370936	12.944550669216062	24.78648820905035	0.006373486297004461
69.0	31.064372211599746	31.332058636073935	12.925430210325048	24.67176545570427	0.006373486297004461
70.0	30.994263862332694	31.300191204588913	12.963671128107073	24.735500318674315	0.006373486297004461
71.0	30.994263862332694	31.408540471637984	12.919056724028044	24.67176545570427	0.006373486297004461
72.0	30.95602294455067	31.421287444231993	12.938177182919055	24.678138942001272	0.006373486297004461
73.0	30.994263862332694	31.39579349904398	12.931803696622051	24.67176545570427	0.006373486297004461
74.0	30.92415551306565	31.40216698534098	13.008285532186106	24.659018483110263	0.006373486297004461
75.0	31.03250478011472	31.293817718291905	12.925430210325048	24.74187380497132	0.006373486297004461
76.0	30.968769917144677	31.306564690885914	13.001912045889103	24.716379859783302	0.006373486297004461
77.0	30.968769917144677	31.35755258126195	12.970044614404081	24.69725940089229	0.006373486297004461
78.0	31.019757807520715	31.332058636073935	12.95729764181007	24.68451242829828	0.006373486297004461
79.0	30.936902485659658	31.306564690885914	12.963671128107073	24.78648820905035	0.006373486297004461
80.0	30.92415551306565	31.38942001274697	12.989165073295093	24.690885914595285	0.006373486297004461
81.0	31.019757807520715	31.27469725940089	12.925430210325048	24.773741236456342	0.006373486297004461
82.0	30.873167622689614	31.370299553855958	13.046526449968132	24.703632887189293	0.006373486297004461
83.0	31.000637348629702	31.376673040152962	12.95729764181007	24.659018483110263	0.006373486297004461
84.0	30.93052899936265	31.306564690885914	12.989165073295093	24.767367750159337	0.006373486297004461
85.0	30.987890376035693	31.376673040152962	12.91268323773104	24.716379859783302	0.006373486297004461
86.0	30.95602294455067	31.370299553855958	13.008285532186106	24.659018483110263	0.006373486297004461
87.0	30.949649458253663	31.351179094964948	12.893562778840026	24.79923518164436	0.006373486297004461
88.0	30.879541108986615	31.414913957934992	13.027405991077117	24.67176545570427	0.006373486297004461
89.0	30.981516889738685	31.38304652644997	12.938177182919055	24.690885914595285	0.006373486297004461
90.0	30.892288081580627	31.351179094964948	13.046526449968132	24.703632887189293	0.006373486297004461
91.0	30.95602294455067	31.363926067558957	12.95729764181007	24.716379859783302	0.006373486297004461
92.0	30.93052899936265	31.40216698534098	12.976418100701084	24.68451242829828	0.006373486297004461
93.0	30.949649458253663	31.440407903123006	12.861695347355004	24.74187380497132	0.006373486297004461
94.0	30.981516889738685	31.300191204588913	12.970044614404081	24.74187380497132	0.006373486297004461
95.0	30.962396430847672	31.427660930529	12.880815806246016	24.722753346080307	0.006373486297004461
96.0	30.91778202676864	31.332058636073935	12.95729764181007	24.78648820905035	0.006373486297004461
97.0	30.92415551306565	31.523263224984067	12.861695347355004	24.68451242829828	0.006373486297004461
98.0	30.951622155650455	31.410542418254828	12.945375740965007	24.69245968512971	0.0
