# Position (bp)	A	C	G	T	N
0.0	31.057889344262296	31.422899590163933	12.807377049180326	24.705430327868854	0.006403688524590164
1.0	30.872182377049178	31.454918032786882	12.980276639344263	24.68621926229508	0.006403688524590164
2.0	30.955430327868854	31.429303278688526	12.884221311475411	24.724641393442624	0.006403688524590164
3.0	30.84016393442623	31.53176229508197	12.954661885245903	24.667008196721312	0.006403688524590164
4.0	30.981045081967213	31.467725409836067	12.877817622950818	24.667008196721312	0.006403688524590164
5.0	30.859375	31.435706967213118	12.986680327868852	24.711834016393443	0.006403688524590164
6.0	31.051485655737704	31.474129098360653	12.890625	24.57735655737705	0.006403688524590164
7.0	30.917008196721312	31.435706967213118	12.941854508196721	24.69902663934426	0.006403688524590164
8.0	30.99385245901639	31.422899590163933	12.87141393442623	24.705430327868854	0.006403688524590164
9.0	30.82095286885246	31.474129098360653	12.980276639344263	24.71823770491803	0.006403688524590164
10.0	31.064293032786882	31.371670081967213	12.84579918032787	24.711834016393443	0.006403688524590164
11.0	30.852971311475407	31.416495901639347	12.986680327868852	24.737448770491806	0.006403688524590164
12.0	31.045081967213118	31.371670081967213	12.877817622950818	24.69902663934426	0.006403688524590164
13.0	30.904200819672127	31.403688524590162	13.025102459016393	24.66060450819672	0.006403688524590164
14.0	31.000256147540984	31.314036885245898	12.90983606557377	24.769467213114755	0.006403688524590164
15.0	30.917008196721312	31.416495901639347	12.980276639344263	24.67981557377049	0.006403688524590164
16.0	30.942622950819672	31.365266393442624	12.980276639344263	24.705430327868854	0.006403688524590164
17.0	30.884989754098363	31.390881147540984	13.005891393442623	24.711834016393443	0.006403688524590164
18.0	30.942622950819672	31.333247950819672	12.967469262295081	24.750256147540984	0.006403688524590164
19.0	30.94902663934426	31.352459016393443	13.044313524590164	24.64779713114754	0.006403688524590164
20.0	30.884989754098363	31.410092213114755	12.986680327868852	24.711834016393443	0.006403688524590164
21.0	30.89779713114754	31.26921106557377	13.018698770491804	24.807889344262296	0.006403688524590164
22.0	31.013063524590162	31.30122950819672	13.005891393442623	24.6734118852459	0.006403688524590164
23.0	30.89139344262295	31.346055327868854	13.025102459016393	24.731045081967213	0.006403688524590164
24.0	30.987448770491806	31.28201844262295	12.993084016393441	24.731045081967213	0.006403688524590164
25.0	30.91060450819672	31.378073770491806	13.025102459016393	24.67981557377049	0.006403688524590164
26.0	30.961834016393443	31.346055327868854	12.967469262295081	24.71823770491803	0.006403688524590164
27.0	30.923411885245898	31.390881147540984	12.980276639344263	24.69902663934426	0.006403688524590164
28.0	30.91060450819672	31.38447745901639	12.980276639344263	24.71823770491803	0.006403688524590164
29.0	30.96823770491803	31.371670081967213	12.986680327868852	24.667008196721312	0.006403688524590164
30.0	30.923411885245898	31.378073770491806	13.025102459016393	24.667008196721312	0.006403688524590164
31.0	30.99385245901639	31.307633196721312	12.993084016393441	24.69902663934426	0.006403688524590164
32.0	30.981045081967213	31.378073770491806	12.993084016393441	24.64139344262295	0.006403688524590164
33.0	30.96823770491803	31.33965163934426	13.031506147540984	24.65420081967213	0.006403688524590164
34.0	31.038678278688526	31.28201844262295	13.018698770491804	24.65420081967213	0.006403688524590164
35.0	30.87858606557377	31.422899590163933	13.012295081967212	24.67981557377049	0.006403688524590164
36.0	31.006659836065577	31.33965163934426	13.005891393442623	24.64139344262295	0.006403688524590164
37.0	30.955430327868854	31.28201844262295	12.999487704918034	24.756659836065573	0.006403688524590164
38.0	31.038678278688526	31.378073770491806	12.954661885245903	24.62218237704918	0.006403688524590164
39.0	30.942622950819672	31.28201844262295	12.999487704918034	24.769467213114755	0.006403688524590164
40.0	31.070696721311474	31.28842213114754	12.941854508196721	24.692622950819672	0.006403688524590164
41.0	30.94902663934426	31.28842213114754	13.101946721311474	24.65420081967213	0.006403688524590164
42.0	31.070696721311474	31.294825819672127	12.941854508196721	24.68621926229508	0.006403688524590164
43.0	30.955430327868854	31.333247950819672	13.025102459016393	24.67981557377049	0.006403688524590164
44.0	30.99385245901639	31.410092213114755	12.903432377049182	24.68621926229508	0.006403688524590164
45.0	30.94902663934426	31.294825819672127	12.986680327868852	24.763063524590166	0.006403688524590164
46.0	30.94902663934426	31.403688524590162	13.005891393442623	24.63498975409836	0.006403688524590164
47.0	30.89779713114754	31.32044057377049	13.031506147540984	24.743852459016395	0.006403688524590164
48.0	31.045081967213118	31.28842213114754	12.993084016393441	24.667008196721312	0.006403688524590164
49.0	31.000256147540984	31.326844262295083	13.037909836065573	24.62858606557377	0.006403688524590164
50.0	31.032274590163933	31.192366803278688	13.005891393442623	24.763063524590166	0.006403688524590164
51.0	30.955430327868854	31.333247950819672	12.954661885245903	24.750256147540984	0.006403688524590164
52.0	31.045081967213118	31.28842213114754	12.967469262295081	24.692622950819672	0.006403688524590164
53.0	30.936219262295083	31.33965163934426	12.999487704918034	24.71823770491803	0.006403688524590164
54.0	31.019467213114755	31.28842213114754	12.980276639344263	24.705430327868854	0.006403688524590164
55.0	30.942622950819672	31.294825819672127	12.999487704918034	24.756659836065573	0.006403688524590164
56.0	30.96823770491803	31.26921106557377	13.012295081967212	24.743852459016395	0.006403688524590164
57.0	30.961834016393443	31.326844262295083	13.031506147540984	24.6734118852459	0.006403688524590164
58.0	30.987448770491806	31.378073770491806	12.948258196721312	24.67981557377049	0.006403688524590164
59.0	31.000256147540984	31.21157786885246	13.037909836065573	24.743852459016395	0.006403688524590164
60.0	31.006659836065577	31.410092213114755	12.948258196721312	24.62858606557377	0.006403688524590164
61.0	30.94902663934426	31.333247950819672	12.980276639344263	24.731045081967213	0.006403688524590164
62.0	30.99385245901639	31.346055327868854	12.961065573770492	24.692622950819672	0.006403688524590164
63.0	30.987448770491806	31.333247950819672	12.961065573770492	24.711834016393443	0.006403688524590164
64.0	31.025870901639347	31.365266393442624	12.897028688524589	24.705430327868854	0.006403688524590164
65.0	30.981045081967213	31.35886270491803	12.961065573770492	24.692622950819672	0.006403688524590164
66.0	30.955430327868854	31.397284836065577	12.973872950819674	24.667008196721312	0.006403688524590164
67.0	30.99385245901639	31.371670081967213	12.961065573770492	24.667008196721312	0.006403688524590164
68.0	30.942622950819672	31.352459016393443	12.929047131147541	24.769467213114755	0.006403688524590164
69.0	31.083504098360653	31.32044057377049	12.91623975409836	24.6734118852459	0.006403688524590164
70.0	31.032274590163933	31.30122950819672	12.948258196721312	24.711834016393443	0.006403688524590164
71.0	31.019467213114755	31.38447745901639	12.90983606557377	24.67981557377049	0.006403688524590164
72.0	30.987448770491806	31.429303278688526	12.93545081967213	24.64139344262295	0.006403688524590164
73.0	31.019467213114755	31.38447745901639	12.897028688524589	24.692622950819672	0.006403688524590164
74.0	30.942622950819672	31.410092213114755	12.973872950819674	24.667008196721312	0.006403688524590164
75.0	31.077100409836067	31.275614754098363	12.903432377049182	24.737448770491806	0.006403688524590164
76.0	31.025870901639347	31.30122950819672	12.980276639344263	24.68621926229508	0.006403688524590164
77.0	31.013063524590162	31.352459016393443	12.93545081967213	24.692622950819672	0.006403688524590164
78.0	31.070696721311474	31.326844262295083	12.922643442622949	24.6734118852459	0.006403688524590164
79.0	30.987448770491806	31.28842213114754	12.90983606557377	24.807889344262296	0.006403688524590164
80.0	30.94902663934426	31.416495901639347	12.961065573770492	24.667008196721312	0.006403688524590164
81.0	31.070696721311474	31.25	12.90983606557377	24.763063524590166	0.006403688524590164
82.0	30.904200819672127	31.38447745901639	13.031506147540984	24.6734118852459	0.006403688524590164
83.0	31.025870901639347	31.365266393442624	12.93545081967213	24.667008196721312	0.006403688524590164
84.0	30.92981557377049	31.33965163934426	12.967469262295081	24.756659836065573	0.006403688524590164
85.0	31.006659836065577	31.365266393442624	12.903432377049182	24.71823770491803	0.006403688524590164
86.0	30.96823770491803	31.35886270491803	12.986680327868852	24.67981557377049	0.006403688524590164
87.0	30.987448770491806	31.326844262295083	12.890625	24.788678278688526	0.006403688524590164
88.0	30.89139344262295	31.422899590163933	13.012295081967212	24.667008196721312	0.006403688524590164
89.0	31.013063524590162	31.378073770491806	12.929047131147541	24.6734118852459	0.006403688524590164
90.0	30.936219262295083	31.35886270491803	13.025102459016393	24.6734118852459	0.006403688524590164
91.0	31.000256147540984	31.352459016393443	12.941854508196721	24.69902663934426	0.006403688524590164
92.0	30.955430327868854	31.403688524590162	12.973872950819674	24.66060450819672	0.006403688524590164
93.0	30.987448770491806	31.448514344262296	12.84579918032787	24.711834016393443	0.006403688524590164
94.0	31.025870901639347	31.28842213114754	12.973872950819674	24.705430327868854	0.006403688524590164
95.0	31.006659836065577	31.448514344262296	12.86501024590164	24.6734118852459	0.006403688524590164
96.0	30.923411885245898	31.346055327868854	12.967469262295081	24.756659836065573	0.006403688524590164
97.0	30.94902663934426	31.50614754098361	12.890625	24.64779713114754	0.006403688524590164
98.0	30.9702209414025	31.405699647774576	12.955491514569326	24.6685878962536	0.0
