# Position (bp)	A	C	G	T	N
0.0	31.095021464727367	31.357724098161082	12.917280707374895	24.623566348433396	0.006407381303261357
1.0	30.93483693214583	31.421797911193693	13.051835714743385	24.585122060613827	0.006407381303261357
2.0	31.01813288908823	31.36413147946434	12.955724995194466	24.6556032549497	0.006407381303261357
3.0	30.93483693214583	31.44102005510348	13.045428333440123	24.572307298007303	0.006407381303261357
4.0	31.024540270391494	31.415390529890434	12.949317613891203	24.604344204523613	0.006407381303261357
5.0	30.93483693214583	31.370538860767606	13.045428333440123	24.64278849234318	0.006407381303261357
6.0	31.120650989940412	31.44102005510348	12.942910232587943	24.489011341064906	0.006407381303261357
7.0	30.93483693214583	31.44102005510348	13.01979880822708	24.59793682322035	0.006407381303261357
8.0	31.056577176907794	31.383353623374127	12.930095469981417	24.623566348433396	0.006407381303261357
9.0	30.87717050041648	31.434612673800217	13.058243096046645	24.623566348433396	0.006407381303261357
10.0	31.101428846030625	31.319279810341516	12.93650285128468	24.636381111039917	0.006407381303261357
11.0	30.896392644326266	31.383353623374127	13.058243096046645	24.6556032549497	0.006407381303261357
12.0	31.082206702120846	31.325687191644775	12.955724995194466	24.62997372973666	0.006407381303261357
13.0	30.93483693214583	31.383353623374127	13.096687383866215	24.578714679310565	0.006407381303261357
14.0	31.037355032998015	31.28724290382521	12.994169283014031	24.674825398859486	0.006407381303261357
15.0	30.947651694752352	31.36413147946434	13.077465239956428	24.604344204523613	0.006407381303261357
16.0	30.992503363875183	31.319279810341516	13.0326135708336	24.64919587364644	0.006407381303261357
17.0	30.928429550842573	31.338501954251296	13.077465239956428	24.64919587364644	0.006407381303261357
18.0	30.973281219965397	31.30005766643173	13.02620618953034	24.69404754276927	0.006407381303261357
19.0	30.992503363875183	31.30005766643173	13.103094765169477	24.59793682322035	0.006407381303261357
20.0	30.947651694752352	31.357724098161082	13.051835714743385	24.636381111039917	0.006407381303261357
21.0	30.92202216953931	31.229576472095854	13.08387262125969	24.758121355801883	0.006407381303261357
22.0	31.043762414301273	31.280835522521944	13.051835714743385	24.617158967130134	0.006407381303261357
23.0	30.928429550842573	31.28724290382521	13.077465239956428	24.70045492407253	0.006407381303261357
24.0	31.01172550778497	31.242391234702378	13.051835714743385	24.68764016146601	0.006407381303261357
25.0	30.928429550842573	31.31287242903825	13.09028000256295	24.662010636252962	0.006407381303261357
26.0	30.979688601268663	31.30005766643173	13.02620618953034	24.68764016146601	0.006407381303261357
27.0	30.954059076055618	31.35131671685782	13.02620618953034	24.662010636252962	0.006407381303261357
28.0	30.909207406932786	31.357724098161082	13.01979880822708	24.706862305375793	0.006407381303261357
29.0	31.01172550778497	31.30646504773499	13.02620618953034	24.64919587364644	0.006407381303261357
30.0	30.928429550842573	31.35131671685782	13.058243096046645	24.6556032549497	0.006407381303261357
31.0	30.973281219965397	31.268020759915423	13.077465239956428	24.674825398859486	0.006407381303261357
32.0	30.992503363875183	31.338501954251296	13.0326135708336	24.62997372973666	0.006407381303261357
33.0	30.960466457358876	31.30646504773499	13.103094765169477	24.623566348433396	0.006407381303261357
34.0	31.05016979560454	31.242391234702378	13.077465239956428	24.623566348433396	0.006407381303261357
35.0	30.909207406932786	31.376946242070865	13.045428333440123	24.662010636252962	0.006407381303261357
36.0	31.01172550778497	31.28724290382521	13.051835714743385	24.64278849234318	0.006407381303261357
37.0	30.96687383866214	31.2552059973089	13.058243096046645	24.713269686679055	0.006407381303261357
38.0	31.005318126481708	31.332094572948037	13.013391426923814	24.64278849234318	0.006407381303261357
39.0	30.954059076055618	31.24879861600564	13.058243096046645	24.732491830588838	0.006407381303261357
40.0	31.088614083424105	31.280835522521944	12.98776190171077	24.636381111039917	0.006407381303261357
41.0	30.93483693214583	31.2552059973089	13.160761196898827	24.64278849234318	0.006407381303261357
42.0	31.043762414301273	31.274428141218685	12.994169283014031	24.68123278016275	0.006407381303261357
43.0	30.947651694752352	31.30005766643173	13.077465239956428	24.668418017556224	0.006407381303261357
44.0	30.954059076055618	31.402575767283913	12.981354520407509	24.6556032549497	0.006407381303261357
45.0	30.947651694752352	31.293650285128464	13.02620618953034	24.726084449285576	0.006407381303261357
46.0	30.947651694752352	31.357724098161082	13.058243096046645	24.62997372973666	0.006407381303261357
47.0	30.909207406932786	31.274428141218685	13.08387262125969	24.726084449285576	0.006407381303261357
48.0	31.024540270391494	31.242391234702378	13.058243096046645	24.668418017556224	0.006407381303261357
49.0	30.998910745178442	31.30005766643173	13.08387262125969	24.610751585826872	0.006407381303261357
50.0	31.037355032998015	31.178317421669767	13.045428333440123	24.732491830588838	0.006407381303261357
51.0	30.96687383866214	31.268020759915423	12.994169283014031	24.764528737105145	0.006407381303261357
52.0	31.01813288908823	31.261613378612164	13.02620618953034	24.68764016146601	0.006407381303261357
53.0	30.960466457358876	31.293650285128464	13.0326135708336	24.706862305375793	0.006407381303261357
54.0	31.01813288908823	31.268020759915423	13.013391426923814	24.69404754276927	0.006407381303261357
55.0	30.954059076055618	31.280835522521944	13.039020952136863	24.719677067982314	0.006407381303261357
56.0	30.960466457358876	31.24879861600564	13.051835714743385	24.732491830588838	0.006407381303261357
57.0	30.960466457358876	31.325687191644775	13.058243096046645	24.64919587364644	0.006407381303261357
58.0	30.973281219965397	31.383353623374127	12.968539757800986	24.668418017556224	0.006407381303261357
59.0	30.973281219965397	31.23598385339912	13.064650477349907	24.719677067982314	0.006407381303261357
60.0	30.979688601268663	31.44102005510348	12.968539757800986	24.604344204523613	0.006407381303261357
61.0	30.909207406932786	31.35131671685782	13.013391426923814	24.719677067982314	0.006407381303261357
62.0	30.954059076055618	31.36413147946434	12.994169283014031	24.68123278016275	0.006407381303261357
63.0	30.947651694752352	31.338501954251296	12.981354520407509	24.726084449285576	0.006407381303261357
64.0	30.998910745178442	31.383353623374127	12.917280707374895	24.69404754276927	0.006407381303261357
65.0	30.93483693214583	31.376946242070865	13.000576664317293	24.68123278016275	0.006407381303261357
66.0	30.928429550842573	31.42820529249696	12.974947139104248	24.662010636252962	0.006407381303261357
67.0	30.954059076055618	31.389761004677386	13.000576664317293	24.64919587364644	0.006407381303261357
68.0	30.896392644326266	31.376946242070865	12.955724995194466	24.764528737105145	0.006407381303261357
69.0	31.024540270391494	31.35131671685782	12.955724995194466	24.662010636252962	0.006407381303261357
70.0	30.98609598257192	31.319279810341516	12.974947139104248	24.713269686679055	0.006407381303261357
71.0	30.960466457358876	31.434612673800217	12.93650285128468	24.662010636252962	0.006407381303261357
72.0	30.928429550842573	31.466649580316524	12.949317613891203	24.64919587364644	0.006407381303261357
73.0	30.960466457358876	31.42820529249696	12.93650285128468	24.668418017556224	0.006407381303261357
74.0	30.896392644326266	31.447427436406738	13.000576664317293	24.64919587364644	0.006407381303261357
75.0	30.992503363875183	31.30646504773499	12.93650285128468	24.758121355801883	0.006407381303261357
76.0	30.96687383866214	31.31287242903825	13.000576664317293	24.713269686679055	0.006407381303261357
77.0	30.954059076055618	31.34490933555456	12.98776190171077	24.706862305375793	0.006407381303261357
78.0	30.998910745178442	31.36413147946434	12.962132376497726	24.668418017556224	0.006407381303261357
79.0	30.92202216953931	31.31287242903825	12.949317613891203	24.809380406227973	0.006407381303261357
80.0	30.902800025629524	31.408983148587172	13.006984045620554	24.674825398859486	0.006407381303261357
81.0	30.998910745178442	31.261613378612164	12.962132376497726	24.770936118408407	0.006407381303261357
82.0	30.87076311911322	31.376946242070865	13.045428333440123	24.70045492407253	0.006407381303261357
83.0	30.98609598257192	31.383353623374127	12.968539757800986	24.6556032549497	0.006407381303261357
84.0	30.88357788171974	31.35131671685782	13.006984045620554	24.751713974498625	0.006407381303261357
85.0	30.979688601268663	31.376946242070865	12.910873326071634	24.726084449285576	0.006407381303261357
86.0	30.915614788236045	31.39616838598065	13.013391426923814	24.668418017556224	0.006407381303261357
87.0	30.947651694752352	31.35131671685782	12.904465944768372	24.79015826231819	0.006407381303261357
88.0	30.84513359390017	31.453834817710003	13.02620618953034	24.668418017556224	0.006407381303261357
89.0	30.96687383866214	31.402575767283913	12.917280707374895	24.706862305375793	0.006407381303261357
90.0	30.889985263023	31.34490933555456	13.051835714743385	24.706862305375793	0.006407381303261357
91.0	30.954059076055618	31.338501954251296	12.955724995194466	24.74530659319536	0.006407381303261357
92.0	30.909207406932786	31.408983148587172	12.981354520407509	24.69404754276927	0.006407381303261357
93.0	30.941244313449097	31.447427436406738	12.859614275645544	24.74530659319536	0.006407381303261357
94.0	30.954059076055618	31.30005766643173	12.968539757800986	24.770936118408407	0.006407381303261357
95.0	30.973281219965397	31.42820529249696	12.866021656948806	24.726084449285576	0.006407381303261357
96.0	30.889985263023	31.34490933555456	12.974947139104248	24.783750881014928	0.006407381303261357
97.0	30.896392644326266	31.505093868136093	12.88524380085859	24.706862305375793	0.006407381303261357
98.0	30.95604254773805	31.410995770857365	12.950147379213123	24.682814302191463	0.0
