# Position (bp)	A	C	G	T	N
0.0	31.069945704247843	31.38933248163526	12.871287128712872	24.663046949856277	0.0063877355477483235
1.0	30.897476844458637	31.4340466304695	13.024592781858832	24.637496007665284	0.0063877355477483235
2.0	30.986905142127114	31.38933248163526	12.922389013094856	24.694985627595017	0.0063877355477483235
3.0	30.897476844458637	31.46598530820824	13.005429575215585	24.624720536569786	0.0063877355477483235
4.0	31.012456084318107	31.427658894921752	12.922389013094856	24.631108272117537	0.0063877355477483235
5.0	30.916640051101886	31.39572021718301	12.999041839667838	24.682210156499522	0.0063877355477483235
6.0	31.076333439795594	31.446822101564997	12.909613541999363	24.560843181092302	0.0063877355477483235
7.0	30.92302778664963	31.459597572660492	12.967103161929098	24.64388374321303	0.0063877355477483235
8.0	31.012456084318107	31.402107952730756	12.896838070903865	24.682210156499522	0.0063877355477483235
9.0	30.833599488981157	31.46598530820824	13.018205046311081	24.675822420951775	0.0063877355477483235
10.0	31.069945704247843	31.35100606834877	12.903225806451612	24.669434685404024	0.0063877355477483235
11.0	30.846374960076652	31.39572021718301	13.037368252954328	24.714148834238262	0.0063877355477483235
12.0	31.038007026509103	31.357393803896517	12.922389013094856	24.675822420951775	0.0063877355477483235
13.0	30.903864580006392	31.38294474608751	13.056531459597572	24.65027147876078	0.0063877355477483235
14.0	30.999680613222612	31.274353241775792	12.960715426381347	24.7588629830725	0.0063877355477483235
15.0	30.91025231555414	31.38294474608751	13.018205046311081	24.682210156499522	0.0063877355477483235
16.0	30.954966464388374	31.338230597253276	12.999041839667838	24.701373363142764	0.0063877355477483235
17.0	30.884701373363143	31.35100606834877	13.043755988502076	24.714148834238262	0.0063877355477483235
18.0	30.935803257745132	31.312679655062283	12.999041839667838	24.746087511977006	0.0063877355477483235
19.0	30.954966464388374	31.319067390610027	13.06930693069307	24.65027147876078	0.0063877355477483235
20.0	30.916640051101886	31.36378153944427	13.024592781858832	24.68859789204727	0.0063877355477483235
21.0	30.897476844458637	31.255190035132546	13.03098051740658	24.809964867454486	0.0063877355477483235
22.0	31.01884381986586	31.274353241775792	13.024592781858832	24.675822420951775	0.0063877355477483235
23.0	30.91025231555414	31.312679655062283	13.024592781858832	24.746087511977006	0.0063877355477483235
24.0	30.999680613222612	31.255190035132546	13.011817310763336	24.726924305333757	0.0063877355477483235
25.0	30.91025231555414	31.33184286170553	13.06930693069307	24.682210156499522	0.0063877355477483235
26.0	30.97412967103162	31.293516448419034	12.999041839667838	24.726924305333757	0.0063877355477483235
27.0	30.948578728840626	31.370169274992016	12.986266368572341	24.68859789204727	0.0063877355477483235
28.0	30.92302778664963	31.33184286170553	12.999041839667838	24.739699776429255	0.0063877355477483235
29.0	30.999680613222612	31.306291919514535	12.992654104120088	24.694985627595017	0.0063877355477483235
30.0	30.935803257745132	31.312679655062283	13.037368252954328	24.707761098690515	0.0063877355477483235
31.0	30.986905142127114	31.2488022995848	13.037368252954328	24.720536569786013	0.0063877355477483235
32.0	30.980517406579366	31.338230597253276	12.999041839667838	24.675822420951775	0.0063877355477483235
33.0	30.961354199936125	31.319067390610027	13.06291919514532	24.65027147876078	0.0063877355477483235
34.0	31.038007026509103	31.24241456403705	13.043755988502076	24.669434685404024	0.0063877355477483235
35.0	30.884701373363143	31.41488342382625	12.999041839667838	24.694985627595017	0.0063877355477483235
36.0	30.986905142127114	31.29990418396678	13.011817310763336	24.694985627595017	0.0063877355477483235
37.0	30.94219099329288	31.287128712871286	12.999041839667838	24.765250718620248	0.0063877355477483235
38.0	31.00606834877036	31.357393803896517	12.960715426381347	24.669434685404024	0.0063877355477483235
39.0	30.954966464388374	31.26796550622804	12.979878633024594	24.790801660811244	0.0063877355477483235
40.0	31.076333439795594	31.287128712871286	12.928776748642607	24.701373363142764	0.0063877355477483235
41.0	30.954966464388374	31.2488022995848	13.114021079527308	24.675822420951775	0.0063877355477483235
42.0	31.076333439795594	31.28074097732354	12.922389013094856	24.714148834238262	0.0063877355477483235
43.0	30.961354199936125	31.319067390610027	13.024592781858832	24.68859789204727	0.0063877355477483235
44.0	30.986905142127114	31.38294474608751	12.928776748642607	24.694985627595017	0.0063877355477483235
45.0	30.961354199936125	31.287128712871286	12.967103161929098	24.778026189715746	0.0063877355477483235
46.0	30.97412967103162	31.319067390610027	13.024592781858832	24.675822420951775	0.0063877355477483235
47.0	30.935803257745132	31.26796550622804	13.037368252954328	24.752475247524753	0.0063877355477483235
48.0	31.044394762056847	31.255190035132546	12.999041839667838	24.694985627595017	0.0063877355477483235
49.0	31.012456084318107	31.29990418396678	13.043755988502076	24.637496007665284	0.0063877355477483235
50.0	31.063557968700096	31.172149473011817	13.005429575215585	24.752475247524753	0.0063877355477483235
51.0	30.967741935483872	31.312679655062283	12.954327690833601	24.7588629830725	0.0063877355477483235
52.0	31.025231555413608	31.293516448419034	12.973490897476845	24.701373363142764	0.0063877355477483235
53.0	30.967741935483872	31.306291919514535	12.992654104120088	24.726924305333757	0.0063877355477483235
54.0	31.01884381986586	31.28074097732354	12.979878633024594	24.714148834238262	0.0063877355477483235
55.0	30.97412967103162	31.293516448419034	12.992654104120088	24.733312040881508	0.0063877355477483235
56.0	30.97412967103162	31.2488022995848	13.005429575215585	24.765250718620248	0.0063877355477483235
57.0	30.97412967103162	31.319067390610027	13.03098051740658	24.669434685404024	0.0063877355477483235
58.0	30.999680613222612	31.370169274992016	12.954327690833601	24.669434685404024	0.0063877355477483235
59.0	30.986905142127114	31.21686362184606	13.056531459597572	24.733312040881508	0.0063877355477483235
60.0	30.999680613222612	31.408495688278503	12.954327690833601	24.631108272117537	0.0063877355477483235
61.0	30.935803257745132	31.338230597253276	12.992654104120088	24.726924305333757	0.0063877355477483235
62.0	30.986905142127114	31.325455126157774	12.986266368572341	24.694985627595017	0.0063877355477483235
63.0	30.961354199936125	31.306291919514535	12.979878633024594	24.746087511977006	0.0063877355477483235
64.0	31.031619290961356	31.338230597253276	12.903225806451612	24.720536569786013	0.0063877355477483235
65.0	30.961354199936125	31.344618332801023	12.992654104120088	24.694985627595017	0.0063877355477483235
66.0	30.961354199936125	31.402107952730756	12.967103161929098	24.663046949856277	0.0063877355477483235
67.0	30.967741935483872	31.38294474608751	12.992654104120088	24.65027147876078	0.0063877355477483235
68.0	30.92302778664963	31.33184286170553	12.954327690833601	24.784413925263493	0.0063877355477483235
69.0	31.044394762056847	31.35100606834877	12.941552219738103	24.656659214308526	0.0063877355477483235
70.0	31.012456084318107	31.293516448419034	12.973490897476845	24.714148834238262	0.0063877355477483235
71.0	30.97412967103162	31.408495688278503	12.941552219738103	24.669434685404024	0.0063877355477483235
72.0	30.97412967103162	31.4340466304695	12.94793995528585	24.637496007665284	0.0063877355477483235
73.0	30.993292877674865	31.39572021718301	12.928776748642607	24.675822420951775	0.0063877355477483235
74.0	30.94219099329288	31.39572021718301	13.018205046311081	24.637496007665284	0.0063877355477483235
75.0	31.031619290961356	31.287128712871286	12.94793995528585	24.726924305333757	0.0063877355477483235
76.0	31.01884381986586	31.293516448419034	12.999041839667838	24.682210156499522	0.0063877355477483235
77.0	30.999680613222612	31.325455126157774	12.986266368572341	24.682210156499522	0.0063877355477483235
78.0	31.05717023315235	31.306291919514535	12.973490897476845	24.656659214308526	0.0063877355477483235
79.0	30.97412967103162	31.287128712871286	12.960715426381347	24.771638454167995	0.0063877355477483235
80.0	30.954966464388374	31.370169274992016	12.999041839667838	24.669434685404024	0.0063877355477483235
81.0	31.063557968700096	31.210475886298305	12.954327690833601	24.765250718620248	0.0063877355477483235
82.0	30.916640051101886	31.370169274992016	13.043755988502076	24.663046949856277	0.0063877355477483235
83.0	31.044394762056847	31.33184286170553	12.960715426381347	24.656659214308526	0.0063877355477483235
84.0	30.954966464388374	31.28074097732354	13.011817310763336	24.746087511977006	0.0063877355477483235
85.0	31.025231555413608	31.357393803896517	12.922389013094856	24.68859789204727	0.0063877355477483235
86.0	30.97412967103162	31.35100606834877	13.011817310763336	24.656659214308526	0.0063877355477483235
87.0	31.00606834877036	31.306291919514535	12.91600127754711	24.765250718620248	0.0063877355477483235
88.0	30.91025231555414	31.41488342382625	13.03098051740658	24.637496007665284	0.0063877355477483235
89.0	31.01884381986586	31.36378153944427	12.935164484190354	24.675822420951775	0.0063877355477483235
90.0	30.94219099329288	31.325455126157774	13.056531459597572	24.669434685404024	0.0063877355477483235
91.0	31.012456084318107	31.325455126157774	12.967103161929098	24.68859789204727	0.0063877355477483235
92.0	30.961354199936125	31.376557010539763	12.986266368572341	24.669434685404024	0.0063877355477483235
93.0	30.993292877674865	31.4340466304695	12.864899393165121	24.701373363142764	0.0063877355477483235
94.0	31.00606834877036	31.28074097732354	12.967103161929098	24.739699776429255	0.0063877355477483235
95.0	31.00606834877036	31.408495688278503	12.871287128712872	24.707761098690515	0.0063877355477483235
96.0	30.94219099329288	31.319067390610027	12.973490897476845	24.7588629830725	0.0063877355477483235
97.0	30.961354199936125	31.491536250399232	12.871287128712872	24.669434685404024	0.0063877355477483235
98.0	31.00166091733742	31.404113964481922	12.923214513862272	24.671010604318386	0.0
