# Position (bp)	A	C	G	T	N
0.0	31.033619232454768	31.302823514681023	12.946847805672071	24.7104488824892	0.006260564702936205
1.0	31.021098103048892	31.384210855819195	12.859199899830964	24.72923057659801	0.006260564702936205
2.0	31.021098103048892	31.384210855819195	12.896763288048582	24.691667188380393	0.006260564702936205
3.0	30.99605584423715	31.309084079383958	12.953108370375007	24.735491141300944	0.006260564702936205
4.0	30.95849245601953	31.415513679333877	12.884242158642708	24.735491141300944	0.006260564702936205
5.0	30.98353471483128	31.402992549928005	12.903023852751518	24.70418831778626	0.006260564702936205
6.0	31.014837538345958	31.27778125586928	12.978150629186752	24.72297001189507	0.006260564702936205
7.0	30.902147373693108	31.434295373442684	12.915544982157389	24.741751706003882	0.006260564702936205
8.0	30.99605584423715	31.359168597007447	12.978150629186752	24.66036436486571	0.006260564702936205
9.0	30.97727415012834	31.44055593814562	12.865460464533902	24.7104488824892	0.006260564702936205
10.0	30.97727415012834	31.309084079383958	12.9343266762662	24.77305452951856	0.006260564702936205
11.0	30.971013585425407	31.352908032304516	12.984411193889688	24.685406623677455	0.006260564702936205
12.0	30.97727415012834	31.415513679333877	12.909284417454456	24.691667188380393	0.006260564702936205
13.0	30.939710761910728	31.327865773492768	12.953108370375007	24.77305452951856	0.006260564702936205
14.0	31.033619232454768	31.321605208789833	12.953108370375007	24.685406623677455	0.006260564702936205
15.0	30.93345019720779	31.352908032304516	12.978150629186752	24.72923057659801	0.006260564702936205
16.0	30.971013585425407	31.346647467601578	12.959368935077945	24.716709447192137	0.006260564702936205
17.0	30.99605584423715	31.352908032304516	12.978150629186752	24.66662492956865	0.006260564702936205
18.0	30.99605584423715	31.309084079383958	12.971890064483816	24.716709447192137	0.006260564702936205
19.0	30.908407938396042	31.365429161710384	12.946847805672071	24.77305452951856	0.006260564702936205
20.0	31.002316408940082	31.359168597007447	12.978150629186752	24.654103800162773	0.006260564702936205
21.0	30.952231891316593	31.24021786765166	13.009453452701432	24.79183622362737	0.006260564702936205
22.0	30.889626244287232	31.415513679333877	12.990671758592626	24.69792775308333	0.006260564702936205
23.0	31.002316408940082	31.29656294997809	13.021974582107307	24.672885494271583	0.006260564702936205
24.0	30.858323420772553	31.327865773492768	12.965629499780881	24.84192074125086	0.006260564702936205
25.0	31.00857697364302	31.340386902898643	12.953108370375007	24.691667188380393	0.006260564702936205
26.0	30.93345019720779	31.302823514681023	13.06579853502786	24.691667188380393	0.006260564702936205
27.0	30.908407938396042	31.315344644086895	13.047016840919051	24.72297001189507	0.006260564702936205
28.0	30.86458398547549	31.390471420522132	12.996932323295562	24.741751706003882	0.006260564702936205
29.0	30.95849245601953	31.29656294997809	13.053277405621987	24.685406623677455	0.006260564702936205
30.0	30.84580229136668	31.321605208789833	13.009453452701432	24.816878482439115	0.006260564702936205
31.0	30.902147373693108	31.396731985225067	13.021974582107307	24.672885494271583	0.006260564702936205
32.0	30.952231891316593	31.334126338195706	13.040756276216115	24.66662492956865	0.006260564702936205
33.0	30.94597132661366	31.265260126463406	13.059537970324921	24.72297001189507	0.006260564702936205
34.0	30.889626244287232	31.390471420522132	13.034495711513177	24.679146058974517	0.006260564702936205
35.0	30.96475302072247	31.252738997057534	13.053277405621987	24.72297001189507	0.006260564702936205
36.0	30.902147373693108	31.371689726413322	13.040756276216115	24.679146058974517	0.006260564702936205
37.0	30.952231891316593	31.352908032304516	13.028235146810244	24.66036436486571	0.006260564702936205
38.0	30.952231891316593	31.215175608839917	13.06579853502786	24.760533400112692	0.006260564702936205
39.0	30.902147373693108	31.321605208789833	13.040756276216115	24.72923057659801	0.006260564702936205
40.0	30.877105114881363	31.352908032304516	13.003192887998496	24.760533400112692	0.006260564702936205
41.0	30.94597132661366	31.27778125586928	13.059537970324921	24.7104488824892	0.006260564702936205
42.0	30.94597132661366	31.302823514681023	13.003192887998496	24.741751706003882	0.006260564702936205
43.0	30.85206285606962	31.233957302948728	13.078319664433732	24.829399611844988	0.006260564702936205
44.0	31.00857697364302	31.290302385275155	13.078319664433732	24.616540411945156	0.006260564702936205
45.0	30.98353471483128	31.233957302948728	13.040756276216115	24.735491141300944	0.006260564702936205
46.0	30.97727415012834	31.321605208789833	13.028235146810244	24.66662492956865	0.006260564702936205
47.0	30.94597132661366	31.359168597007447	13.059537970324921	24.62906154135103	0.006260564702936205
48.0	30.99605584423715	31.271520691166344	12.984411193889688	24.741751706003882	0.006260564702936205
49.0	30.95849245601953	31.22769673824579	13.06579853502786	24.741751706003882	0.006260564702936205
50.0	30.99605584423715	31.271520691166344	13.072059099730795	24.654103800162773	0.006260564702936205
51.0	31.021098103048892	31.309084079383958	13.072059099730795	24.59149815313341	0.006260564702936205
52.0	30.91466850309898	31.25899956176047	13.034495711513177	24.785575658924436	0.006260564702936205
53.0	30.920929067801918	31.29656294997809	13.053277405621987	24.72297001189507	0.006260564702936205
54.0	30.858323420772553	31.346647467601578	13.109622487948414	24.679146058974517	0.006260564702936205
55.0	30.98353471483128	31.252738997057534	13.047016840919051	24.7104488824892	0.006260564702936205
56.0	30.939710761910728	31.321605208789833	13.072059099730795	24.66036436486571	0.006260564702936205
57.0	30.883365679584294	31.340386902898643	13.103361923245476	24.66662492956865	0.006260564702936205
58.0	30.95849245601953	31.302823514681023	13.090840793839604	24.641582670756904	0.006260564702936205
59.0	30.93345019720779	31.29656294997809	13.090840793839604	24.672885494271583	0.006260564702936205
60.0	30.920929067801918	31.327865773492768	13.040756276216115	24.70418831778626	0.006260564702936205
61.0	30.95849245601953	31.346647467601578	13.122143617354284	24.566455894321667	0.006260564702936205
62.0	30.93345019720779	31.352908032304516	13.059537970324921	24.64784323545984	0.006260564702936205
63.0	30.927189632504852	31.340386902898643	13.072059099730795	24.654103800162773	0.006260564702936205
64.0	30.989795279534217	31.352908032304516	13.059537970324921	24.59149815313341	0.006260564702936205
65.0	30.908407938396042	31.290302385275155	13.072059099730795	24.72297001189507	0.006260564702936205
66.0	30.989795279534217	31.327865773492768	13.072059099730795	24.604019282539287	0.006260564702936205
67.0	30.939710761910728	31.284041820572217	13.078319664433732	24.691667188380393	0.006260564702936205
68.0	30.939710761910728	31.302823514681023	13.06579853502786	24.685406623677455	0.006260564702936205
69.0	31.00857697364302	31.284041820572217	13.034495711513177	24.66662492956865	0.006260564702936205
70.0	30.902147373693108	31.359168597007447	13.028235146810244	24.70418831778626	0.006260564702936205
71.0	30.95849245601953	31.233957302948728	13.109622487948414	24.691667188380393	0.006260564702936205
72.0	31.00857697364302	31.221436173542855	13.072059099730795	24.691667188380393	0.006260564702936205
73.0	30.920929067801918	31.371689726413322	13.047016840919051	24.654103800162773	0.006260564702936205
74.0	30.952231891316593	31.27778125586928	13.009453452701432	24.754272835409754	0.006260564702936205
75.0	30.93345019720779	31.352908032304516	13.08458022913667	24.622800976648094	0.006260564702936205
76.0	30.908407938396042	31.371689726413322	12.978150629186752	24.735491141300944	0.006260564702936205
77.0	30.952231891316593	31.25899956176047	13.078319664433732	24.70418831778626	0.006260564702936205
78.0	30.96475302072247	31.271520691166344	13.06579853502786	24.691667188380393	0.006260564702936205
79.0	30.93345019720779	31.334126338195706	13.047016840919051	24.679146058974517	0.006260564702936205
80.0	30.920929067801918	31.27778125586928	13.09710135854254	24.69792775308333	0.006260564702936205
81.0	30.93345019720779	31.321605208789833	13.021974582107307	24.716709447192137	0.006260564702936205
82.0	30.91466850309898	31.396731985225067	13.021974582107307	24.66036436486571	0.006260564702936205
83.0	30.902147373693108	31.359168597007447	13.072059099730795	24.66036436486571	0.006260564702936205
84.0	30.902147373693108	31.390471420522132	13.01571401740437	24.685406623677455	0.006260564702936205
85.0	30.877105114881363	31.340386902898643	13.078319664433732	24.69792775308333	0.006260564702936205
86.0	30.952231891316593	31.377950291116257	13.021974582107307	24.641582670756904	0.006260564702936205
87.0	30.902147373693108	31.384210855819195	12.984411193889688	24.72297001189507	0.006260564702936205
88.0	30.839541726663743	31.371689726413322	13.021974582107307	24.760533400112692	0.006260564702936205
89.0	30.86458398547549	31.384210855819195	13.047016840919051	24.69792775308333	0.006260564702936205
90.0	30.858323420772553	31.415513679333877	13.003192887998496	24.716709447192137	0.006260564702936205
91.0	30.94597132661366	31.340386902898643	12.996932323295562	24.7104488824892	0.006260564702936205
92.0	30.82076003255494	31.396731985225067	13.06579853502786	24.7104488824892	0.006260564702936205
93.0	30.93345019720779	31.327865773492768	13.009453452701432	24.72297001189507	0.006260564702936205
94.0	30.814499467852002	31.434295373442684	12.928066111563263	24.816878482439115	0.006260564702936205
95.0	30.920929067801918	31.390471420522132	12.996932323295562	24.685406623677455	0.006260564702936205
96.0	30.939710761910728	31.315344644086895	12.965629499780881	24.77305452951856	0.006260564702936205
97.0	30.920929067801918	31.409253114630943	12.965629499780881	24.69792775308333	0.006260564702936205
98.0	30.908407938396042	31.365429161710384	12.971890064483816	24.748012270706816	0.006260564702936205
99.0	30.952231891316593	31.27778125586928	13.009453452701432	24.754272835409754	0.006260564702936205
100.0	30.95849245601953	31.359168597007447	12.971890064483816	24.70418831778626	0.006260564702936205
101.0	31.014837538345958	31.25899956176047	12.996932323295562	24.72297001189507	0.006260564702936205
102.0	30.920929067801918	31.396731985225067	12.946847805672071	24.72923057659801	0.006260564702936205
103.0	30.939710761910728	31.334126338195706	12.896763288048582	24.82313904714205	0.006260564702936205
104.0	30.989795279534217	31.334126338195706	12.940587240969133	24.72923057659801	0.006260564702936205
105.0	30.97727415012834	31.284041820572217	12.959368935077945	24.77305452951856	0.006260564702936205
106.0	30.99605584423715	31.346647467601578	12.965629499780881	24.685406623677455	0.006260564702936205
107.0	30.98353471483128	31.340386902898643	12.959368935077945	24.7104488824892	0.006260564702936205
108.0	30.927189632504852	31.27778125586928	12.990671758592626	24.798096788330305	0.006260564702936205
109.0	31.09622487948413	31.290302385275155	12.896763288048582	24.7104488824892	0.006260564702936205
110.0	31.002316408940082	31.334126338195706	12.871721029236838	24.785575658924436	0.006260564702936205
111.0	30.96475302072247	31.29656294997809	12.953108370375007	24.7793150942215	0.006260564702936205
112.0	31.07118262067238	31.365429161710384	12.921805546860327	24.635322106053966	0.006260564702936205
113.0	31.04614036186064	31.284041820572217	12.921805546860327	24.741751706003882	0.006260564702936205
114.0	30.989795279534217	31.315344644086895	12.9343266762662	24.754272835409754	0.006260564702936205
115.0	31.014837538345958	31.321605208789833	12.921805546860327	24.735491141300944	0.006260564702936205
116.0	31.02735866775183	31.334126338195706	12.953108370375007	24.679146058974517	0.006260564702936205
117.0	30.98353471483128	31.346647467601578	12.946847805672071	24.716709447192137	0.006260564702936205
118.0	30.96475302072247	31.371689726413322	12.921805546860327	24.735491141300944	0.006260564702936205
119.0	31.064922055969447	31.29656294997809	12.884242158642708	24.748012270706816	0.006260564702936205
120.0	31.05240092656358	31.309084079383958	12.971890064483816	24.66036436486571	0.006260564702936205
121.0	31.033619232454768	31.359168597007447	12.859199899830964	24.741751706003882	0.006260564702936205
122.0	31.05240092656358	31.302823514681023	12.915544982157389	24.72297001189507	0.006260564702936205
123.0	30.94597132661366	31.365429161710384	12.940587240969133	24.741751706003882	0.006260564702936205
124.0	30.98353471483128	31.359168597007447	12.928066111563263	24.72297001189507	0.006260564702936205
125.0	31.07744318537532	31.365429161710384	12.846678770425093	24.70418831778626	0.006260564702936205
126.0	30.98353471483128	31.22769673824579	12.971890064483816	24.81061791773618	0.006260564702936205
127.0	31.09622487948413	31.365429161710384	12.865460464533902	24.66662492956865	0.006260564702936205
128.0	31.021098103048892	31.29656294997809	12.940587240969133	24.735491141300944	0.006260564702936205
129.0	30.971013585425407	31.252738997057534	12.959368935077945	24.81061791773618	0.006260564702936205
130.0	31.108746008890005	31.340386902898643	12.896763288048582	24.64784323545984	0.006260564702936205
131.0	31.014837538345958	31.334126338195706	12.852939335128028	24.79183622362737	0.006260564702936205
132.0	31.039879797157706	31.346647467601578	12.928066111563263	24.679146058974517	0.006260564702936205
133.0	30.971013585425407	31.302823514681023	12.903023852751518	24.816878482439115	0.006260564702936205
134.0	31.039879797157706	31.309084079383958	12.928066111563263	24.716709447192137	0.006260564702936205
135.0	31.021098103048892	31.321605208789833	12.921805546860327	24.72923057659801	0.006260564702936205
136.0	31.05240092656358	31.321605208789833	12.840418205722157	24.7793150942215	0.006260564702936205
137.0	31.102485444187067	31.265260126463406	12.928066111563263	24.69792775308333	0.006260564702936205
138.0	31.083703750078257	31.29656294997809	12.884242158642708	24.72923057659801	0.006260564702936205
139.0	31.08996431478119	31.290302385275155	12.928066111563263	24.685406623677455	0.006260564702936205
140.0	31.05240092656358	31.302823514681023	12.940587240969133	24.69792775308333	0.006260564702936205
141.0	31.039879797157706	31.302823514681023	12.984411193889688	24.66662492956865	0.006260564702936205
142.0	31.02735866775183	31.346647467601578	12.921805546860327	24.69792775308333	0.006260564702936205
143.0	31.002316408940082	31.290302385275155	12.9343266762662	24.766793964815626	0.006260564702936205
144.0	31.15883052651349	31.25899956176047	12.915544982157389	24.66036436486571	0.006260564702936205
145.0	31.058661491266516	31.271520691166344	12.965629499780881	24.69792775308333	0.006260564702936205
146.0	31.102485444187067	31.290302385275155	12.890502723345646	24.7104488824892	0.006260564702936205
147.0	31.021098103048892	31.321605208789833	12.965629499780881	24.685406623677455	0.006260564702936205
148.0	31.07118262067238	31.284041820572217	12.953108370375007	24.685406623677455	0.006260564702936205
149.0	31.039879797157706	31.315344644086895	12.965629499780881	24.672885494271583	0.006260564702936205
