# Position (bp)	A	C	G	T	N
0.0	31.03249744114637	31.352354145342886	12.883828045035825	24.724923234390992	0.0063971340839304
1.0	30.853377686796314	31.40353121801433	13.018167860798362	24.718526100307063	0.0063971340839304
2.0	30.94933469805527	31.365148413510745	12.928607983623335	24.750511770726714	0.0063971340839304
3.0	30.853377686796314	31.454708290685772	13.011770726714431	24.67374616171955	0.0063971340839304
4.0	30.94933469805527	31.429119754350047	12.915813715455476	24.69933469805527	0.0063971340839304
5.0	30.846980552712385	31.3971340839304	13.018167860798362	24.731320368474925	0.0063971340839304
6.0	31.013306038894573	31.448311156601843	12.922210849539406	24.609774820880244	0.0063971340839304
7.0	30.866171954964177	31.441914022517913	12.97978505629478	24.705731832139204	0.0063971340839304
8.0	30.968526100307063	31.39073694984647	12.909416581371547	24.724923234390992	0.0063971340839304
9.0	30.77661207778915	31.46750255885363	13.011770726714431	24.737717502558855	0.0063971340839304
10.0	31.006908904810643	31.358751279426816	12.896622313203684	24.731320368474925	0.0063971340839304
11.0	30.80220061412487	31.41632548618219	13.011770726714431	24.763306038894576	0.0063971340839304
12.0	30.981320368474925	31.365148413510745	12.909416581371547	24.737717502558855	0.0063971340839304
13.0	30.840583418628455	31.40992835209826	13.043756397134084	24.69933469805527	0.0063971340839304
14.0	30.94933469805527	31.313971340839302	12.935005117707268	24.795291709314228	0.0063971340839304
15.0	30.846980552712385	31.40992835209826	13.018167860798362	24.718526100307063	0.0063971340839304
16.0	30.91095189355169	31.358751279426816	12.97978505629478	24.744114636642784	0.0063971340839304
17.0	30.840583418628455	31.377942681678604	13.011770726714431	24.763306038894576	0.0063971340839304
18.0	30.885363357215965	31.339559877175027	12.973387922210849	24.795291709314228	0.0063971340839304
19.0	30.904554759467757	31.352354145342886	13.050153531218015	24.686540429887412	0.0063971340839304
20.0	30.866171954964177	31.3971340839304	12.99897645854657	24.731320368474925	0.0063971340839304
21.0	30.834186284544522	31.294779938587514	13.018167860798362	24.84646878198567	0.0063971340839304
22.0	30.968526100307063	31.32676560900716	12.99257932446264	24.705731832139204	0.0063971340839304
23.0	30.840583418628455	31.358751279426816	13.011770726714431	24.78249744114637	0.0063971340839304
24.0	30.94293756397134	31.294779938587514	12.99897645854657	24.756908904810647	0.0063971340839304
25.0	30.853377686796314	31.371545547594675	13.030962128966223	24.737717502558855	0.0063971340839304
26.0	30.92374616171955	31.339559877175027	12.96699078812692	24.763306038894576	0.0063971340839304
27.0	30.885363357215965	31.40992835209826	12.973387922210849	24.724923234390992	0.0063971340839304
28.0	30.878966223132036	31.3971340839304	12.947799385875127	24.769703172978506	0.0063971340839304
29.0	30.94933469805527	31.365148413510745	12.96059365404299	24.718526100307063	0.0063971340839304
30.0	30.891760491299898	31.38433981576254	12.99257932446264	24.724923234390992	0.0063971340839304
31.0	30.936540429887412	31.32676560900716	12.99257932446264	24.737717502558855	0.0063971340839304
32.0	30.94933469805527	31.39073694984647	12.96699078812692	24.686540429887412	0.0063971340839304
33.0	30.92374616171955	31.371545547594675	13.011770726714431	24.686540429887412	0.0063971340839304
34.0	31.000511770726714	31.294779938587514	12.99897645854657	24.69933469805527	0.0063971340839304
35.0	30.859774820880247	31.448311156601843	12.96059365404299	24.724923234390992	0.0063971340839304
36.0	30.968526100307063	31.345957011258957	12.96059365404299	24.718526100307063	0.0063971340839304
37.0	30.91734902763562	31.32036847492323	12.96699078812692	24.788894575230298	0.0063971340839304
38.0	30.974923234390992	31.3971340839304	12.928607983623335	24.69293756397134	0.0063971340839304
39.0	30.92374616171955	31.307574206755373	12.96059365404299	24.801688843398157	0.0063971340839304
40.0	31.03249744114637	31.32036847492323	12.909416581371547	24.731320368474925	0.0063971340839304
41.0	30.92374616171955	31.294779938587514	13.088536335721596	24.686540429887412	0.0063971340839304
42.0	31.03249744114637	31.313971340839302	12.903019447287614	24.744114636642784	0.0063971340839304
43.0	30.930143295803482	31.358751279426816	12.99257932446264	24.712128966223133	0.0063971340839304
44.0	30.94933469805527	31.429119754350047	12.896622313203684	24.718526100307063	0.0063971340839304
45.0	30.94933469805527	31.32676560900716	12.935005117707268	24.78249744114637	0.0063971340839304
46.0	30.936540429887412	31.39073694984647	12.97978505629478	24.686540429887412	0.0063971340839304
47.0	30.891760491299898	31.333162743091098	12.99257932446264	24.776100307062435	0.0063971340839304
48.0	31.013306038894573	31.307574206755373	12.96059365404299	24.712128966223133	0.0063971340839304
49.0	30.981320368474925	31.345957011258957	12.99897645854657	24.66734902763562	0.0063971340839304
50.0	31.01970317297851	31.23080859774821	12.96059365404299	24.78249744114637	0.0063971340839304
51.0	30.94293756397134	31.345957011258957	12.909416581371547	24.795291709314228	0.0063971340839304
52.0	31.006908904810643	31.333162743091098	12.915813715455476	24.737717502558855	0.0063971340839304
53.0	30.94293756397134	31.365148413510745	12.935005117707268	24.750511770726714	0.0063971340839304
54.0	31.000511770726714	31.333162743091098	12.922210849539406	24.737717502558855	0.0063971340839304
55.0	30.92374616171955	31.358751279426816	12.941402251791198	24.769703172978506	0.0063971340839304
56.0	30.9557318321392	31.313971340839302	12.941402251791198	24.78249744114637	0.0063971340839304
57.0	30.94293756397134	31.377942681678604	12.96699078812692	24.705731832139204	0.0063971340839304
58.0	30.974923234390992	31.435516888433984	12.890225179119755	24.69293756397134	0.0063971340839304
59.0	30.974923234390992	31.281985670419655	12.973387922210849	24.763306038894576	0.0063971340839304
60.0	30.987717502558855	31.47389969293756	12.877430910951892	24.654554759467757	0.0063971340839304
61.0	30.936540429887412	31.40353121801433	12.909416581371547	24.744114636642784	0.0063971340839304
62.0	31.000511770726714	31.3971340839304	12.896622313203684	24.69933469805527	0.0063971340839304
63.0	30.968526100307063	31.38433981576254	12.883828045035825	24.756908904810647	0.0063971340839304
64.0	31.038894575230298	31.422722620266118	12.81985670419652	24.712128966223133	0.0063971340839304
65.0	30.981320368474925	31.40353121801433	12.903019447287614	24.705731832139204	0.0063971340839304
66.0	30.974923234390992	31.454708290685772	12.883828045035825	24.680143295803482	0.0063971340839304
67.0	30.987717502558855	31.429119754350047	12.909416581371547	24.66734902763562	0.0063971340839304
68.0	30.930143295803482	31.3971340839304	12.877430910951892	24.788894575230298	0.0063971340839304
69.0	31.051688843398157	31.38433981576254	12.864636642784033	24.69293756397134	0.0063971340839304
70.0	31.013306038894573	31.352354145342886	12.903019447287614	24.724923234390992	0.0063971340839304
71.0	30.987717502558855	31.461105424769702	12.864636642784033	24.680143295803482	0.0063971340839304
72.0	30.962128966223133	31.48029682702149	12.883828045035825	24.66734902763562	0.0063971340839304
73.0	31.000511770726714	31.454708290685772	12.858239508700104	24.680143295803482	0.0063971340839304
74.0	30.92374616171955	31.448311156601843	12.947799385875127	24.67374616171955	0.0063971340839304
75.0	31.01970317297851	31.339559877175027	12.871033776867963	24.763306038894576	0.0063971340839304
76.0	30.994114636642784	31.345957011258957	12.935005117707268	24.718526100307063	0.0063971340839304
77.0	30.974923234390992	31.38433981576254	12.915813715455476	24.718526100307063	0.0063971340839304
78.0	31.038894575230298	31.365148413510745	12.896622313203684	24.69293756397134	0.0063971340839304
79.0	30.94933469805527	31.339559877175027	12.890225179119755	24.81448311156602	0.0063971340839304
80.0	30.92374616171955	31.422722620266118	12.941402251791198	24.705731832139204	0.0063971340839304
81.0	31.02610030706244	31.294779938587514	12.890225179119755	24.78249744114637	0.0063971340839304
82.0	30.878966223132036	31.41632548618219	12.986182190378711	24.712128966223133	0.0063971340839304
83.0	31.006908904810643	31.40353121801433	12.903019447287614	24.680143295803482	0.0063971340839304
84.0	30.91095189355169	31.352354145342886	12.954196519959057	24.776100307062435	0.0063971340839304
85.0	30.994114636642784	31.41632548618219	12.858239508700104	24.724923234390992	0.0063971340839304
86.0	30.94933469805527	31.40992835209826	12.96059365404299	24.67374616171955	0.0063971340839304
87.0	30.974923234390992	31.365148413510745	12.864636642784033	24.788894575230298	0.0063971340839304
88.0	30.872569089048106	31.46750255885363	12.99257932446264	24.66095189355169	0.0063971340839304
89.0	30.981320368474925	31.435516888433984	12.896622313203684	24.680143295803482	0.0063971340839304
90.0	30.904554759467757	31.377942681678604	13.018167860798362	24.69293756397134	0.0063971340839304
91.0	30.968526100307063	31.3971340839304	12.928607983623335	24.69933469805527	0.0063971340839304
92.0	30.936540429887412	31.441914022517913	12.954196519959057	24.66095189355169	0.0063971340839304
93.0	30.962128966223133	31.486693961105427	12.826253838280449	24.718526100307063	0.0063971340839304
94.0	30.987717502558855	31.345957011258957	12.941402251791198	24.718526100307063	0.0063971340839304
95.0	30.974923234390992	31.486693961105427	12.832650972364382	24.69933469805527	0.0063971340839304
96.0	30.91095189355169	31.3971340839304	12.941402251791198	24.744114636642784	0.0063971340839304
97.0	30.91734902763562	31.58265097236438	12.839048106448312	24.654554759467757	0.0063971340839304
98.0	30.97050732518713	31.45032307593884	12.916640010236069	24.662529588637963	0.0
