# Position (bp)	A	C	G	T	N
0.0	31.060751552397413	31.40003840983292	12.854490749631905	24.678317649318227	0.006401638819537802
1.0	30.88790730426989	31.438448242750145	13.008130081300814	24.65911273285961	0.006401638819537802
2.0	30.971128608923888	31.40003840983292	12.918507137827284	24.70392420459638	0.006401638819537802
3.0	30.88790730426989	31.48966135330645	12.988925164842199	24.627104538761923	0.006401638819537802
4.0	30.977530247743424	31.464054798028297	12.892900582549133	24.65911273285961	0.006401638819537802
5.0	30.87510402663082	31.44484988156968	12.976121887203124	24.69752256577684	0.006401638819537802
6.0	31.054349913577877	31.47685807566737	12.880097304910057	24.58229306702516	0.006401638819537802
7.0	30.881505665450355	31.47685807566737	12.950515331924972	24.684719288137764	0.006401638819537802
8.0	31.01594008066065	31.38723513219384	12.886498943729594	24.70392420459638	0.006401638819537802
9.0	30.798284360796362	31.50246463094552	12.988925164842199	24.70392420459638	0.006401638819537802
10.0	31.054349913577877	31.355226938096152	12.880097304910057	24.70392420459638	0.006401638819537802
11.0	30.817489277254978	31.438448242750145	13.01453172012035	24.723129121054992	0.006401638819537802
12.0	31.01594008066065	31.36162857691569	12.89930222136867	24.716727482235452	0.006401638819537802
13.0	30.862300748991743	31.41924332629153	13.04653991421804	24.66551437167915	0.006401638819537802
14.0	30.98393188656296	31.323218743998467	12.93131041546636	24.755137315152677	0.006401638819537802
15.0	30.88790730426989	31.38723513219384	13.01453172012035	24.70392420459638	0.006401638819537802
16.0	30.939120414826192	31.355226938096152	12.956916970744512	24.7423340375136	0.006401638819537802
17.0	30.89430894308943	31.355226938096152	13.001728442481275	24.7423340375136	0.006401638819537802
18.0	30.92631713718712	31.329620382818003	12.944113693105436	24.793547148069905	0.006401638819537802
19.0	30.958325331284808	31.323218743998467	13.040138275398503	24.671916010498688	0.006401638819537802
20.0	30.907112220728507	31.380833493374304	12.969720248383588	24.735932398694064	0.006401638819537802
21.0	30.88790730426989	31.265603994622627	13.008130081300814	24.831956980987133	0.006401638819537802
22.0	31.009538441841112	31.272005633442163	12.988925164842199	24.723129121054992	0.006401638819537802
23.0	30.913513859548043	31.323218743998467	12.995326803661738	24.761538953972217	0.006401638819537802
24.0	31.009538441841112	31.227194161705395	12.995326803661738	24.761538953972217	0.006401638819537802
25.0	30.919915498367583	31.323218743998467	13.040138275398503	24.710325843415916	0.006401638819537802
26.0	30.964726970104344	31.30401382753985	12.982523526022662	24.7423340375136	0.006401638819537802
27.0	30.932718776006656	31.36162857691569	12.988925164842199	24.710325843415916	0.006401638819537802
28.0	30.900710581908967	31.342423660457076	12.969720248383588	24.78074387043083	0.006401638819537802
29.0	30.990333525382496	31.30401382753985	12.976121887203124	24.723129121054992	0.006401638819537802
30.0	30.939120414826192	31.348825299276616	13.008130081300814	24.69752256577684	0.006401638819537802
31.0	30.971128608923888	31.265603994622627	13.020933358939887	24.735932398694064	0.006401638819537802
32.0	30.977530247743424	31.33602202163754	12.976121887203124	24.70392420459638	0.006401638819537802
33.0	30.964726970104344	31.310415466359387	13.052941553037577	24.66551437167915	0.006401638819537802
34.0	31.028743358299728	31.24639907816401	13.020933358939887	24.69752256577684	0.006401638819537802
35.0	30.89430894308943	31.380833493374304	12.995326803661738	24.723129121054992	0.006401638819537802
36.0	30.977530247743424	31.29121054990077	12.988925164842199	24.735932398694064	0.006401638819537802
37.0	30.939120414826192	31.272005633442163	12.982523526022662	24.799948786889445	0.006401638819537802
38.0	30.98393188656296	31.323218743998467	12.969720248383588	24.716727482235452	0.006401638819537802
39.0	30.971128608923888	31.252800716983547	12.963318609564048	24.80635042570898	0.006401638819537802
40.0	31.07995646885603	31.259202355803083	12.918507137827284	24.735932398694064	0.006401638819537802
41.0	30.95192369246527	31.22079252288586	13.116957941232958	24.70392420459638	0.006401638819537802
42.0	31.07995646885603	31.252800716983547	12.912105499007746	24.74873567633314	0.006401638819537802
43.0	30.95192369246527	31.30401382753985	13.027334997759427	24.710325843415916	0.006401638819537802
44.0	30.971128608923888	31.36162857691569	12.92490877664682	24.735932398694064	0.006401638819537802
45.0	30.95192369246527	31.265603994622627	12.976121887203124	24.799948786889445	0.006401638819537802
46.0	30.98393188656296	31.323218743998467	13.020933358939887	24.66551437167915	0.006401638819537802
47.0	30.89430894308943	31.272005633442163	13.033736636578963	24.793547148069905	0.006401638819537802
48.0	31.009538441841112	31.252800716983547	13.01453172012035	24.716727482235452	0.006401638819537802
49.0	30.98393188656296	31.284808911081235	13.04653991421804	24.678317649318227	0.006401638819537802
50.0	31.047948274758337	31.18878432878817	12.988925164842199	24.767940592791753	0.006401638819537802
51.0	30.98393188656296	31.2784072722617	12.956916970744512	24.774342231611293	0.006401638819537802
52.0	31.022341719480185	31.265603994622627	12.976121887203124	24.729530759874528	0.006401638819537802
53.0	30.95192369246527	31.310415466359387	12.982523526022662	24.74873567633314	0.006401638819537802
54.0	31.003136803021576	31.265603994622627	12.988925164842199	24.735932398694064	0.006401638819537802
55.0	30.932718776006656	31.310415466359387	13.008130081300814	24.7423340375136	0.006401638819537802
56.0	30.958325331284808	31.259202355803083	13.008130081300814	24.767940592791753	0.006401638819537802
57.0	30.932718776006656	31.329620382818003	13.020933358939887	24.710325843415916	0.006401638819537802
58.0	30.990333525382496	31.374431854554768	12.937712054285896	24.691120926957304	0.006401638819537802
59.0	30.98393188656296	31.23359580052493	13.020933358939887	24.755137315152677	0.006401638819537802
60.0	30.99673516420204	31.41924332629153	12.937712054285896	24.639907816401	0.006401638819537802
61.0	30.919915498367583	31.355226938096152	12.956916970744512	24.761538953972217	0.006401638819537802
62.0	31.009538441841112	31.348825299276616	12.956916970744512	24.678317649318227	0.006401638819537802
63.0	30.92631713718712	31.355226938096152	12.963318609564048	24.74873567633314	0.006401638819537802
64.0	31.003136803021576	31.380833493374304	12.886498943729594	24.723129121054992	0.006401638819537802
65.0	30.939120414826192	31.368030215735228	12.982523526022662	24.70392420459638	0.006401638819537802
66.0	30.95192369246527	31.425644965111065	12.937712054285896	24.678317649318227	0.006401638819537802
67.0	30.98393188656296	31.406440048652456	12.963318609564048	24.639907816401	0.006401638819537802
68.0	30.907112220728507	31.374431854554768	12.944113693105436	24.767940592791753	0.006401638819537802
69.0	31.028743358299728	31.36162857691569	12.912105499007746	24.691120926957304	0.006401638819537802
70.0	30.977530247743424	31.33602202163754	12.969720248383588	24.710325843415916	0.006401638819537802
71.0	30.945522053645735	31.44484988156968	12.912105499007746	24.691120926957304	0.006401638819537802
72.0	30.939120414826192	31.483259714486913	12.937712054285896	24.63350617758146	0.006401638819537802
73.0	30.939120414826192	31.451251520389217	12.905703860188208	24.69752256577684	0.006401638819537802
74.0	30.900710581908967	31.43204660393061	12.982523526022662	24.678317649318227	0.006401638819537802
75.0	30.977530247743424	31.348825299276616	12.918507137827284	24.74873567633314	0.006401638819537802
76.0	30.977530247743424	31.348825299276616	12.988925164842199	24.678317649318227	0.006401638819537802
77.0	30.92631713718712	31.40003840983292	12.969720248383588	24.69752256577684	0.006401638819537802
78.0	31.022341719480185	31.380833493374304	12.92490877664682	24.66551437167915	0.006401638819537802
79.0	30.900710581908967	31.355226938096152	12.93131041546636	24.80635042570898	0.006401638819537802
80.0	30.88790730426989	31.43204660393061	12.982523526022662	24.691120926957304	0.006401638819537802
81.0	30.990333525382496	31.29121054990077	12.937712054285896	24.774342231611293	0.006401638819537802
82.0	30.83029255489405	31.425644965111065	13.027334997759427	24.710325843415916	0.006401638819537802
83.0	30.98393188656296	31.412841687471992	12.92490877664682	24.671916010498688	0.006401638819537802
84.0	30.868702387811283	31.380833493374304	12.995326803661738	24.74873567633314	0.006401638819537802
85.0	30.958325331284808	31.425644965111065	12.880097304910057	24.729530759874528	0.006401638819537802
86.0	30.913513859548043	31.425644965111065	12.963318609564048	24.691120926957304	0.006401638819537802
87.0	30.945522053645735	31.38723513219384	12.867294027270981	24.793547148069905	0.006401638819537802
88.0	30.823890916074514	31.483259714486913	13.020933358939887	24.66551437167915	0.006401638819537802
89.0	30.945522053645735	31.464054798028297	12.880097304910057	24.70392420459638	0.006401638819537802
90.0	30.849497471352667	31.393636771013377	13.027334997759427	24.723129121054992	0.006401638819537802
91.0	30.919915498367583	31.425644965111065	12.918507137827284	24.729530759874528	0.006401638819537802
92.0	30.900710581908967	31.44484988156968	12.982523526022662	24.66551437167915	0.006401638819537802
93.0	30.919915498367583	31.50246463094552	12.822482555534217	24.74873567633314	0.006401638819537802
94.0	30.958325331284808	31.368030215735228	12.92490877664682	24.7423340375136	0.006401638819537802
95.0	30.939120414826192	31.50246463094552	12.828884194353755	24.723129121054992	0.006401638819537802
96.0	30.900710581908967	31.393636771013377	12.92490877664682	24.774342231611293	0.006401638819537802
97.0	30.89430894308943	31.58568593559951	12.854490749631905	24.65911273285961	0.006401638819537802
98.0	30.909090909090907	31.46606914212548	12.925736235595389	24.69910371318822	0.0
