# Position (bp)	A	C	G	T	N
0.0	31.066223472257736	31.373050370749166	12.88033750958834	24.67399642035285	0.006392227051904884
1.0	30.8936333418563	31.392227051904886	13.052927639989772	24.654819739197137	0.006392227051904884
2.0	30.96394783942726	31.373050370749166	12.957044234211198	24.69956532856047	0.006392227051904884
3.0	30.8936333418563	31.456149322423933	13.033750958834059	24.610074149833803	0.006392227051904884
4.0	30.983124520582972	31.43697264126822	12.925083098951676	24.648427512145233	0.006392227051904884
5.0	30.8936333418563	31.37944259780107	13.033750958834059	24.68678087445666	0.006392227051904884
6.0	31.04704679110202	31.46893377652774	12.918690871899772	24.55893633341856	0.006392227051904884
7.0	30.912810023012018	31.417795960112503	13.001789823574534	24.66121196624904	0.006392227051904884
8.0	31.027870109946303	31.37944259780107	12.912298644847864	24.67399642035285	0.006392227051904884
9.0	30.79774993607773	31.46893377652774	13.040143185885963	24.68678087445666	0.006392227051904884
10.0	31.05983124520583	31.360265916645357	12.899514190744055	24.67399642035285	0.006392227051904884
11.0	30.836103298389162	31.385834824852978	13.046535412937867	24.72513423676809	0.006392227051904884
12.0	31.0214778828944	31.360265916645357	12.93147532600358	24.680388647404754	0.006392227051904884
13.0	30.880848887752492	31.385834824852978	13.084888775249299	24.64203528509333	0.006392227051904884
14.0	30.99590897468678	31.264382510866785	13.001789823574534	24.731526463819993	0.006392227051904884
15.0	30.912810023012018	31.373050370749166	13.040143185885963	24.667604193300946	0.006392227051904884
16.0	30.925594477115826	31.328304781385835	13.02735873178215	24.71234978266428	0.006392227051904884
17.0	30.900025568908205	31.33469700843774	13.059319867041678	24.69956532856047	0.006392227051904884
18.0	30.919202250063922	31.2835591920225	13.014574277678342	24.77627205318333	0.006392227051904884
19.0	30.96394783942726	31.315520327282027	13.091281002301203	24.622858603937612	0.006392227051904884
20.0	30.900025568908205	31.341089235489644	13.040143185885963	24.71234978266428	0.006392227051904884
21.0	30.86167220659678	31.264382510866785	13.072104321145487	24.795448734339043	0.006392227051904884
22.0	31.00869342879059	31.277166964970593	13.02735873178215	24.680388647404754	0.006392227051904884
23.0	30.887241114804397	31.315520327282027	13.040143185885963	24.75070314497571	0.006392227051904884
24.0	30.989516747634877	31.23242137560726	13.046535412937867	24.72513423676809	0.006392227051904884
25.0	30.874456660700588	31.341089235489644	13.072104321145487	24.705957555612375	0.006392227051904884
26.0	30.957555612375355	31.28995141907441	13.008182050626438	24.7379186908719	0.006392227051904884
27.0	30.919202250063922	31.373050370749166	13.008182050626438	24.693173101508563	0.006392227051904884
28.0	30.8936333418563	31.33469700843774	13.008182050626438	24.757095372027614	0.006392227051904884
29.0	30.989516747634877	31.315520327282027	13.008182050626438	24.680388647404754	0.006392227051904884
30.0	30.938378931219635	31.309128100230122	13.052927639989772	24.693173101508563	0.006392227051904884
31.0	30.970340066479164	31.24520582971107	13.059319867041678	24.718742009716184	0.006392227051904884
32.0	30.99590897468678	31.32191255433393	13.033750958834059	24.64203528509333	0.006392227051904884
33.0	30.93198670416773	31.32191255433393	13.072104321145487	24.667604193300946	0.006392227051904884
34.0	31.04704679110202	31.226029148555355	13.078496548197391	24.64203528509333	0.006392227051904884
35.0	30.874456660700588	31.417795960112503	13.014574277678342	24.68678087445666	0.006392227051904884
36.0	30.989516747634877	31.2835591920225	13.040143185885963	24.680388647404754	0.006392227051904884
37.0	30.944771158271543	31.277166964970593	13.02735873178215	24.744310917923805	0.006392227051904884
38.0	30.99590897468678	31.33469700843774	12.989005369470725	24.67399642035285	0.006392227051904884
39.0	30.919202250063922	31.27077473791869	13.014574277678342	24.78905650728714	0.006392227051904884
40.0	31.07261569930964	31.28995141907441	12.963436461263104	24.667604193300946	0.006392227051904884
41.0	30.906417795960113	31.251598056762976	13.123242137560725	24.71234978266428	0.006392227051904884
42.0	31.05983124520583	31.2835591920225	12.957044234211198	24.693173101508563	0.006392227051904884
43.0	30.925594477115826	31.315520327282027	13.046535412937867	24.705957555612375	0.006392227051904884
44.0	30.983124520582972	31.37944259780107	12.963436461263104	24.667604193300946	0.006392227051904884
45.0	30.93198670416773	31.2835591920225	13.001789823574534	24.77627205318333	0.006392227051904884
46.0	30.976732293531068	31.33469700843774	13.046535412937867	24.63564305804142	0.006392227051904884
47.0	30.900025568908205	31.24520582971107	13.072104321145487	24.77627205318333	0.006392227051904884
48.0	31.04065456405011	31.251598056762976	13.02735873178215	24.67399642035285	0.006392227051904884
49.0	31.002301201738685	31.27077473791869	13.065712094093582	24.654819739197137	0.006392227051904884
50.0	31.04065456405011	31.168499105088216	13.040143185885963	24.744310917923805	0.006392227051904884
51.0	30.95116338532345	31.277166964970593	12.976220915366914	24.78905650728714	0.006392227051904884
52.0	31.015085655842494	31.28995141907441	13.001789823574534	24.68678087445666	0.006392227051904884
53.0	30.96394783942726	31.302735873178218	12.99539759652263	24.731526463819993	0.006392227051904884
54.0	30.99590897468678	31.277166964970593	13.001789823574534	24.718742009716184	0.006392227051904884
55.0	30.944771158271543	31.2835591920225	13.014574277678342	24.75070314497571	0.006392227051904884
56.0	30.944771158271543	31.27077473791869	13.02735873178215	24.75070314497571	0.006392227051904884
57.0	30.944771158271543	31.315520327282027	13.033750958834059	24.69956532856047	0.006392227051904884
58.0	30.983124520582972	31.385834824852978	12.969828688315008	24.654819739197137	0.006392227051904884
59.0	30.96394783942726	31.213244694451546	13.052927639989772	24.76348759907952	0.006392227051904884
60.0	30.99590897468678	31.417795960112503	12.957044234211198	24.622858603937612	0.006392227051904884
61.0	30.93198670416773	31.33469700843774	13.001789823574534	24.72513423676809	0.006392227051904884
62.0	30.99590897468678	31.328304781385835	12.99539759652263	24.67399642035285	0.006392227051904884
63.0	30.96394783942726	31.315520327282027	12.989005369470725	24.72513423676809	0.006392227051904884
64.0	31.00869342879059	31.37944259780107	12.90590641779596	24.69956532856047	0.006392227051904884
65.0	30.970340066479164	31.32191255433393	12.99539759652263	24.705957555612375	0.006392227051904884
66.0	30.957555612375355	31.405011506008695	12.963436461263104	24.667604193300946	0.006392227051904884
67.0	31.00869342879059	31.34748146254155	12.989005369470725	24.648427512145233	0.006392227051904884
68.0	30.900025568908205	31.373050370749166	12.957044234211198	24.76348759907952	0.006392227051904884
69.0	31.053439018153924	31.341089235489644	12.937867553055485	24.66121196624904	0.006392227051904884
70.0	30.983124520582972	31.328304781385835	12.969828688315008	24.71234978266428	0.006392227051904884
71.0	30.970340066479164	31.417795960112503	12.944259780107389	24.66121196624904	0.006392227051904884
72.0	30.970340066479164	31.430580414216315	12.950652007159293	24.64203528509333	0.006392227051904884
73.0	30.983124520582972	31.405011506008695	12.944259780107389	24.66121196624904	0.006392227051904884
74.0	30.919202250063922	31.392227051904886	13.014574277678342	24.667604193300946	0.006392227051904884
75.0	31.027870109946303	31.28995141907441	12.944259780107389	24.731526463819993	0.006392227051904884
76.0	30.989516747634877	31.315520327282027	12.99539759652263	24.693173101508563	0.006392227051904884
77.0	30.96394783942726	31.34748146254155	12.989005369470725	24.693173101508563	0.006392227051904884
78.0	31.05983124520583	31.309128100230122	12.969828688315008	24.654819739197137	0.006392227051904884
79.0	30.95116338532345	31.309128100230122	12.950652007159293	24.782664280235235	0.006392227051904884
80.0	30.93198670416773	31.37944259780107	13.001789823574534	24.680388647404754	0.006392227051904884
81.0	31.04065456405011	31.238813602659164	12.950652007159293	24.76348759907952	0.006392227051904884
82.0	30.868064433648684	31.37944259780107	13.033750958834059	24.71234978266428	0.006392227051904884
83.0	31.0214778828944	31.353873689593453	12.969828688315008	24.648427512145233	0.006392227051904884
84.0	30.912810023012018	31.328304781385835	13.001789823574534	24.75070314497571	0.006392227051904884
85.0	30.989516747634877	31.373050370749166	12.925083098951676	24.705957555612375	0.006392227051904884
86.0	30.919202250063922	31.385834824852978	13.008182050626438	24.680388647404754	0.006392227051904884
87.0	30.96394783942726	31.353873689593453	12.90590641779596	24.769879826131426	0.006392227051904884
88.0	30.868064433648684	31.430580414216315	13.040143185885963	24.654819739197137	0.006392227051904884
89.0	31.002301201738685	31.4114037330606	12.93147532600358	24.648427512145233	0.006392227051904884
90.0	30.906417795960113	31.34748146254155	13.046535412937867	24.693173101508563	0.006392227051904884
91.0	30.989516747634877	31.360265916645357	12.969828688315008	24.67399642035285	0.006392227051904884
92.0	30.944771158271543	31.37944259780107	12.99539759652263	24.67399642035285	0.006392227051904884
93.0	30.970340066479164	31.44975709537203	12.867553055484532	24.705957555612375	0.006392227051904884
94.0	31.002301201738685	31.315520327282027	12.963436461263104	24.71234978266428	0.006392227051904884
95.0	30.99590897468678	31.456149322423933	12.848376374328815	24.693173101508563	0.006392227051904884
96.0	30.93198670416773	31.315520327282027	12.963436461263104	24.782664280235235	0.006392227051904884
97.0	30.93198670416773	31.532856047046792	12.867553055484532	24.66121196624904	0.006392227051904884
98.0	30.985105158856996	31.381448571245922	12.932301988109698	24.701144281787382	0.0
