# Position (bp)	A	C	G	T	N
0.0	31.081167379781593	31.38131426016987	12.89992975285778	24.631202503352704	0.006386103838048407
1.0	30.921514783830382	31.40047257168402	13.040424037294846	24.631202503352704	0.006386103838048407
2.0	30.99814802988697	31.355769844817676	12.970176895076314	24.669519126380994	0.006386103838048407
3.0	30.91512867999234	31.445175298550353	13.040424037294846	24.592885880324413	0.006386103838048407
4.0	31.02369244523916	31.41324477936011	12.944632479724119	24.61204419183856	0.006386103838048407
5.0	30.908742576154285	31.38131426016987	13.0340379334568	24.669519126380994	0.006386103838048407
6.0	31.087553483619644	31.4515614023884	12.938246375886072	24.516252634267833	0.006386103838048407
7.0	30.927900887668436	31.438789194712307	13.002107414266556	24.624816399514657	0.006386103838048407
8.0	31.036464652915257	31.362155948655722	12.931860272048024	24.663133022542947	0.006386103838048407
9.0	30.844881537773805	31.438789194712307	13.053196244970945	24.656746918704897	0.006386103838048407
10.0	31.081167379781593	31.323839325627432	12.938246375886072	24.65036081486685	0.006386103838048407
11.0	30.86403984928795	31.38131426016987	13.053196244970945	24.69506354173319	0.006386103838048407
12.0	31.042850756753303	31.34299763714158	12.951018583562169	24.656746918704897	0.006386103838048407
13.0	30.895970368478192	31.394086467845966	13.085126764161185	24.618430295676607	0.006386103838048407
14.0	31.004534133725016	31.2791365987611	12.98933520659046	24.720607957085384	0.006386103838048407
15.0	30.921514783830382	31.38131426016987	13.053196244970945	24.637588607190754	0.006386103838048407
16.0	30.966217510696726	31.30468101411329	13.0340379334568	24.68867743789514	0.006386103838048407
17.0	30.921514783830382	31.34299763714158	13.046810141132895	24.68229133405709	0.006386103838048407
18.0	30.959831406858672	31.2791365987611	13.021265725780701	24.733380164761478	0.006386103838048407
19.0	30.953445303020626	31.336611533303532	13.091512867999233	24.61204419183856	0.006386103838048407
20.0	30.927900887668436	31.34938374097963	13.040424037294846	24.675905230219044	0.006386103838048407
21.0	30.889584264640142	31.266364391085	13.059582348808993	24.778082891627818	0.006386103838048407
22.0	31.02369244523916	31.272750494923045	13.040424037294846	24.656746918704897	0.006386103838048407
23.0	30.895970368478192	31.298294910275242	13.053196244970945	24.746152372437578	0.006386103838048407
24.0	31.01092023756306	31.22804776805671	13.040424037294846	24.714221853247334	0.006386103838048407
25.0	30.90235647231624	31.311067117951335	13.091512867999233	24.68867743789514	0.006386103838048407
26.0	30.966217510696726	31.291908806437192	13.01487962194265	24.720607957085384	0.006386103838048407
27.0	30.934286991506482	31.34938374097963	13.02765182961875	24.68229133405709	0.006386103838048407
28.0	30.908742576154285	31.355769844817676	13.002107414266556	24.72699406092343	0.006386103838048407
29.0	30.991761926048916	31.298294910275242	13.021265725780701	24.68229133405709	0.006386103838048407
30.0	30.927900887668436	31.323839325627432	13.053196244970945	24.68867743789514	0.006386103838048407
31.0	30.972603614534773	31.272750494923045	13.053196244970945	24.69506354173319	0.006386103838048407
32.0	30.97898971837282	31.323839325627432	13.02765182961875	24.663133022542947	0.006386103838048407
33.0	30.953445303020626	31.330225429465486	13.072354556485088	24.637588607190754	0.006386103838048407
34.0	31.030078549077206	31.221661664218658	13.078740660323138	24.663133022542947	0.006386103838048407
35.0	30.870425953125995	31.419630883198163	13.021265725780701	24.68229133405709	0.006386103838048407
36.0	31.004534133725016	31.272750494923045	13.02765182961875	24.68867743789514	0.006386103838048407
37.0	30.934286991506482	31.285522702599145	13.0340379334568	24.739766268599528	0.006386103838048407
38.0	30.98537582221087	31.362155948655722	12.98933520659046	24.656746918704897	0.006386103838048407
39.0	30.94067309534453	31.266364391085	13.021265725780701	24.76531068395172	0.006386103838048407
40.0	31.06200906826745	31.285522702599145	12.957404687400217	24.68867743789514	0.006386103838048407
41.0	30.934286991506482	31.240819975732805	13.155373906379717	24.663133022542947	0.006386103838048407
42.0	31.04923686059135	31.272750494923045	12.957404687400217	24.714221853247334	0.006386103838048407
43.0	30.94067309534453	31.298294910275242	13.06596845264704	24.68867743789514	0.006386103838048407
44.0	30.94705919918258	31.41324477936011	12.944632479724119	24.68867743789514	0.006386103838048407
45.0	30.959831406858672	31.266364391085	13.008493518104606	24.75892458011367	0.006386103838048407
46.0	30.94705919918258	31.34938374097963	13.040424037294846	24.656746918704897	0.006386103838048407
47.0	30.889584264640142	31.272750494923045	13.072354556485088	24.75892458011367	0.006386103838048407
48.0	31.017306341401113	31.247206079570855	13.02765182961875	24.701449645571234	0.006386103838048407
49.0	30.99814802988697	31.291908806437192	13.059582348808993	24.6439747110288	0.006386103838048407
50.0	31.02369244523916	31.17695893735232	13.040424037294846	24.752538476275625	0.006386103838048407
51.0	30.94067309534453	31.285522702599145	12.976562998914362	24.790855099303915	0.006386103838048407
52.0	31.017306341401113	31.272750494923045	13.002107414266556	24.701449645571234	0.006386103838048407
53.0	30.94705919918258	31.31745322178939	13.008493518104606	24.720607957085384	0.006386103838048407
54.0	30.991761926048916	31.272750494923045	13.002107414266556	24.72699406092343	0.006386103838048407
55.0	30.953445303020626	31.285522702599145	13.01487962194265	24.739766268599528	0.006386103838048407
56.0	30.94705919918258	31.266364391085	13.021265725780701	24.75892458011367	0.006386103838048407
57.0	30.94067309534453	31.311067117951335	13.0340379334568	24.707835749409284	0.006386103838048407
58.0	30.98537582221087	31.38131426016987	12.957404687400217	24.669519126380994	0.006386103838048407
59.0	30.97898971837282	31.21527556038061	13.053196244970945	24.746152372437578	0.006386103838048407
60.0	30.966217510696726	31.445175298550353	12.951018583562169	24.631202503352704	0.006386103838048407
61.0	30.927900887668436	31.330225429465486	12.98933520659046	24.746152372437578	0.006386103838048407
62.0	30.972603614534773	31.34938374097963	12.98294910275241	24.68867743789514	0.006386103838048407
63.0	30.927900887668436	31.336611533303532	12.970176895076314	24.75892458011367	0.006386103838048407
64.0	31.004534133725016	31.368542052493776	12.89992975285778	24.720607957085384	0.006386103838048407
65.0	30.94067309534453	31.374928156331823	12.976562998914362	24.701449645571234	0.006386103838048407
66.0	30.927900887668436	31.419630883198163	12.957404687400217	24.68867743789514	0.006386103838048407
67.0	30.94067309534453	31.38770036400792	12.995721310428507	24.669519126380994	0.006386103838048407
68.0	30.90235647231624	31.362155948655722	12.944632479724119	24.784468995465865	0.006386103838048407
69.0	31.004534133725016	31.355769844817676	12.938246375886072	24.69506354173319	0.006386103838048407
70.0	30.98537582221087	31.31745322178939	12.963790791238267	24.72699406092343	0.006386103838048407
71.0	30.959831406858672	31.432403090874256	12.925474168209975	24.675905230219044	0.006386103838048407
72.0	30.927900887668436	31.4515614023884	12.931860272048024	24.68229133405709	0.006386103838048407
73.0	30.94705919918258	31.432403090874256	12.931860272048024	24.68229133405709	0.006386103838048407
74.0	30.90235647231624	31.41324477936011	12.995721310428507	24.68229133405709	0.006386103838048407
75.0	30.991761926048916	31.311067117951335	12.944632479724119	24.746152372437578	0.006386103838048407
76.0	30.97898971837282	31.298294910275242	13.002107414266556	24.714221853247334	0.006386103838048407
77.0	30.966217510696726	31.355769844817676	12.976562998914362	24.69506354173319	0.006386103838048407
78.0	31.030078549077206	31.336611533303532	12.951018583562169	24.675905230219044	0.006386103838048407
79.0	30.90235647231624	31.31745322178939	12.957404687400217	24.81639951465611	0.006386103838048407
80.0	30.927900887668436	31.394086467845966	12.98933520659046	24.68229133405709	0.006386103838048407
81.0	31.004534133725016	31.266364391085	12.938246375886072	24.784468995465865	0.006386103838048407
82.0	30.857653745449902	31.394086467845966	13.046810141132895	24.69506354173319	0.006386103838048407
83.0	30.991761926048916	31.368542052493776	12.951018583562169	24.68229133405709	0.006386103838048407
84.0	30.90235647231624	31.336611533303532	12.995721310428507	24.75892458011367	0.006386103838048407
85.0	30.991761926048916	31.374928156331823	12.912701960533878	24.714221853247334	0.006386103838048407
86.0	30.934286991506482	31.38131426016987	12.995721310428507	24.68229133405709	0.006386103838048407
87.0	30.972603614534773	31.355769844817676	12.89992975285778	24.76531068395172	0.006386103838048407
88.0	30.85126764161185	31.438789194712307	13.01487962194265	24.68867743789514	0.006386103838048407
89.0	30.97898971837282	31.40047257168402	12.931860272048024	24.68229133405709	0.006386103838048407
90.0	30.90235647231624	31.336611533303532	13.02765182961875	24.72699406092343	0.006386103838048407
91.0	30.972603614534773	31.362155948655722	12.957404687400217	24.701449645571234	0.006386103838048407
92.0	30.934286991506482	31.394086467845966	12.976562998914362	24.68867743789514	0.006386103838048407
93.0	30.966217510696726	31.445175298550353	12.848840922153396	24.733380164761478	0.006386103838048407
94.0	30.991761926048916	31.291908806437192	12.970176895076314	24.739766268599528	0.006386103838048407
95.0	30.953445303020626	31.445175298550353	12.848840922153396	24.746152372437578	0.006386103838048407
96.0	30.927900887668436	31.336611533303532	12.957404687400217	24.771696787789768	0.006386103838048407
97.0	30.908742576154285	31.528194648444984	12.855227025991441	24.701449645571234	0.006386103838048407
98.0	30.961808660109845	31.402477966534683	12.951845701877634	24.683867671477838	0.0
