# Position (bp)	A	C	G	T	N
0.0	31.05323777834656	31.373176350140774	12.867929357563348	24.699257742513435	0.00639877143588431
1.0	30.886869721013564	31.411568978756076	13.021499872024572	24.673662656769903	0.00639877143588431
2.0	31.008446378295368	31.36677757870489	12.919119529050421	24.699257742513435	0.00639877143588431
3.0	30.88047094957768	31.469157921679034	13.027898643460457	24.61607371384694	0.00639877143588431
4.0	31.008446378295368	31.42436652162785	12.89992321474277	24.66086511389813	0.00639877143588431
5.0	30.899667263885334	31.39877143588431	13.021499872024572	24.673662656769903	0.00639877143588431
6.0	31.072434092654213	31.43716406449962	12.919119529050421	24.564883542359865	0.00639877143588431
7.0	30.899667263885334	31.443562835935502	12.97670847197338	24.673662656769903	0.00639877143588431
8.0	31.021243921167134	31.392372664448427	12.89992321474277	24.680061428205786	0.00639877143588431
9.0	30.81648323521884	31.47555669311492	13.021499872024572	24.680061428205786	0.00639877143588431
10.0	31.059636549782443	31.328384950089582	12.89992321474277	24.70565651394932	0.00639877143588431
11.0	30.83567954952649	31.41796775019196	13.040696186332223	24.699257742513435	0.00639877143588431
12.0	31.040440235474787	31.34118249296135	12.912720757614537	24.699257742513435	0.00639877143588431
13.0	30.88047094957768	31.392372664448427	13.06629127207576	24.654466342462246	0.00639877143588431
14.0	30.98285129255183	31.28359355003839	12.983107243409265	24.744049142564627	0.00639877143588431
15.0	30.89326849244945	31.392372664448427	13.047094957768108	24.66086511389813	0.00639877143588431
16.0	30.963654978244175	31.34118249296135	12.989506014845151	24.699257742513435	0.00639877143588431
17.0	30.867673406705915	31.360378807269008	13.047094957768108	24.71845405682109	0.00639877143588431
18.0	30.918863578192983	31.302789864346046	12.995904786281034	24.77604299974405	0.00639877143588431
19.0	30.95085743537241	31.353980035833118	13.059892500639878	24.62887125671871	0.00639877143588431
20.0	30.899667263885334	31.373176350140774	13.015101100588685	24.70565651394932	0.00639877143588431
21.0	30.861274635270032	31.26439723573074	13.053493729203995	24.814435628359355	0.00639877143588431
22.0	31.021243921167134	31.29639109291016	13.008702329152802	24.667263885334016	0.00639877143588431
23.0	30.88047094957768	31.34118249296135	13.03429741489634	24.737650371128744	0.00639877143588431
24.0	30.98285129255183	31.26439723573074	13.027898643460457	24.71845405682109	0.00639877143588431
25.0	30.874072178141798	31.360378807269008	13.047094957768108	24.71205528538521	0.00639877143588431
26.0	30.95085743537241	31.309188635781933	12.989506014845151	24.744049142564627	0.00639877143588431
27.0	30.918863578192983	31.379575121576657	13.002303557716917	24.692858971077552	0.00639877143588431
28.0	30.918863578192983	31.347581264397235	12.989506014845151	24.737650371128744	0.00639877143588431
29.0	30.976452521115945	31.3219861786537	13.002303557716917	24.692858971077552	0.00639877143588431
30.0	30.925262349628873	31.353980035833118	13.027898643460457	24.68646019964167	0.00639877143588431
31.0	30.957256206808292	31.277194778602507	13.040696186332223	24.71845405682109	0.00639877143588431
32.0	30.98925006398772	31.334783721525465	13.008702329152802	24.66086511389813	0.00639877143588431
33.0	30.944458663936526	31.34118249296135	13.053493729203995	24.654466342462246	0.00639877143588431
34.0	31.034041464038904	31.245200921423088	13.040696186332223	24.673662656769903	0.00639877143588431
35.0	30.899667263885334	31.39877143588431	13.015101100588685	24.680061428205786	0.00639877143588431
36.0	30.98925006398772	31.309188635781933	13.002303557716917	24.692858971077552	0.00639877143588431
37.0	30.931661121064757	31.29639109291016	12.995904786281034	24.769644228308167	0.00639877143588431
38.0	31.01484514973125	31.36677757870489	12.963910929101614	24.648067571026363	0.00639877143588431
39.0	30.93805989250064	31.28359355003839	13.002303557716917	24.769644228308167	0.00639877143588431
40.0	31.066035321218326	31.29639109291016	12.938315843358076	24.692858971077552	0.00639877143588431
41.0	30.957256206808292	31.257998464294857	13.111082672126953	24.667263885334016	0.00639877143588431
42.0	31.072434092654213	31.270796007166624	12.925518300486308	24.724852828256974	0.00639877143588431
43.0	30.957256206808292	31.309188635781933	13.027898643460457	24.699257742513435	0.00639877143588431
44.0	30.98925006398772	31.379575121576657	12.931917071922191	24.692858971077552	0.00639877143588431
45.0	30.963654978244175	31.277194778602507	12.983107243409265	24.769644228308167	0.00639877143588431
46.0	30.963654978244175	31.360378807269008	13.015101100588685	24.654466342462246	0.00639877143588431
47.0	30.925262349628873	31.26439723573074	13.047094957768108	24.756846685436397	0.00639877143588431
48.0	31.021243921167134	31.25159969285897	13.008702329152802	24.71205528538521	0.00639877143588431
49.0	31.002047606859485	31.315587407217816	13.027898643460457	24.648067571026363	0.00639877143588431
50.0	31.046839006910677	31.174814435628363	13.002303557716917	24.769644228308167	0.00639877143588431
51.0	30.93805989250064	31.302789864346046	12.963910929101614	24.788840542615816	0.00639877143588431
52.0	31.046839006910677	31.277194778602507	12.951113386229842	24.71845405682109	0.00639877143588431
53.0	30.957256206808292	31.328384950089582	12.97670847197338	24.731251599692857	0.00639877143588431
54.0	31.002047606859485	31.28359355003839	12.983107243409265	24.724852828256974	0.00639877143588431
55.0	30.944458663936526	31.3219861786537	12.97670847197338	24.75044791400051	0.00639877143588431
56.0	30.976452521115945	31.26439723573074	12.995904786281034	24.756846685436397	0.00639877143588431
57.0	30.95085743537241	31.360378807269008	13.002303557716917	24.680061428205786	0.00639877143588431
58.0	30.9956488354236	31.360378807269008	12.94471461479396	24.692858971077552	0.00639877143588431
59.0	30.976452521115945	31.245200921423088	13.03429741489634	24.737650371128744	0.00639877143588431
60.0	30.98925006398772	31.430765293063732	12.94471461479396	24.62887125671871	0.00639877143588431
61.0	30.944458663936526	31.360378807269008	12.957512157665729	24.731251599692857	0.00639877143588431
62.0	30.9956488354236	31.347581264397235	12.970309700537497	24.680061428205786	0.00639877143588431
63.0	30.944458663936526	31.353980035833118	12.951113386229842	24.744049142564627	0.00639877143588431
64.0	31.021243921167134	31.36677757870489	12.887125671870999	24.71845405682109	0.00639877143588431
65.0	30.97005374968006	31.379575121576657	12.957512157665729	24.68646019964167	0.00639877143588431
66.0	30.944458663936526	31.411568978756076	12.94471461479396	24.692858971077552	0.00639877143588431
67.0	30.963654978244175	31.41796775019196	12.957512157665729	24.654466342462246	0.00639877143588431
68.0	30.925262349628873	31.36677757870489	12.925518300486308	24.77604299974405	0.00639877143588431
69.0	31.021243921167134	31.373176350140774	12.912720757614537	24.68646019964167	0.00639877143588431
70.0	30.9956488354236	31.334783721525465	12.938315843358076	24.724852828256974	0.00639877143588431
71.0	30.963654978244175	31.449961607371385	12.906321986178654	24.673662656769903	0.00639877143588431
72.0	30.95085743537241	31.443562835935502	12.938315843358076	24.66086511389813	0.00639877143588431
73.0	30.98285129255183	31.43716406449962	12.893524443306886	24.680061428205786	0.00639877143588431
74.0	30.89326849244945	31.42436652162785	12.983107243409265	24.692858971077552	0.00639877143588431
75.0	31.002047606859485	31.315587407217816	12.925518300486308	24.75044791400051	0.00639877143588431
76.0	30.98925006398772	31.302789864346046	12.983107243409265	24.71845405682109	0.00639877143588431
77.0	30.963654978244175	31.36677757870489	12.963910929101614	24.699257742513435	0.00639877143588431
78.0	31.021243921167134	31.315587407217816	12.951113386229842	24.70565651394932	0.00639877143588431
79.0	30.918863578192983	31.334783721525465	12.931917071922191	24.808036856923472	0.00639877143588431
80.0	30.906066035321217	31.36677757870489	12.989506014845151	24.731251599692857	0.00639877143588431
81.0	31.002047606859485	31.26439723573074	12.938315843358076	24.788840542615816	0.00639877143588431
82.0	30.867673406705915	31.373176350140774	13.021499872024572	24.731251599692857	0.00639877143588431
83.0	30.98285129255183	31.39877143588431	12.94471461479396	24.667263885334016	0.00639877143588431
84.0	30.89326849244945	31.302789864346046	12.995904786281034	24.80163808548759	0.00639877143588431
85.0	30.963654978244175	31.405170207320193	12.887125671870999	24.737650371128744	0.00639877143588431
86.0	30.957256206808292	31.36677757870489	12.995904786281034	24.673662656769903	0.00639877143588431
87.0	30.957256206808292	31.360378807269008	12.887125671870999	24.788840542615816	0.00639877143588431
88.0	30.861274635270032	31.430765293063732	13.015101100588685	24.68646019964167	0.00639877143588431
89.0	30.98285129255183	31.411568978756076	12.912720757614537	24.68646019964167	0.00639877143588431
90.0	30.89326849244945	31.334783721525465	13.03429741489634	24.731251599692857	0.00639877143588431
91.0	30.957256206808292	31.36677757870489	12.94471461479396	24.724852828256974	0.00639877143588431
92.0	30.944458663936526	31.36677757870489	12.983107243409265	24.699257742513435	0.00639877143588431
93.0	30.944458663936526	31.46275915024315	12.855131814691578	24.731251599692857	0.00639877143588431
94.0	30.98285129255183	31.29639109291016	12.963910929101614	24.75044791400051	0.00639877143588431
95.0	30.97005374968006	31.430765293063732	12.848733043255695	24.744049142564627	0.00639877143588431
96.0	30.88047094957768	31.328384950089582	12.97670847197338	24.808036856923472	0.00639877143588431
97.0	30.906066035321217	31.53314563603788	12.861530586127465	24.692858971077552	0.00639877143588431
98.0	30.972035579445834	31.36878479554617	12.939143789594931	24.720035835413068	0.0
