# Position (bp)	A	C	G	T	N
0.0	31.04483331204496	31.3705454080981	12.887980585004472	24.690254183165155	0.006386511687316388
1.0	30.87239749648742	31.41525098990931	13.034870353812748	24.671094648103207	0.006386511687316388
2.0	30.968195171797163	31.376931919785413	12.945459190190316	24.703027206539787	0.006386511687316388
3.0	30.878784008174737	31.466343083407843	13.022097330438115	24.626389066291992	0.006386511687316388
4.0	30.980968195171798	31.434410524971263	12.926299655128368	24.651935113041258	0.006386511687316388
5.0	30.885170519862054	31.389704943160048	13.022097330438115	24.69664069485247	0.006386511687316388
6.0	31.05121982373228	31.44079703665858	12.932686166815685	24.568910461106146	0.006386511687316388
7.0	30.891557031549365	31.44079703665858	12.990164772001533	24.671094648103207	0.006386511687316388
8.0	31.000127730233746	31.376931919785413	12.913526631753736	24.703027206539787	0.006386511687316388
9.0	30.814918891301573	31.44718354834589	13.028483842125432	24.703027206539787	0.006386511687316388
10.0	31.038446800357644	31.332226337974202	12.913526631753736	24.709413718227104	0.006386511687316388
11.0	30.821305402988884	31.389704943160048	13.041256865500065	24.741346276663688	0.006386511687316388
12.0	31.006514241921064	31.338612849661512	12.939072678503003	24.709413718227104	0.006386511687316388
13.0	30.87239749648742	31.376931919785413	13.060416400562014	24.683867671477838	0.006386511687316388
14.0	30.987354706859115	31.281134244475666	12.958232213564951	24.76689232341295	0.006386511687316388
15.0	30.891557031549365	31.376931919785413	13.022097330438115	24.703027206539787	0.006386511687316388
16.0	30.9426491250479	31.325839826286884	12.990164772001533	24.73495976497637	0.006386511687316388
17.0	30.878784008174737	31.338612849661512	13.015710818750797	24.760505811725636	0.006386511687316388
18.0	30.929876101673266	31.30029377953762	12.977391748626902	24.7860518584749	0.006386511687316388
19.0	30.949035636735218	31.31306680291225	13.047643377187379	24.683867671477838	0.006386511687316388
20.0	30.897943543236682	31.364158896410782	13.009324307063483	24.72218674160174	0.006386511687316388
21.0	30.878784008174737	31.255588197726404	13.015710818750797	24.84353046366075	0.006386511687316388
22.0	31.000127730233746	31.281134244475666	13.009324307063483	24.703027206539787	0.006386511687316388
23.0	30.885170519862054	31.31306680291225	13.015710818750797	24.779665346787585	0.006386511687316388
24.0	30.987354706859115	31.249201686039086	13.015710818750797	24.741346276663688	0.006386511687316388
25.0	30.891557031549365	31.325839826286884	13.047643377187379	24.728573253289056	0.006386511687316388
26.0	30.97458168348448	31.287520756162984	12.990164772001533	24.741346276663688	0.006386511687316388
27.0	30.929876101673266	31.364158896410782	12.983778260314216	24.71580022991442	0.006386511687316388
28.0	30.910716566611317	31.34499936134883	12.983778260314216	24.75411930003832	0.006386511687316388
29.0	30.97458168348448	31.31306680291225	12.990164772001533	24.71580022991442	0.006386511687316388
30.0	30.929876101673266	31.332226337974202	13.028483842125432	24.703027206539787	0.006386511687316388
31.0	30.955422148422528	31.281134244475666	13.028483842125432	24.728573253289056	0.006386511687316388
32.0	30.99374121854643	31.325839826286884	13.002937795376166	24.671094648103207	0.006386511687316388
33.0	30.9426491250479	31.325839826286884	13.054029888874696	24.671094648103207	0.006386511687316388
34.0	31.05121982373228	31.22365563928982	13.047643377187379	24.671094648103207	0.006386511687316388
35.0	30.885170519862054	31.396091454847365	13.009324307063483	24.703027206539787	0.006386511687316388
36.0	31.006514241921064	31.287520756162984	13.009324307063483	24.690254183165155	0.006386511687316388
37.0	30.923489589985948	31.281134244475666	13.015710818750797	24.773278835100268	0.006386511687316388
38.0	31.01290075360838	31.338612849661512	12.977391748626902	24.66470813641589	0.006386511687316388
39.0	30.929876101673266	31.27474773278835	13.009324307063483	24.779665346787585	0.006386511687316388
40.0	31.06399284710691	31.26836122110103	12.958232213564951	24.703027206539787	0.006386511687316388
41.0	30.929876101673266	31.255588197726404	13.143441052497126	24.66470813641589	0.006386511687316388
42.0	31.06399284710691	31.26836122110103	12.945459190190316	24.71580022991442	0.006386511687316388
43.0	30.949035636735218	31.306680291224932	13.054029888874696	24.683867671477838	0.006386511687316388
44.0	30.987354706859115	31.357772384723464	12.945459190190316	24.703027206539787	0.006386511687316388
45.0	30.97458168348448	31.26197470941372	12.996551283688849	24.760505811725636	0.006386511687316388
46.0	30.97458168348448	31.319453314599567	13.028483842125432	24.671094648103207	0.006386511687316388
47.0	30.923489589985948	31.249201686039086	13.054029888874696	24.76689232341295	0.006386511687316388
48.0	31.05121982373228	31.22365563928982	13.009324307063483	24.709413718227104	0.006386511687316388
49.0	31.01290075360838	31.281134244475666	13.060416400562014	24.639162089666623	0.006386511687316388
50.0	31.057606335419596	31.147017499042022	13.022097330438115	24.76689232341295	0.006386511687316388
51.0	30.97458168348448	31.281134244475666	12.971005236939584	24.76689232341295	0.006386511687316388
52.0	31.032060288670326	31.26197470941372	12.990164772001533	24.709413718227104	0.006386511687316388
53.0	30.97458168348448	31.2939072678503	13.002937795376166	24.72218674160174	0.006386511687316388
54.0	31.032060288670326	31.26836122110103	12.990164772001533	24.703027206539787	0.006386511687316388
55.0	30.968195171797163	31.287520756162984	13.009324307063483	24.728573253289056	0.006386511687316388
56.0	30.99374121854643	31.23642866266445	13.022097330438115	24.741346276663688	0.006386511687316388
57.0	30.97458168348448	31.319453314599567	13.034870353812748	24.66470813641589	0.006386511687316388
58.0	31.006514241921064	31.364158896410782	12.958232213564951	24.66470813641589	0.006386511687316388
59.0	31.000127730233746	31.217269127602503	13.054029888874696	24.72218674160174	0.006386511687316388
60.0	30.99374121854643	31.41525098990931	12.958232213564951	24.626389066291992	0.006386511687316388
61.0	30.955422148422528	31.325839826286884	12.990164772001533	24.72218674160174	0.006386511687316388
62.0	31.000127730233746	31.332226337974202	12.983778260314216	24.677481159790524	0.006386511687316388
63.0	30.97458168348448	31.306680291224932	12.977391748626902	24.73495976497637	0.006386511687316388
64.0	31.032060288670326	31.357772384723464	12.900753608379103	24.703027206539787	0.006386511687316388
65.0	30.987354706859115	31.332226337974202	12.977391748626902	24.69664069485247	0.006386511687316388
66.0	30.968195171797163	31.396091454847365	12.958232213564951	24.671094648103207	0.006386511687316388
67.0	31.000127730233746	31.3705454080981	12.971005236939584	24.651935113041258	0.006386511687316388
68.0	30.917103078298634	31.351385873036147	12.932686166815685	24.792438370162216	0.006386511687316388
69.0	31.057606335419596	31.325839826286884	12.919913143441054	24.690254183165155	0.006386511687316388
70.0	31.01290075360838	31.306680291224932	12.951845701877634	24.72218674160174	0.006386511687316388
71.0	30.99374121854643	31.402477966534683	12.919913143441054	24.677481159790524	0.006386511687316388
72.0	30.968195171797163	31.434410524971263	12.926299655128368	24.66470813641589	0.006386511687316388
73.0	31.01290075360838	31.396091454847365	12.90714012006642	24.677481159790524	0.006386511687316388
74.0	30.929876101673266	31.396091454847365	12.983778260314216	24.683867671477838	0.006386511687316388
75.0	31.04483331204496	31.281134244475666	12.913526631753736	24.75411930003832	0.006386511687316388
76.0	30.99374121854643	31.2939072678503	12.977391748626902	24.728573253289056	0.006386511687316388
77.0	30.99374121854643	31.332226337974202	12.958232213564951	24.709413718227104	0.006386511687316388
78.0	31.05121982373228	31.306680291224932	12.939072678503003	24.69664069485247	0.006386511687316388
79.0	30.968195171797163	31.281134244475666	12.932686166815685	24.81159790522417	0.006386511687316388
80.0	30.936262613360583	31.364158896410782	12.983778260314216	24.709413718227104	0.006386511687316388
81.0	31.05121982373228	31.24281517435177	12.926299655128368	24.773278835100268	0.006386511687316388
82.0	30.904330054924	31.364158896410782	13.015710818750797	24.709413718227104	0.006386511687316388
83.0	31.02567377698301	31.357772384723464	12.932686166815685	24.677481159790524	0.006386511687316388
84.0	30.929876101673266	31.30029377953762	12.983778260314216	24.779665346787585	0.006386511687316388
85.0	31.0192872652957	31.364158896410782	12.881594073317155	24.728573253289056	0.006386511687316388
86.0	30.968195171797163	31.364158896410782	12.983778260314216	24.677481159790524	0.006386511687316388
87.0	31.006514241921064	31.332226337974202	12.875207561629837	24.779665346787585	0.006386511687316388
88.0	30.891557031549365	31.434410524971263	13.002937795376166	24.66470813641589	0.006386511687316388
89.0	31.006514241921064	31.408864478221993	12.900753608379103	24.677481159790524	0.006386511687316388
90.0	30.923489589985948	31.34499936134883	13.022097330438115	24.703027206539787	0.006386511687316388
91.0	30.99374121854643	31.357772384723464	12.939072678503003	24.703027206539787	0.006386511687316388
92.0	30.936262613360583	31.408864478221993	12.964618725252267	24.683867671477838	0.006386511687316388
93.0	30.97458168348448	31.453570060033208	12.830501979818623	24.73495976497637	0.006386511687316388
94.0	30.987354706859115	31.306680291224932	12.958232213564951	24.741346276663688	0.006386511687316388
95.0	30.99374121854643	31.44079703665858	12.830501979818623	24.728573253289056	0.006386511687316388
96.0	30.910716566611317	31.351385873036147	12.951845701877634	24.779665346787585	0.006386511687316388
97.0	30.929876101673266	31.54298122365564	12.83688849150594	24.683867671477838	0.006386511687316388
98.0	30.963786165932174	31.41725745672862	12.920738327904452	24.698218049434757	0.0
