# Position (bp)	A	C	G	T	N
0.0	31.04554201411161	31.379089159717765	12.88005131494548	24.68890314304041	0.006414368184733805
1.0	30.872354073123798	31.411161000641435	13.027581783194355	24.682488774855678	0.006414368184733805
2.0	30.974983964079538	31.3662604233483	12.937780628608081	24.714560615779348	0.006414368184733805
3.0	30.885182809493266	31.449647209749838	13.027581783194355	24.631173829377808	0.006414368184733805
4.0	30.99422706863374	31.417575368826174	12.93136626042335	24.650416933932007	0.006414368184733805
5.0	30.89801154586273	31.379089159717765	13.027581783194355	24.68890314304041	0.006414368184733805
6.0	31.071199486850542	31.423989737010906	12.93136626042335	24.56703014753047	0.006414368184733805
7.0	30.9108402822322	31.417575368826174	12.995509942270687	24.66966003848621	0.006414368184733805
8.0	31.01347017318794	31.372674791533033	12.912123155869146	24.695317511225145	0.006414368184733805
9.0	30.82745349583066	31.443232841565106	13.027581783194355	24.695317511225145	0.006414368184733805
10.0	31.058370750481078	31.327774214239895	12.912123155869146	24.695317511225145	0.006414368184733805
11.0	30.853110968569595	31.379089159717765	13.03399615137909	24.727389352148812	0.006414368184733805
12.0	31.04554201411161	31.327774214239895	12.924951892238616	24.695317511225145	0.006414368184733805
13.0	30.891597177677998	31.372674791533033	13.066067992302758	24.663245670301475	0.006414368184733805
14.0	30.99422706863374	31.270044900577293	12.963438101347016	24.765875561257218	0.006414368184733805
15.0	30.90442591404747	31.372674791533033	13.03399615137909	24.682488774855678	0.006414368184733805
16.0	30.95574085952534	31.321359846055163	13.00192431045542	24.714560615779348	0.006414368184733805
17.0	30.885182809493266	31.3470173187941	13.027581783194355	24.733803720333547	0.006414368184733805
18.0	30.923669018601668	31.308531109685696	12.989095574085951	24.77228992944195	0.006414368184733805
19.0	30.9493264913406	31.321359846055163	13.072482360487491	24.650416933932007	0.006414368184733805
20.0	30.89801154586273	31.359846055163565	13.021167415009621	24.714560615779348	0.006414368184733805
21.0	30.87876844130853	31.24438742783836	13.046824887748556	24.82360487491982	0.006414368184733805
22.0	31.00705580500321	31.270044900577293	13.027581783194355	24.68890314304041	0.006414368184733805
23.0	30.885182809493266	31.302116741500964	13.046824887748556	24.759461193072482	0.006414368184733805
24.0	30.98781270044901	31.237973059653623	13.03399615137909	24.733803720333547	0.006414368184733805
25.0	30.89801154586273	31.321359846055163	13.066067992302758	24.708146247594613	0.006414368184733805
26.0	30.96215522771007	31.29570237331623	12.995509942270687	24.740218088518283	0.006414368184733805
27.0	30.9300833867864	31.359846055163565	12.995509942270687	24.708146247594613	0.006414368184733805
28.0	30.917254650416936	31.340602950609366	12.982681205901219	24.753046824887747	0.006414368184733805
29.0	30.99422706863374	31.29570237331623	12.995509942270687	24.708146247594613	0.006414368184733805
30.0	30.923669018601668	31.327774214239895	13.027581783194355	24.714560615779348	0.006414368184733805
31.0	30.968569595894806	31.26363053239256	13.03399615137909	24.727389352148812	0.006414368184733805
32.0	30.98781270044901	31.327774214239895	13.00192431045542	24.676074406670942	0.006414368184733805
33.0	30.96215522771007	31.308531109685696	13.053239255933292	24.66966003848621	0.006414368184733805
34.0	31.04554201411161	31.225144323284155	13.040410519563823	24.682488774855678	0.006414368184733805
35.0	30.89801154586273	31.391917896087236	12.995509942270687	24.708146247594613	0.006414368184733805
36.0	31.00705580500321	31.29570237331623	12.995509942270687	24.695317511225145	0.006414368184733805
37.0	30.9493264913406	31.276459268762025	13.00192431045542	24.765875561257218	0.006414368184733805
38.0	31.01347017318794	31.353431686978833	12.957023733162284	24.66966003848621	0.006414368184733805
39.0	30.95574085952534	31.26363053239256	12.989095574085951	24.785118665811417	0.006414368184733805
40.0	31.071199486850542	31.28287363694676	12.93136626042335	24.708146247594613	0.006414368184733805
41.0	30.95574085952534	31.257216164207826	13.110968569595896	24.66966003848621	0.006414368184733805
42.0	31.058370750481078	31.28287363694676	12.924951892238616	24.727389352148812	0.006414368184733805
43.0	30.96215522771007	31.308531109685696	13.021167415009621	24.701731879409877	0.006414368184733805
44.0	30.98781270044901	31.385503527902504	12.91853752405388	24.701731879409877	0.006414368184733805
45.0	30.98781270044901	31.270044900577293	12.969852469531752	24.765875561257218	0.006414368184733805
46.0	30.98139833226427	31.334188582424634	13.014753046824886	24.663245670301475	0.006414368184733805
47.0	30.9300833867864	31.270044900577293	13.03399615137909	24.759461193072482	0.006414368184733805
48.0	31.058370750481078	31.237973059653623	12.995509942270687	24.701731879409877	0.006414368184733805
49.0	31.03271327774214	31.276459268762025	13.040410519563823	24.644002565747275	0.006414368184733805
50.0	31.06478511866581	31.154586273252082	13.008338678640156	24.765875561257218	0.006414368184733805
51.0	30.98781270044901	31.270044900577293	12.963438101347016	24.77228992944195	0.006414368184733805
52.0	31.04554201411161	31.250801796023094	12.982681205901219	24.714560615779348	0.006414368184733805
53.0	30.98781270044901	31.289288005131493	12.995509942270687	24.72097498396408	0.006414368184733805
54.0	31.04554201411161	31.257216164207826	12.982681205901219	24.708146247594613	0.006414368184733805
55.0	30.98139833226427	31.28287363694676	13.008338678640156	24.72097498396408	0.006414368184733805
56.0	31.000641436818473	31.24438742783836	13.008338678640156	24.740218088518283	0.006414368184733805
57.0	30.99422706863374	31.308531109685696	13.021167415009621	24.66966003848621	0.006414368184733805
58.0	31.026298909557408	31.353431686978833	12.95060936497755	24.663245670301475	0.006414368184733805
59.0	31.026298909557408	31.205901218729952	13.03399615137909	24.727389352148812	0.006414368184733805
60.0	31.03912764592688	31.398332264271968	12.93136626042335	24.624759461193072	0.006414368184733805
61.0	30.98139833226427	31.321359846055163	12.963438101347016	24.727389352148812	0.006414368184733805
62.0	31.03912764592688	31.31494547787043	12.957023733162284	24.682488774855678	0.006414368184733805
63.0	31.01347017318794	31.29570237331623	12.95060936497755	24.733803720333547	0.006414368184733805
64.0	31.071199486850542	31.334188582424634	12.886465683130211	24.701731879409877	0.006414368184733805
65.0	31.01347017318794	31.321359846055163	12.969852469531752	24.68890314304041	0.006414368184733805
66.0	31.00705580500321	31.372674791533033	12.95060936497755	24.663245670301475	0.006414368184733805
67.0	31.03271327774214	31.340602950609366	12.969852469531752	24.650416933932007	0.006414368184733805
68.0	30.968569595894806	31.31494547787043	12.93136626042335	24.778704297626682	0.006414368184733805
69.0	31.09044259140475	31.308531109685696	12.91853752405388	24.676074406670942	0.006414368184733805
70.0	31.058370750481078	31.270044900577293	12.957023733162284	24.708146247594613	0.006414368184733805
71.0	31.01347017318794	31.379089159717765	12.93136626042335	24.66966003848621	0.006414368184733805
72.0	31.000641436818473	31.391917896087236	12.95060936497755	24.650416933932007	0.006414368184733805
73.0	31.019884541372672	31.372674791533033	12.93136626042335	24.66966003848621	0.006414368184733805
74.0	30.95574085952534	31.372674791533033	13.008338678640156	24.656831302116743	0.006414368184733805
75.0	31.051956382296343	31.26363053239256	12.937780628608081	24.740218088518283	0.006414368184733805
76.0	31.03271327774214	31.270044900577293	12.995509942270687	24.695317511225145	0.006414368184733805
77.0	31.01347017318794	31.308531109685696	12.976266837716485	24.695317511225145	0.006414368184733805
78.0	31.084028223220013	31.28287363694676	12.957023733162284	24.66966003848621	0.006414368184733805
79.0	30.98139833226427	31.270044900577293	12.95060936497755	24.791533033996153	0.006414368184733805
80.0	30.95574085952534	31.359846055163565	12.995509942270687	24.682488774855678	0.006414368184733805
81.0	31.051956382296343	31.237973059653623	12.937780628608081	24.765875561257218	0.006414368184733805
82.0	30.9108402822322	31.359846055163565	13.027581783194355	24.695317511225145	0.006414368184733805
83.0	31.03271327774214	31.3470173187941	12.957023733162284	24.656831302116743	0.006414368184733805
84.0	30.942912123155867	31.29570237331623	13.00192431045542	24.753046824887747	0.006414368184733805
85.0	31.03271327774214	31.353431686978833	12.899294419499679	24.708146247594613	0.006414368184733805
86.0	30.99422706863374	31.3470173187941	12.995509942270687	24.656831302116743	0.006414368184733805
87.0	31.019884541372672	31.308531109685696	12.892880051314945	24.77228992944195	0.006414368184733805
88.0	30.923669018601668	31.391917896087236	13.021167415009621	24.656831302116743	0.006414368184733805
89.0	31.03271327774214	31.3662604233483	12.924951892238616	24.66966003848621	0.006414368184733805
90.0	30.9493264913406	31.308531109685696	13.040410519563823	24.695317511225145	0.006414368184733805
91.0	31.01347017318794	31.321359846055163	12.95060936497755	24.708146247594613	0.006414368184733805
92.0	30.974983964079538	31.3662604233483	12.982681205901219	24.66966003848621	0.006414368184733805
93.0	31.000641436818473	31.411161000641435	12.860808210391275	24.72097498396408	0.006414368184733805
94.0	31.019884541372672	31.270044900577293	12.976266837716485	24.727389352148812	0.006414368184733805
95.0	31.01347017318794	31.404746632456703	12.86722257857601	24.708146247594613	0.006414368184733805
96.0	30.95574085952534	31.308531109685696	12.976266837716485	24.753046824887747	0.006414368184733805
97.0	30.96215522771007	31.494547787042976	12.88005131494548	24.656831302116743	0.006414368184733805
98.0	31.00904483930977	31.368272499839627	12.951440118031945	24.671242542818657	0.0
