#Mapping quality	mapping quality
1.0	29.0
2.0	25.0
3.0	21.0
4.0	67.0
5.0	127.0
6.0	218.0
7.0	211.0
8.0	153.0
9.0	164.0
10.0	117.0
11.0	148.0
12.0	178.0
13.0	241.0
14.0	181.0
15.0	156.0
16.0	202.0
17.0	247.0
18.0	160.0
19.0	259.0
20.0	188.0
21.0	198.0
22.0	116.0
23.0	117.0
24.0	139.0
25.0	176.0
26.0	123.0
27.0	111.0
28.0	178.0
29.0	100.0
30.0	106.0
31.0	101.0
32.0	160.0
33.0	117.0
34.0	128.0
35.0	97.0
36.0	167.0
37.0	199.0
38.0	108.0
39.0	80.0
40.0	82.0
41.0	112.0
42.0	113.0
43.0	170.0
44.0	162.0
45.0	135.0
46.0	182.0
47.0	181.0
48.0	159.0
49.0	204.0
50.0	224.0
51.0	248.0
52.0	282.0
53.0	206.0
54.0	370.0
55.0	412.0
56.0	233.0
57.0	239.0
58.0	582.0
59.0	779.0
60.0	5880.0
