# Position (bp)	A	C	G	T	N
0.0	31.033838100579548	31.308032654078644	12.961924347230012	24.689973203714093	0.006231694397706736
1.0	31.021374711784134	31.37658129245342	12.880912320059823	24.714899981304917	0.006231694397706736
2.0	31.015143017386425	31.395276375646535	12.912070792048358	24.67127812052097	0.006231694397706736
3.0	30.977752851000183	31.332959431669472	12.974387736025426	24.70866828690721	0.006231694397706736
4.0	30.940362684613948	31.420203153237363	12.90583909765065	24.72736337010033	0.006231694397706736
5.0	31.00267962859101	31.40773976444195	12.893375708855237	24.689973203714093	0.006231694397706736
6.0	30.990216239795597	31.326727737271764	12.980619430423133	24.696204898111795	0.006231694397706736
7.0	30.927899295818534	31.426434847635072	12.912070792048358	24.72736337010033	0.006231694397706736
8.0	30.965289462204776	31.40773976444195	12.961924347230012	24.658814731725556	0.006231694397706736
9.0	30.977752851000183	31.457593319623605	12.87468062566212	24.683741509316384	0.006231694397706736
10.0	30.990216239795597	31.326727737271764	12.918302486446064	24.758521842088864	0.006231694397706736
11.0	30.93413099021624	31.38904468124883	12.974387736025426	24.696204898111795	0.006231694397706736
12.0	30.946594379011653	31.438898236430486	12.924534180843771	24.683741509316384	0.006231694397706736
13.0	30.940362684613948	31.326727737271764	12.943229264036892	24.78344861967969	0.006231694397706736
14.0	30.990216239795597	31.370349598055714	12.949460958434598	24.683741509316384	0.006231694397706736
15.0	30.884277435034583	31.38904468124883	12.98685112482084	24.733595064498036	0.006231694397706736
16.0	30.977752851000183	31.3578862092603	12.949460958434598	24.70866828690721	0.006231694397706736
17.0	30.91543590702312	31.40773976444195	12.98685112482084	24.683741509316384	0.006231694397706736
18.0	30.965289462204776	31.32049604287406	12.993082819218547	24.714899981304917	0.006231694397706736
19.0	30.896740823829997	31.38904468124883	12.955692652832305	24.75229014769116	0.006231694397706736
20.0	30.940362684613948	31.38281298685113	12.980619430423133	24.689973203714093	0.006231694397706736
21.0	30.965289462204776	31.233252321306164	13.011777902411668	24.78344861967969	0.006231694397706736
22.0	30.859350657443755	31.44512993082819	12.98685112482084	24.702436592509503	0.006231694397706736
23.0	30.965289462204776	31.308032654078644	13.030472985604785	24.689973203714093	0.006231694397706736
24.0	30.82819218545523	31.370349598055714	12.968156041627719	24.82707048046364	0.006231694397706736
25.0	30.98398454539789	31.364117903658006	12.949460958434598	24.696204898111795	0.006231694397706736
26.0	30.890509129432292	31.339191126067178	13.067863151991027	24.696204898111795	0.006231694397706736
27.0	30.902972518227706	31.345422820464886	13.036704680002492	24.70866828690721	0.006231694397706736
28.0	30.902972518227706	31.364117903658006	12.98685112482084	24.739826758895745	0.006231694397706736
29.0	30.91543590702312	31.345422820464886	13.049168068797906	24.683741509316384	0.006231694397706736
30.0	30.87804574063688	31.32049604287406	12.999314513616254	24.795912008475103	0.006231694397706736
31.0	30.902972518227706	31.413971458839658	13.018009596809371	24.658814731725556	0.006231694397706736
32.0	30.902972518227706	31.38281298685113	13.030472985604785	24.67750981491868	0.006231694397706736
33.0	30.952826073409362	31.28933757088552	13.06163145759332	24.689973203714093	0.006231694397706736
34.0	30.865582351841464	31.420203153237363	13.030472985604785	24.67750981491868	0.006231694397706736
35.0	30.959057767807067	31.28933757088552	13.049168068797906	24.696204898111795	0.006231694397706736
36.0	30.927899295818534	31.37658129245342	13.036704680002492	24.65258303732785	0.006231694397706736
37.0	30.946594379011653	31.37658129245342	13.024241291207078	24.646351342930142	0.006231694397706736
38.0	30.965289462204776	31.239484015703873	13.055399763195613	24.733595064498036	0.006231694397706736
39.0	30.896740823829997	31.332959431669472	13.018009596809371	24.74605845329345	0.006231694397706736
40.0	30.884277435034583	31.3578862092603	13.00554620801396	24.74605845329345	0.006231694397706736
41.0	30.921667601420825	31.31426434847635	13.042936374400199	24.714899981304917	0.006231694397706736
42.0	30.946594379011653	31.32049604287406	12.999314513616254	24.72736337010033	0.006231694397706736
43.0	30.84688726864834	31.276874182090108	13.06163145759332	24.808375397270517	0.006231694397706736
44.0	30.97152115660248	31.326727737271764	13.055399763195613	24.640119648532437	0.006231694397706736
45.0	31.00891132298872	31.239484015703873	13.024241291207078	24.721131675702622	0.006231694397706736
46.0	30.990216239795597	31.31426434847635	13.00554620801396	24.683741509316384	0.006231694397706736
47.0	30.952826073409362	31.364117903658006	13.042936374400199	24.633887954134728	0.006231694397706736
48.0	31.021374711784134	31.25194740449928	12.968156041627719	24.75229014769116	0.006231694397706736
49.0	30.965289462204776	31.22702062690846	13.042936374400199	24.758521842088864	0.006231694397706736
50.0	30.98398454539789	31.28933757088552	13.036704680002492	24.683741509316384	0.006231694397706736
51.0	31.033838100579548	31.308032654078644	13.042936374400199	24.608961176543904	0.006231694397706736
52.0	30.902972518227706	31.301800959680936	13.00554620801396	24.78344861967969	0.006231694397706736
53.0	30.927899295818534	31.308032654078644	13.011777902411668	24.74605845329345	0.006231694397706736
54.0	30.921667601420825	31.345422820464886	13.074094846388734	24.65258303732785	0.006231694397706736
55.0	30.97152115660248	31.276874182090108	13.024241291207078	24.721131675702622	0.006231694397706736
56.0	30.98398454539789	31.32049604287406	13.024241291207078	24.665046426123265	0.006231694397706736
57.0	30.90920421262541	31.35165451486259	13.06163145759332	24.67127812052097	0.006231694397706736
58.0	30.965289462204776	31.308032654078644	13.042936374400199	24.67750981491868	0.006231694397706736
59.0	30.977752851000183	31.29556926528323	13.049168068797906	24.67127812052097	0.006231694397706736
60.0	30.927899295818534	31.370349598055714	12.999314513616254	24.696204898111795	0.006231694397706736
61.0	30.996447934193306	31.32049604287406	13.074094846388734	24.602729482146195	0.006231694397706736
62.0	30.965289462204776	31.38281298685113	13.011777902411668	24.633887954134728	0.006231694397706736
63.0	30.940362684613948	31.345422820464886	13.030472985604785	24.67750981491868	0.006231694397706736
64.0	31.00267962859101	31.339191126067178	13.018009596809371	24.633887954134728	0.006231694397706736
65.0	30.952826073409362	31.31426434847635	13.024241291207078	24.702436592509503	0.006231694397706736
66.0	31.015143017386425	31.339191126067178	13.018009596809371	24.621424565339318	0.006231694397706736
67.0	30.952826073409362	31.29556926528323	13.030472985604785	24.714899981304917	0.006231694397706736
68.0	30.996447934193306	31.326727737271764	13.00554620801396	24.665046426123265	0.006231694397706736
69.0	31.02760640618184	31.301800959680936	12.98685112482084	24.67750981491868	0.006231694397706736
70.0	30.940362684613948	31.38904468124883	12.980619430423133	24.683741509316384	0.006231694397706736
71.0	30.990216239795597	31.270642487692403	13.055399763195613	24.67750981491868	0.006231694397706736
72.0	31.033838100579548	31.270642487692403	13.011777902411668	24.67750981491868	0.006231694397706736
73.0	30.940362684613948	31.38904468124883	13.011777902411668	24.65258303732785	0.006231694397706736
74.0	30.977752851000183	31.29556926528323	12.968156041627719	24.75229014769116	0.006231694397706736
75.0	30.97152115660248	31.32049604287406	13.042936374400199	24.658814731725556	0.006231694397706736
76.0	30.952826073409362	31.37658129245342	12.936997569639185	24.72736337010033	0.006231694397706736
77.0	30.97152115660248	31.28933757088552	13.018009596809371	24.714899981304917	0.006231694397706736
78.0	30.959057767807067	31.28933757088552	13.018009596809371	24.72736337010033	0.006231694397706736
79.0	30.97152115660248	31.332959431669472	13.011777902411668	24.67750981491868	0.006231694397706736
80.0	30.93413099021624	31.301800959680936	13.042936374400199	24.714899981304917	0.006231694397706736
81.0	30.965289462204776	31.31426434847635	12.993082819218547	24.721131675702622	0.006231694397706736
82.0	30.927899295818534	31.401508070044244	12.974387736025426	24.689973203714093	0.006231694397706736
83.0	30.91543590702312	31.364117903658006	13.036704680002492	24.67750981491868	0.006231694397706736
84.0	30.927899295818534	31.370349598055714	12.980619430423133	24.714899981304917	0.006231694397706736
85.0	30.896740823829997	31.308032654078644	13.049168068797906	24.739826758895745	0.006231694397706736
86.0	31.00267962859101	31.37658129245342	12.980619430423133	24.633887954134728	0.006231694397706736
87.0	30.946594379011653	31.364117903658006	12.943229264036892	24.739826758895745	0.006231694397706736
88.0	30.859350657443755	31.38904468124883	13.00554620801396	24.739826758895745	0.006231694397706736
89.0	30.884277435034583	31.395276375646535	13.011777902411668	24.702436592509503	0.006231694397706736
90.0	30.865582351841464	31.413971458839658	12.980619430423133	24.733595064498036	0.006231694397706736
91.0	30.965289462204776	31.339191126067178	12.974387736025426	24.714899981304917	0.006231694397706736
92.0	30.84688726864834	31.401508070044244	13.018009596809371	24.72736337010033	0.006231694397706736
93.0	30.959057767807067	31.339191126067178	12.993082819218547	24.702436592509503	0.006231694397706736
94.0	30.834423879852935	31.44512993082819	12.90583909765065	24.808375397270517	0.006231694397706736
95.0	30.93413099021624	31.401508070044244	12.961924347230012	24.696204898111795	0.006231694397706736
96.0	30.93413099021624	31.3578862092603	12.961924347230012	24.739826758895745	0.006231694397706736
97.0	30.921667601420825	31.40773976444195	12.943229264036892	24.721131675702622	0.006231694397706736
98.0	30.902972518227706	31.395276375646535	12.961924347230012	24.733595064498036	0.006231694397706736
99.0	30.97152115660248	31.308032654078644	12.98685112482084	24.72736337010033	0.006231694397706736
100.0	30.952826073409362	31.395276375646535	12.949460958434598	24.696204898111795	0.006231694397706736
101.0	31.00267962859101	31.308032654078644	12.961924347230012	24.721131675702622	0.006231694397706736
102.0	30.90920421262541	31.426434847635072	12.943229264036892	24.714899981304917	0.006231694397706736
103.0	30.91543590702312	31.395276375646535	12.880912320059823	24.80214370287281	0.006231694397706736
104.0	30.977752851000183	31.37658129245342	12.930765875241478	24.70866828690721	0.006231694397706736
105.0	30.959057767807067	31.332959431669472	12.949460958434598	24.75229014769116	0.006231694397706736
106.0	30.98398454539789	31.395276375646535	12.949460958434598	24.665046426123265	0.006231694397706736
107.0	30.97152115660248	31.370349598055714	12.943229264036892	24.70866828690721	0.006231694397706736
108.0	30.91543590702312	31.339191126067178	12.98685112482084	24.75229014769116	0.006231694397706736
109.0	31.096155044556617	31.29556926528323	12.893375708855237	24.70866828690721	0.006231694397706736
110.0	30.990216239795597	31.37658129245342	12.862217236866705	24.76475353648657	0.006231694397706736
111.0	30.952826073409362	31.339191126067178	12.949460958434598	24.75229014769116	0.006231694397706736
112.0	31.07122826696579	31.38904468124883	12.90583909765065	24.627656259737023	0.006231694397706736
113.0	31.02760640618184	31.339191126067178	12.912070792048358	24.714899981304917	0.006231694397706736
114.0	31.015143017386425	31.339191126067178	12.943229264036892	24.696204898111795	0.006231694397706736
115.0	31.021374711784134	31.3578862092603	12.90583909765065	24.70866828690721	0.006231694397706736
116.0	31.00267962859101	31.395276375646535	12.949460958434598	24.646351342930142	0.006231694397706736
117.0	31.00891132298872	31.3578862092603	12.936997569639185	24.689973203714093	0.006231694397706736
118.0	30.946594379011653	31.401508070044244	12.90583909765065	24.739826758895745	0.006231694397706736
119.0	31.033838100579548	31.35165451486259	12.88714401445753	24.721131675702622	0.006231694397706736
120.0	31.077459961363495	31.32049604287406	12.955692652832305	24.640119648532437	0.006231694397706736
121.0	31.015143017386425	31.413971458839658	12.849753848071291	24.714899981304917	0.006231694397706736
122.0	31.052533183772667	31.3578862092603	12.90583909765065	24.67750981491868	0.006231694397706736
123.0	30.97152115660248	31.413971458839658	12.930765875241478	24.67750981491868	0.006231694397706736
124.0	30.977752851000183	31.38281298685113	12.918302486446064	24.714899981304917	0.006231694397706736
125.0	31.08992335015891	31.3578862092603	12.843522153673584	24.702436592509503	0.006231694397706736
126.0	30.98398454539789	31.270642487692403	12.961924347230012	24.777216925281984	0.006231694397706736
127.0	31.06499657256808	31.395276375646535	12.849753848071291	24.683741509316384	0.006231694397706736
128.0	31.040069794977253	31.32049604287406	12.918302486446064	24.714899981304917	0.006231694397706736
129.0	30.98398454539789	31.308032654078644	12.943229264036892	24.758521842088864	0.006231694397706736
130.0	31.077459961363495	31.364117903658006	12.868448931264412	24.683741509316384	0.006231694397706736
131.0	31.021374711784134	31.3578862092603	12.849753848071291	24.76475353648657	0.006231694397706736
132.0	31.04630148937496	31.37658129245342	12.912070792048358	24.658814731725556	0.006231694397706736
133.0	30.952826073409362	31.332959431669472	12.880912320059823	24.82707048046364	0.006231694397706736
134.0	31.04630148937496	31.345422820464886	12.918302486446064	24.683741509316384	0.006231694397706736
135.0	31.021374711784134	31.332959431669472	12.893375708855237	24.74605845329345	0.006231694397706736
136.0	31.040069794977253	31.326727737271764	12.824827070480463	24.80214370287281	0.006231694397706736
137.0	31.10861843335203	31.28933757088552	12.924534180843771	24.67127812052097	0.006231694397706736
138.0	31.07122826696579	31.332959431669472	12.855985542468998	24.733595064498036	0.006231694397706736
139.0	31.083691655761204	31.301800959680936	12.924534180843771	24.683741509316384	0.006231694397706736
140.0	31.052533183772667	31.339191126067178	12.930765875241478	24.67127812052097	0.006231694397706736
141.0	31.033838100579548	31.32049604287406	12.961924347230012	24.67750981491868	0.006231694397706736
142.0	31.00891132298872	31.364117903658006	12.912070792048358	24.70866828690721	0.006231694397706736
143.0	31.00891132298872	31.31426434847635	12.918302486446064	24.75229014769116	0.006231694397706736
144.0	31.152240294135975	31.283105876487816	12.87468062566212	24.683741509316384	0.006231694397706736
145.0	31.021374711784134	31.283105876487816	12.955692652832305	24.733595064498036	0.006231694397706736
146.0	31.102386738954323	31.326727737271764	12.862217236866705	24.702436592509503	0.006231694397706736
147.0	31.021374711784134	31.332959431669472	12.936997569639185	24.702436592509503	0.006231694397706736
148.0	31.058764878170376	31.31426434847635	12.943229264036892	24.67750981491868	0.006231694397706736
149.0	31.04630148937496	31.339191126067178	12.943229264036892	24.665046426123265	0.006231694397706736
