#Mapping quality	mapping quality
2.0	65.0
3.0	269.0
4.0	18.0
5.0	22.0
6.0	24.0
7.0	115.0
8.0	20.0
9.0	29.0
10.0	22.0
11.0	28.0
12.0	23.0
13.0	42.0
14.0	29.0
15.0	32.0
16.0	31.0
17.0	30.0
18.0	56.0
19.0	36.0
20.0	34.0
21.0	37.0
22.0	36.0
23.0	38.0
24.0	39.0
25.0	42.0
26.0	43.0
27.0	50.0
28.0	39.0
29.0	52.0
30.0	45.0
31.0	47.0
32.0	54.0
33.0	57.0
34.0	80.0
35.0	65.0
36.0	69.0
37.0	134.0
38.0	89.0
39.0	114.0
40.0	97.0
41.0	97.0
42.0	183.0
43.0	121.0
44.0	107.0
45.0	177.0
46.0	334.0
47.0	144.0
48.0	177.0
49.0	162.0
50.0	263.0
51.0	262.0
52.0	189.0
53.0	191.0
54.0	230.0
55.0	306.0
56.0	378.0
57.0	476.0
58.0	360.0
59.0	704.0
60.0	9554.0
