# Position (bp)	A	C	G	T	N
0.0	31.001854101400166	31.39185474074548	12.914775270123394	24.68512243462694	0.006393453104021481
1.0	30.88677194552778	31.430215459369602	13.0362508790998	24.640368262898793	0.006393453104021481
2.0	30.93152611725593	31.379067834537434	12.965922894955565	24.71708970014705	0.006393453104021481
3.0	30.8931653986318	31.462182724889715	13.02985742599578	24.608400997378684	0.006393453104021481
4.0	30.963493382776036	31.411035100057543	12.946742535643502	24.6723355284189	0.006393453104021481
5.0	30.8931653986318	31.411035100057543	13.02985742599578	24.659548622210856	0.006393453104021481
6.0	31.046608273128317	31.430215459369602	12.946742535643502	24.570040278754554	0.006393453104021481
7.0	30.88677194552778	31.45578927178569	12.997890160475672	24.653155169106835	0.006393453104021481
8.0	30.98906719519212	31.38546128764145	12.93395562943546	24.68512243462694	0.006393453104021481
9.0	30.790870148967457	31.4877565373058	13.049037785307846	24.665942075314877	0.006393453104021481
10.0	31.027427913816254	31.340707115913304	12.953135988747523	24.6723355284189	0.006393453104021481
11.0	30.822837414487562	31.423822006265585	13.02985742599578	24.71708970014705	0.006393453104021481
12.0	31.008247554504187	31.353494022121346	12.965922894955565	24.665942075314877	0.006393453104021481
13.0	30.861198133111696	31.417428553161564	13.074611597723932	24.640368262898793	0.006393453104021481
14.0	30.950706476567998	31.302346397289178	12.997890160475672	24.742663512563134	0.006393453104021481
15.0	30.905952304839847	31.398248193849497	13.017070519787739	24.6723355284189	0.006393453104021481
16.0	30.89955885173582	31.34710056901733	13.02985742599578	24.71708970014705	0.006393453104021481
17.0	30.8931653986318	31.372674381433413	13.010677066683716	24.71708970014705	0.006393453104021481
18.0	30.8931653986318	31.32152675660124	13.010677066683716	24.76823732497922	0.006393453104021481
19.0	30.963493382776036	31.340707115913304	13.049037785307846	24.640368262898793	0.006393453104021481
20.0	30.84201777379963	31.38546128764145	13.049037785307846	24.71708970014705	0.006393453104021481
21.0	30.88677194552778	31.289559491081132	13.02985742599578	24.787417684291285	0.006393453104021481
22.0	30.976280288984082	31.302346397289178	13.023463972891758	24.691515887730965	0.006393453104021481
23.0	30.861198133111696	31.359887475225367	13.0362508790998	24.736270059459116	0.006393453104021481
24.0	30.950706476567998	31.270379131769065	13.017070519787739	24.755450418771176	0.006393453104021481
25.0	30.88037849242376	31.359887475225367	13.068218144619909	24.68512243462694	0.006393453104021481
26.0	30.918739211047885	31.315133303497216	12.997890160475672	24.7618438718752	0.006393453104021481
27.0	30.912345757943864	31.404641646953518	13.004283613579695	24.6723355284189	0.006393453104021481
28.0	30.873985039319734	31.36628092832939	12.98510325426763	24.76823732497922	0.006393453104021481
29.0	30.963493382776036	31.359887475225367	12.997890160475672	24.6723355284189	0.006393453104021481
30.0	30.873985039319734	31.359887475225367	13.02985742599578	24.72987660635509	0.006393453104021481
31.0	30.937919570359952	31.315133303497216	13.042644332203823	24.697909340834983	0.006393453104021481
32.0	30.957099929672015	31.34710056901733	12.997890160475672	24.691515887730965	0.006393453104021481
33.0	30.93152611725593	31.359887475225367	13.068218144619909	24.633974809794772	0.006393453104021481
34.0	30.98906719519212	31.263985678665048	13.049037785307846	24.691515887730965	0.006393453104021481
35.0	30.867591586215713	31.430215459369602	13.010677066683716	24.68512243462694	0.006393453104021481
36.0	30.963493382776036	31.327920209705262	12.997890160475672	24.704302793939007	0.006393453104021481
37.0	30.905952304839847	31.32152675660124	13.023463972891758	24.742663512563134	0.006393453104021481
38.0	30.969886835880057	31.379067834537434	12.959529441851544	24.68512243462694	0.006393453104021481
39.0	30.93152611725593	31.302346397289178	13.004283613579695	24.755450418771176	0.006393453104021481
40.0	31.027427913816254	31.295952944185156	12.93395562943546	24.736270059459116	0.006393453104021481
41.0	30.94431302346397	31.289559491081132	13.125759222556102	24.633974809794772	0.006393453104021481
42.0	31.01464100760821	31.302346397289178	12.927562176331437	24.749056965667158	0.006393453104021481
43.0	30.950706476567998	31.353494022121346	13.023463972891758	24.665942075314877	0.006393453104021481
44.0	30.92513266415191	31.417428553161564	12.914775270123394	24.736270059459116	0.006393453104021481
45.0	30.950706476567998	31.32152675660124	12.972316348059588	24.749056965667158	0.006393453104021481
46.0	30.918739211047885	31.379067834537434	13.017070519787739	24.67872898152292	0.006393453104021481
47.0	30.89955885173582	31.308739850393195	13.042644332203823	24.742663512563134	0.006393453104021481
48.0	31.008247554504187	31.270379131769065	13.004283613579695	24.71069624704303	0.006393453104021481
49.0	30.995460648296145	31.327920209705262	13.0362508790998	24.633974809794772	0.006393453104021481
50.0	31.001854101400166	31.20005114762483	13.02985742599578	24.7618438718752	0.006393453104021481
51.0	30.950706476567998	31.334313662809283	12.927562176331437	24.781024231187267	0.006393453104021481
52.0	30.963493382776036	31.315133303497216	12.991496707371653	24.72348315325107	0.006393453104021481
53.0	30.957099929672015	31.34710056901733	12.965922894955565	24.72348315325107	0.006393453104021481
54.0	30.976280288984082	31.295952944185156	13.004283613579695	24.71708970014705	0.006393453104021481
55.0	30.94431302346397	31.34710056901733	12.965922894955565	24.736270059459116	0.006393453104021481
56.0	30.93152611725593	31.276772584873093	13.02985742599578	24.755450418771176	0.006393453104021481
57.0	30.963493382776036	31.359887475225367	13.004283613579695	24.665942075314877	0.006393453104021481
58.0	30.957099929672015	31.39185474074548	12.965922894955565	24.67872898152292	0.006393453104021481
59.0	30.995460648296145	31.24480531935298	13.017070519787739	24.736270059459116	0.006393453104021481
60.0	30.976280288984082	31.443002365577648	12.946742535643502	24.627581356690747	0.006393453104021481
61.0	30.937919570359952	31.36628092832939	12.953135988747523	24.736270059459116	0.006393453104021481
62.0	30.982673742088103	31.359887475225367	12.959529441851544	24.691515887730965	0.006393453104021481
63.0	30.963493382776036	31.340707115913304	12.946742535643502	24.742663512563134	0.006393453104021481
64.0	31.01464100760821	31.372674381433413	12.889201457707308	24.71708970014705	0.006393453104021481
65.0	30.976280288984082	31.36628092832939	12.953135988747523	24.697909340834983	0.006393453104021481
66.0	30.950706476567998	31.417428553161564	12.965922894955565	24.659548622210856	0.006393453104021481
67.0	30.969886835880057	31.404641646953518	12.953135988747523	24.665942075314877	0.006393453104021481
68.0	30.905952304839847	31.372674381433413	12.946742535643502	24.76823732497922	0.006393453104021481
69.0	31.05300172623234	31.34710056901733	12.90198836391535	24.691515887730965	0.006393453104021481
70.0	30.995460648296145	31.327920209705262	12.965922894955565	24.704302793939007	0.006393453104021481
71.0	30.963493382776036	31.430215459369602	12.914775270123394	24.68512243462694	0.006393453104021481
72.0	30.93152611725593	31.44939581868167	12.940349082539479	24.6723355284189	0.006393453104021481
73.0	30.976280288984082	31.417428553161564	12.90198836391535	24.697909340834983	0.006393453104021481
74.0	30.89955885173582	31.404641646953518	13.010677066683716	24.67872898152292	0.006393453104021481
75.0	31.008247554504187	31.289559491081132	12.927562176331437	24.76823732497922	0.006393453104021481
76.0	30.98906719519212	31.289559491081132	12.997890160475672	24.71708970014705	0.006393453104021481
77.0	30.957099929672015	31.334313662809283	12.98510325426763	24.71708970014705	0.006393453104021481
78.0	31.027427913816254	31.308739850393195	12.972316348059588	24.68512243462694	0.006393453104021481
79.0	30.950706476567998	31.289559491081132	12.946742535643502	24.80659804360335	0.006393453104021481
80.0	30.912345757943864	31.36628092832939	13.017070519787739	24.697909340834983	0.006393453104021481
81.0	31.021034460712233	31.263985678665048	12.93395562943546	24.774630778083242	0.006393453104021481
82.0	30.861198133111696	31.359887475225367	13.061824691515888	24.71069624704303	0.006393453104021481
83.0	31.021034460712233	31.36628092832939	12.940349082539479	24.665942075314877	0.006393453104021481
84.0	30.873985039319734	31.315133303497216	13.023463972891758	24.781024231187267	0.006393453104021481
85.0	30.98906719519212	31.372674381433413	12.895594910811328	24.736270059459116	0.006393453104021481
86.0	30.950706476567998	31.36628092832939	13.004283613579695	24.6723355284189	0.006393453104021481
87.0	30.950706476567998	31.334313662809283	12.90198836391535	24.80659804360335	0.006393453104021481
88.0	30.854804680007675	31.430215459369602	13.02985742599578	24.67872898152292	0.006393453104021481
89.0	30.98906719519212	31.404641646953518	12.914775270123394	24.68512243462694	0.006393453104021481
90.0	30.873985039319734	31.34710056901733	13.049037785307846	24.72348315325107	0.006393453104021481
91.0	30.982673742088103	31.36628092832939	12.946742535643502	24.697909340834983	0.006393453104021481
92.0	30.912345757943864	31.39185474074548	12.98510325426763	24.704302793939007	0.006393453104021481
93.0	30.963493382776036	31.45578927178569	12.850840739083177	24.72348315325107	0.006393453104021481
94.0	30.957099929672015	31.302346397289178	12.965922894955565	24.76823732497922	0.006393453104021481
95.0	30.969886835880057	31.44939581868167	12.863627645291222	24.71069624704303	0.006393453104021481
96.0	30.89955885173582	31.32152675660124	12.972316348059588	24.800204590499327	0.006393453104021481
97.0	30.912345757943864	31.53890416213797	12.870021098395243	24.6723355284189	0.006393453104021481
98.0	30.952685421994886	31.393861892583118	12.941176470588237	24.712276214833757	0.0
