# Position (bp)	A	C	G	T	N
0.0	31.08272117534334	31.36378153944427	12.890450335356116	24.656659214308526	0.0063877355477483235
1.0	30.903864580006392	31.376557010539763	13.043755988502076	24.669434685404024	0.0063877355477483235
2.0	30.993292877674865	31.370169274992016	12.94793995528585	24.682210156499522	0.0063877355477483235
3.0	30.91025231555414	31.421271159374005	13.037368252954328	24.624720536569786	0.0063877355477483235
4.0	30.999680613222612	31.41488342382625	12.935164484190354	24.64388374321303	0.0063877355477483235
5.0	30.91025231555414	31.370169274992016	13.037368252954328	24.675822420951775	0.0063877355477483235
6.0	31.063557968700096	31.453209837112745	12.922389013094856	24.554455445544555	0.0063877355477483235
7.0	30.929415522197377	31.39572021718301	12.999041839667838	24.669434685404024	0.0063877355477483235
8.0	31.031619290961356	31.38294474608751	12.91600127754711	24.663046949856277	0.0063877355477483235
9.0	30.82721175343341	31.440434366017243	13.024592781858832	24.701373363142764	0.0063877355477483235
10.0	31.063557968700096	31.325455126157774	12.91600127754711	24.68859789204727	0.0063877355477483235
11.0	30.85915043117215	31.376557010539763	13.043755988502076	24.714148834238262	0.0063877355477483235
12.0	31.025231555413608	31.325455126157774	12.941552219738103	24.701373363142764	0.0063877355477483235
13.0	30.89108910891089	31.357393803896517	13.088470137336314	24.656659214308526	0.0063877355477483235
14.0	30.980517406579366	31.287128712871286	12.973490897476845	24.752475247524753	0.0063877355477483235
15.0	30.92302778664963	31.325455126157774	13.06930693069307	24.675822420951775	0.0063877355477483235
16.0	30.954966464388374	31.325455126157774	13.011817310763336	24.701373363142764	0.0063877355477483235
17.0	30.897476844458637	31.325455126157774	13.043755988502076	24.726924305333757	0.0063877355477483235
18.0	30.94219099329288	31.28074097732354	13.011817310763336	24.7588629830725	0.0063877355477483235
19.0	30.954966464388374	31.312679655062283	13.06930693069307	24.656659214308526	0.0063877355477483235
20.0	30.92302778664963	31.33184286170553	13.018205046311081	24.720536569786013	0.0063877355477483235
21.0	30.89108910891089	31.24241456403705	13.056531459597572	24.80357713190674	0.0063877355477483235
22.0	31.031619290961356	31.261577770680294	13.011817310763336	24.68859789204727	0.0063877355477483235
23.0	30.897476844458637	31.28074097732354	13.056531459597572	24.7588629830725	0.0063877355477483235
24.0	30.999680613222612	31.2488022995848	13.03098051740658	24.714148834238262	0.0063877355477483235
25.0	30.91025231555414	31.306291919514535	13.06930693069307	24.707761098690515	0.0063877355477483235
26.0	30.961354199936125	31.287128712871286	13.005429575215585	24.739699776429255	0.0063877355477483235
27.0	30.948578728840626	31.338230597253276	13.011817310763336	24.694985627595017	0.0063877355477483235
28.0	30.903864580006392	31.338230597253276	12.999041839667838	24.752475247524753	0.0063877355477483235
29.0	31.012456084318107	31.28074097732354	13.011817310763336	24.68859789204727	0.0063877355477483235
30.0	30.91025231555414	31.338230597253276	13.037368252954328	24.707761098690515	0.0063877355477483235
31.0	30.980517406579366	31.2360268284893	13.06930693069307	24.707761098690515	0.0063877355477483235
32.0	30.986905142127114	31.338230597253276	13.005429575215585	24.663046949856277	0.0063877355477483235
33.0	30.94219099329288	31.319067390610027	13.075694666240818	24.656659214308526	0.0063877355477483235
34.0	31.038007026509103	31.21686362184606	13.06291919514532	24.675822420951775	0.0063877355477483235
35.0	30.89108910891089	31.38294474608751	13.011817310763336	24.707761098690515	0.0063877355477483235
36.0	30.999680613222612	31.29990418396678	13.005429575215585	24.68859789204727	0.0063877355477483235
37.0	30.94219099329288	31.26796550622804	13.018205046311081	24.765250718620248	0.0063877355477483235
38.0	31.00606834877036	31.357393803896517	12.954327690833601	24.675822420951775	0.0063877355477483235
39.0	30.961354199936125	31.2360268284893	13.011817310763336	24.784413925263493	0.0063877355477483235
40.0	31.05717023315235	31.293516448419034	12.941552219738103	24.701373363142764	0.0063877355477483235
41.0	30.948578728840626	31.223251357393806	13.145959757266048	24.675822420951775	0.0063877355477483235
42.0	31.0507824976046	31.261577770680294	12.954327690833601	24.726924305333757	0.0063877355477483235
43.0	30.97412967103162	31.287128712871286	13.050143724049823	24.682210156499522	0.0063877355477483235
44.0	30.948578728840626	31.39572021718301	12.954327690833601	24.694985627595017	0.0063877355477483235
45.0	30.97412967103162	31.24241456403705	12.999041839667838	24.778026189715746	0.0063877355477483235
46.0	30.954966464388374	31.357393803896517	13.03098051740658	24.65027147876078	0.0063877355477483235
47.0	30.903864580006392	31.24241456403705	13.075694666240818	24.771638454167995	0.0063877355477483235
48.0	31.038007026509103	31.255190035132546	13.005429575215585	24.694985627595017	0.0063877355477483235
49.0	30.986905142127114	31.287128712871286	13.06930693069307	24.65027147876078	0.0063877355477483235
50.0	31.0507824976046	31.152986266368572	13.03098051740658	24.7588629830725	0.0063877355477483235
51.0	30.948578728840626	31.274353241775792	12.979878633024594	24.790801660811244	0.0063877355477483235
52.0	31.025231555413608	31.26796550622804	12.999041839667838	24.701373363142764	0.0063877355477483235
53.0	30.94219099329288	31.306291919514535	13.011817310763336	24.733312040881508	0.0063877355477483235
54.0	31.00606834877036	31.274353241775792	12.999041839667838	24.714148834238262	0.0063877355477483235
55.0	30.948578728840626	31.274353241775792	13.018205046311081	24.752475247524753	0.0063877355477483235
56.0	30.948578728840626	31.287128712871286	13.018205046311081	24.739699776429255	0.0063877355477483235
57.0	30.954966464388374	31.312679655062283	13.024592781858832	24.701373363142764	0.0063877355477483235
58.0	30.967741935483872	31.376557010539763	12.960715426381347	24.68859789204727	0.0063877355477483235
59.0	31.012456084318107	31.210475886298305	13.037368252954328	24.733312040881508	0.0063877355477483235
60.0	30.967741935483872	31.427658894921752	12.94793995528585	24.65027147876078	0.0063877355477483235
61.0	30.94219099329288	31.325455126157774	12.973490897476845	24.752475247524753	0.0063877355477483235
62.0	30.999680613222612	31.33184286170553	12.979878633024594	24.682210156499522	0.0063877355477483235
63.0	30.954966464388374	31.312679655062283	12.967103161929098	24.7588629830725	0.0063877355477483235
64.0	31.031619290961356	31.36378153944427	12.890450335356116	24.707761098690515	0.0063877355477483235
65.0	30.961354199936125	31.357393803896517	12.973490897476845	24.701373363142764	0.0063877355477483235
66.0	30.967741935483872	31.38294474608751	12.960715426381347	24.682210156499522	0.0063877355477483235
67.0	30.967741935483872	31.38933248163526	12.960715426381347	24.675822420951775	0.0063877355477483235
68.0	30.92302778664963	31.344618332801023	12.94793995528585	24.778026189715746	0.0063877355477483235
69.0	31.012456084318107	31.357393803896517	12.922389013094856	24.701373363142764	0.0063877355477483235
70.0	31.012456084318107	31.29990418396678	12.954327690833601	24.726924305333757	0.0063877355477483235
71.0	30.967741935483872	31.41488342382625	12.928776748642607	24.682210156499522	0.0063877355477483235
72.0	30.929415522197377	31.46598530820824	12.928776748642607	24.669434685404024	0.0063877355477483235
73.0	30.993292877674865	31.402107952730756	12.909613541999363	24.68859789204727	0.0063877355477483235
74.0	30.903864580006392	31.408495688278503	12.999041839667838	24.682210156499522	0.0063877355477483235
75.0	31.025231555413608	31.29990418396678	12.91600127754711	24.752475247524753	0.0063877355477483235
76.0	30.954966464388374	31.325455126157774	13.011817310763336	24.701373363142764	0.0063877355477483235
77.0	30.97412967103162	31.36378153944427	12.935164484190354	24.720536569786013	0.0063877355477483235
78.0	31.038007026509103	31.319067390610027	12.967103161929098	24.669434685404024	0.0063877355477483235
79.0	30.91025231555414	31.344618332801023	12.928776748642607	24.809964867454486	0.0063877355477483235
80.0	30.91025231555414	31.38294474608751	12.999041839667838	24.701373363142764	0.0063877355477483235
81.0	30.999680613222612	31.293516448419034	12.928776748642607	24.771638454167995	0.0063877355477483235
82.0	30.85915043117215	31.38294474608751	13.043755988502076	24.707761098690515	0.0063877355477483235
83.0	30.97412967103162	31.38933248163526	12.94793995528585	24.682210156499522	0.0063877355477483235
84.0	30.897476844458637	31.319067390610027	13.011817310763336	24.765250718620248	0.0063877355477483235
85.0	30.948578728840626	31.402107952730756	12.896838070903865	24.746087511977006	0.0063877355477483235
86.0	30.929415522197377	31.376557010539763	13.005429575215585	24.682210156499522	0.0063877355477483235
87.0	30.954966464388374	31.344618332801023	12.896838070903865	24.79718939635899	0.0063877355477483235
88.0	30.846374960076652	31.446822101564997	13.024592781858832	24.675822420951775	0.0063877355477483235
89.0	30.961354199936125	31.41488342382625	12.922389013094856	24.694985627595017	0.0063877355477483235
90.0	30.884701373363143	31.338230597253276	13.043755988502076	24.726924305333757	0.0063877355477483235
91.0	30.954966464388374	31.36378153944427	12.94793995528585	24.726924305333757	0.0063877355477483235
92.0	30.884701373363143	31.421271159374005	12.999041839667838	24.68859789204727	0.0063877355477483235
93.0	30.948578728840626	31.446822101564997	12.826572979878634	24.771638454167995	0.0063877355477483235
94.0	30.961354199936125	31.29990418396678	12.986266368572341	24.746087511977006	0.0063877355477483235
95.0	30.94219099329288	31.459597572660492	12.83934845097413	24.752475247524753	0.0063877355477483235
96.0	30.871925902267645	31.338230597253276	12.979878633024594	24.80357713190674	0.0063877355477483235
97.0	30.884701373363143	31.54902587032897	12.858511657617374	24.701373363142764	0.0063877355477483235
98.0	30.94416762488821	31.38494953366552	12.948767088284145	24.72211575316213	0.0
