# Position (bp)	A	C	G	T	N
0.0	31.031691675487206	31.293194695224457	12.987983313616835	24.680904053296807	0.006226262374696469
1.0	31.01923915073781	31.361683581346117	12.894589377996388	24.718261627544987	0.006226262374696469
2.0	31.01923915073781	31.380362368470205	12.925720689869872	24.668451528547415	0.006226262374696469
3.0	30.981881576489634	31.32432600709794	12.981757051242141	24.70580910279559	0.006226262374696469
4.0	30.94452400224145	31.40526741796899	12.919494427495174	24.72448788991968	0.006226262374696469
5.0	30.994334101239023	31.40526741796899	12.913268165120478	24.680904053296807	0.006226262374696469
6.0	30.98810783886433	31.318099744723245	12.987983313616835	24.699582840420895	0.006226262374696469
7.0	30.919618952742667	31.423946205093085	12.931946952244566	24.718261627544987	0.006226262374696469
8.0	30.956976526990847	31.40526741796899	12.975530788867443	24.65599900379802	0.006226262374696469
9.0	30.981881576489634	31.442624992217173	12.882136853246994	24.687130315671503	0.006226262374696469
10.0	30.98810783886433	31.330552269472633	12.925720689869872	24.749392939418467	0.006226262374696469
11.0	30.938297739866762	31.374136106095513	12.981757051242141	24.699582840420895	0.006226262374696469
12.0	30.963202789365546	31.436398729842473	12.919494427495174	24.674677790922107	0.006226262374696469
13.0	30.94452400224145	31.330552269472633	12.950625739368657	24.768071726542555	0.006226262374696469
14.0	31.000560363613722	31.361683581346117	12.950625739368657	24.680904053296807	0.006226262374696469
15.0	30.90094016561858	31.3865886308449	12.981757051242141	24.72448788991968	0.006226262374696469
16.0	30.994334101239023	31.355457318971418	12.944399476993961	24.699582840420895	0.006226262374696469
17.0	30.938297739866762	31.3928148932196	12.981757051242141	24.680904053296807	0.006226262374696469
18.0	30.981881576489634	31.330552269472633	12.981757051242141	24.699582840420895	0.006226262374696469
19.0	30.919618952742667	31.3865886308449	12.944399476993961	24.74316667704377	0.006226262374696469
20.0	30.95075026461615	31.3928148932196	12.975530788867443	24.674677790922107	0.006226262374696469
21.0	30.96942905174024	31.262063383350974	13.000435838366228	24.76184546416786	0.006226262374696469
22.0	30.88848764086919	31.442624992217173	12.981757051242141	24.680904053296807	0.006226262374696469
23.0	30.96942905174024	31.318099744723245	13.01911462549032	24.687130315671503	0.006226262374696469
24.0	30.869808853745095	31.361683581346117	12.956852001743355	24.805429300790735	0.006226262374696469
25.0	30.98810783886433	31.361683581346117	12.944399476993961	24.699582840420895	0.006226262374696469
26.0	30.90094016561858	31.34300479422203	13.056472199738497	24.6933565780462	0.006226262374696469
27.0	30.90094016561858	31.355457318971418	13.031567150239711	24.70580910279559	0.006226262374696469
28.0	30.88848764086919	31.380362368470205	12.981757051242141	24.74316667704377	0.006226262374696469
29.0	30.913392690367974	31.355457318971418	13.037793412614407	24.687130315671503	0.006226262374696469
30.0	30.88848764086919	31.330552269472633	12.994209575991533	24.78052425129195	0.006226262374696469
31.0	30.90716642799328	31.41149368034369	13.006662100740925	24.668451528547415	0.006226262374696469
32.0	30.938297739866762	31.374136106095513	13.031567150239711	24.649772741423323	0.006226262374696469
33.0	30.956976526990847	31.299420957599157	13.0502459373638	24.687130315671503	0.006226262374696469
34.0	30.876035116119795	31.41149368034369	13.01911462549032	24.687130315671503	0.006226262374696469
35.0	30.96942905174024	31.293194695224457	13.037793412614407	24.6933565780462	0.006226262374696469
36.0	30.925845215117363	31.380362368470205	13.01911462549032	24.668451528547415	0.006226262374696469
37.0	30.963202789365546	31.374136106095513	13.01911462549032	24.63732021667393	0.006226262374696469
38.0	30.956976526990847	31.249610858601585	13.044019674989105	24.74316667704377	0.006226262374696469
39.0	30.90094016561858	31.33677853184733	13.012888363115621	24.74316667704377	0.006226262374696469
40.0	30.894713903243883	31.367909843720813	12.987983313616835	24.74316667704377	0.006226262374696469
41.0	30.919618952742667	31.311873482348545	13.037793412614407	24.72448788991968	0.006226262374696469
42.0	30.956976526990847	31.32432600709794	12.981757051242141	24.73071415229438	0.006226262374696469
43.0	30.857356328995706	31.262063383350974	13.056472199738497	24.817881825540127	0.006226262374696469
44.0	30.975655314114935	31.32432600709794	13.0502459373638	24.643546479048627	0.006226262374696469
45.0	31.013012888363118	31.23715833385219	13.01911462549032	24.72448788991968	0.006226262374696469
46.0	30.975655314114935	31.32432600709794	13.006662100740925	24.687130315671503	0.006226262374696469
47.0	30.956976526990847	31.367909843720813	13.031567150239711	24.63732021667393	0.006226262374696469
48.0	31.00678662598842	31.27451590810037	12.969304526492747	24.74316667704377	0.006226262374696469
49.0	30.96942905174024	31.23715833385219	13.037793412614407	24.749392939418467	0.006226262374696469
50.0	30.98810783886433	31.293194695224457	13.037793412614407	24.674677790922107	0.006226262374696469
51.0	31.044144200236595	31.311873482348545	13.031567150239711	24.60618890480045	0.006226262374696469
52.0	30.913392690367974	31.28074217047506	13.000435838366228	24.79920303841604	0.006226262374696469
53.0	30.925845215117363	31.311873482348545	13.012888363115621	24.74316667704377	0.006226262374696469
54.0	30.932071477492062	31.330552269472633	13.068924724487891	24.662225266172715	0.006226262374696469
55.0	30.981881576489634	31.27451590810037	13.01911462549032	24.718261627544987	0.006226262374696469
56.0	30.981881576489634	31.32432600709794	13.031567150239711	24.65599900379802	0.006226262374696469
57.0	30.925845215117363	31.34300479422203	13.056472199738497	24.668451528547415	0.006226262374696469
58.0	30.981881576489634	31.30564721997385	13.044019674989105	24.662225266172715	0.006226262374696469
59.0	30.981881576489634	31.28696843284976	13.0502459373638	24.674677790922107	0.006226262374696469
60.0	30.956976526990847	31.34923105659673	12.994209575991533	24.6933565780462	0.006226262374696469
61.0	31.00678662598842	31.30564721997385	13.081377249237283	24.59996264242575	0.006226262374696469
62.0	30.975655314114935	31.374136106095513	13.006662100740925	24.63732021667393	0.006226262374696469
63.0	30.95075026461615	31.330552269472633	13.031567150239711	24.680904053296807	0.006226262374696469
64.0	31.01923915073781	31.330552269472633	13.025340887865013	24.618641429549843	0.006226262374696469
65.0	30.95075026461615	31.311873482348545	13.01911462549032	24.712035365170287	0.006226262374696469
66.0	31.031691675487206	31.330552269472633	13.012888363115621	24.618641429549843	0.006226262374696469
67.0	30.956976526990847	31.28696843284976	13.044019674989105	24.70580910279559	0.006226262374696469
68.0	31.000560363613722	31.318099744723245	13.006662100740925	24.668451528547415	0.006226262374696469
69.0	31.050370462611294	31.28074217047506	13.006662100740925	24.65599900379802	0.006226262374696469
70.0	30.932071477492062	31.3865886308449	12.987983313616835	24.687130315671503	0.006226262374696469
71.0	31.013012888363118	31.249610858601585	13.062698462113193	24.668451528547415	0.006226262374696469
72.0	31.037917937861902	31.249610858601585	13.01911462549032	24.687130315671503	0.006226262374696469
73.0	30.94452400224145	31.380362368470205	13.006662100740925	24.662225266172715	0.006226262374696469
74.0	30.994334101239023	31.28074217047506	12.969304526492747	24.749392939418467	0.006226262374696469
75.0	30.975655314114935	31.330552269472633	13.031567150239711	24.65599900379802	0.006226262374696469
76.0	30.963202789365546	31.374136106095513	12.938173214619264	24.718261627544987	0.006226262374696469
77.0	30.98810783886433	31.28696843284976	13.012888363115621	24.70580910279559	0.006226262374696469
78.0	30.963202789365546	31.293194695224457	13.01911462549032	24.718261627544987	0.006226262374696469
79.0	30.975655314114935	31.32432600709794	13.006662100740925	24.687130315671503	0.006226262374696469
80.0	30.938297739866762	31.293194695224457	13.044019674989105	24.718261627544987	0.006226262374696469
81.0	30.963202789365546	31.311873482348545	12.981757051242141	24.73694041466907	0.006226262374696469
82.0	30.94452400224145	31.3865886308449	12.975530788867443	24.687130315671503	0.006226262374696469
83.0	30.919618952742667	31.374136106095513	13.025340887865013	24.674677790922107	0.006226262374696469
84.0	30.932071477492062	31.367909843720813	12.981757051242141	24.712035365170287	0.006226262374696469
85.0	30.894713903243883	31.32432600709794	13.0502459373638	24.72448788991968	0.006226262374696469
86.0	30.98810783886433	31.380362368470205	12.975530788867443	24.649772741423323	0.006226262374696469
87.0	30.94452400224145	31.367909843720813	12.944399476993961	24.73694041466907	0.006226262374696469
88.0	30.857356328995706	31.3865886308449	13.000435838366228	24.749392939418467	0.006226262374696469
89.0	30.88848764086919	31.399041155594297	13.000435838366228	24.70580910279559	0.006226262374696469
90.0	30.876035116119795	31.417719942718385	12.975530788867443	24.72448788991968	0.006226262374696469
91.0	30.975655314114935	31.34923105659673	12.96307826411805	24.70580910279559	0.006226262374696469
92.0	30.857356328995706	31.40526741796899	13.012888363115621	24.718261627544987	0.006226262374696469
93.0	30.963202789365546	31.34923105659673	12.987983313616835	24.6933565780462	0.006226262374696469
94.0	30.83867754187161	31.45507751696657	12.894589377996388	24.805429300790735	0.006226262374696469
95.0	30.94452400224145	31.399041155594297	12.956852001743355	24.6933565780462	0.006226262374696469
96.0	30.925845215117363	31.361683581346117	12.950625739368657	24.755619201793163	0.006226262374696469
97.0	30.94452400224145	31.40526741796899	12.925720689869872	24.718261627544987	0.006226262374696469
98.0	30.913392690367974	31.399041155594297	12.950625739368657	24.73071415229438	0.006226262374696469
99.0	30.96942905174024	31.311873482348545	12.969304526492747	24.74316667704377	0.006226262374696469
100.0	30.963202789365546	31.3928148932196	12.931946952244566	24.70580910279559	0.006226262374696469
101.0	31.00678662598842	31.30564721997385	12.944399476993961	24.73694041466907	0.006226262374696469
102.0	30.90716642799328	31.423946205093085	12.925720689869872	24.73694041466907	0.006226262374696469
103.0	30.938297739866762	31.3865886308449	12.863458066122908	24.805429300790735	0.006226262374696469
104.0	30.975655314114935	31.374136106095513	12.919494427495174	24.72448788991968	0.006226262374696469
105.0	30.96942905174024	31.32432600709794	12.938173214619264	24.76184546416786	0.006226262374696469
106.0	31.000560363613722	31.374136106095513	12.931946952244566	24.687130315671503	0.006226262374696469
107.0	30.963202789365546	31.367909843720813	12.931946952244566	24.73071415229438	0.006226262374696469
108.0	30.919618952742667	31.318099744723245	12.969304526492747	24.786750513666647	0.006226262374696469
109.0	31.100180561608866	31.28696843284976	12.8759105908723	24.73071415229438	0.006226262374696469
110.0	31.000560363613722	31.367909843720813	12.851005541373514	24.774297988917255	0.006226262374696469
111.0	30.956976526990847	31.32432600709794	12.931946952244566	24.78052425129195	0.006226262374696469
112.0	31.081501774484778	31.3865886308449	12.888363115621694	24.63732021667393	0.006226262374696469
113.0	31.013012888363118	31.32432600709794	12.900815640371086	24.755619201793163	0.006226262374696469
114.0	31.00678662598842	31.318099744723245	12.925720689869872	24.74316667704377	0.006226262374696469
115.0	31.01923915073781	31.34300479422203	12.894589377996388	24.73694041466907	0.006226262374696469
116.0	31.00678662598842	31.355457318971418	12.938173214619264	24.6933565780462	0.006226262374696469
117.0	31.00678662598842	31.355457318971418	12.925720689869872	24.70580910279559	0.006226262374696469
118.0	30.96942905174024	31.374136106095513	12.894589377996388	24.755619201793163	0.006226262374696469
119.0	31.031691675487206	31.33677853184733	12.869684328497602	24.755619201793163	0.006226262374696469
120.0	31.081501774484778	31.30564721997385	12.944399476993961	24.662225266172715	0.006226262374696469
121.0	31.025465413112506	31.3928148932196	12.826100491874728	24.749392939418467	0.006226262374696469
122.0	31.044144200236595	31.34923105659673	12.894589377996388	24.70580910279559	0.006226262374696469
123.0	30.96942905174024	31.40526741796899	12.913268165120478	24.70580910279559	0.006226262374696469
124.0	30.98810783886433	31.374136106095513	12.90704190274578	24.72448788991968	0.006226262374696469
125.0	31.07527551211008	31.367909843720813	12.838553016624122	24.712035365170287	0.006226262374696469
126.0	30.994334101239023	31.262063383350974	12.950625739368657	24.786750513666647	0.006226262374696469
127.0	31.07527551211008	31.380362368470205	12.844779278998816	24.6933565780462	0.006226262374696469
128.0	31.044144200236595	31.318099744723245	12.90704190274578	24.72448788991968	0.006226262374696469
129.0	30.98810783886433	31.28696843284976	12.931946952244566	24.786750513666647	0.006226262374696469
130.0	31.07527551211008	31.361683581346117	12.863458066122908	24.6933565780462	0.006226262374696469
131.0	31.013012888363118	31.355457318971418	12.838553016624122	24.786750513666647	0.006226262374696469
132.0	31.037917937861902	31.374136106095513	12.900815640371086	24.680904053296807	0.006226262374696469
133.0	30.963202789365546	31.330552269472633	12.8759105908723	24.824108087914826	0.006226262374696469
134.0	31.037917937861902	31.33677853184733	12.90704190274578	24.712035365170287	0.006226262374696469
135.0	31.037917937861902	31.330552269472633	12.888363115621694	24.73694041466907	0.006226262374696469
136.0	31.037917937861902	31.33677853184733	12.813647967125336	24.805429300790735	0.006226262374696469
137.0	31.100180561608866	31.28074217047506	12.919494427495174	24.6933565780462	0.006226262374696469
138.0	31.081501774484778	31.34300479422203	12.844779278998816	24.72448788991968	0.006226262374696469
139.0	31.069049249735386	31.311873482348545	12.913268165120478	24.699582840420895	0.006226262374696469
140.0	31.05659672498599	31.330552269472633	12.919494427495174	24.687130315671503	0.006226262374696469
141.0	31.037917937861902	31.32432600709794	12.950625739368657	24.680904053296807	0.006226262374696469
142.0	31.000560363613722	31.380362368470205	12.900815640371086	24.712035365170287	0.006226262374696469
143.0	31.00678662598842	31.318099744723245	12.913268165120478	24.755619201793163	0.006226262374696469
144.0	31.137538135857046	31.299420957599157	12.869684328497602	24.687130315671503	0.006226262374696469
145.0	31.025465413112506	31.293194695224457	12.950625739368657	24.72448788991968	0.006226262374696469
146.0	31.100180561608866	31.32432600709794	12.85723180374821	24.712035365170287	0.006226262374696469
147.0	31.025465413112506	31.33677853184733	12.925720689869872	24.70580910279559	0.006226262374696469
148.0	31.05659672498599	31.318099744723245	12.938173214619264	24.680904053296807	0.006226262374696469
149.0	31.037917937861902	31.34923105659673	12.931946952244566	24.674677790922107	0.006226262374696469
