# Position (bp)	A	C	G	T	N
0.0	30.999498997995996	31.343937875751504	13.001002004008017	24.649298597194388	0.0062625250501002
1.0	30.99323647294589	31.431613226452903	12.907064128256513	24.66182364729459	0.0062625250501002
2.0	30.98071142284569	31.456663326653306	12.938376753507013	24.617985971943888	0.0062625250501002
3.0	30.94313627254509	31.387775551102205	13.001002004008017	24.66182364729459	0.0062625250501002
4.0	30.91808617234469	31.46918837675351	12.932114228456914	24.67434869739479	0.0062625250501002
5.0	30.961923847695388	31.48171342685371	12.919589178356713	24.63051102204409	0.0062625250501002
6.0	30.95566132264529	31.381513026052104	12.994739478957914	24.66182364729459	0.0062625250501002
7.0	30.89929859719439	31.494238476953907	12.938376753507013	24.66182364729459	0.0062625250501002
8.0	30.924348697394787	31.456663326653306	12.982214428857716	24.63051102204409	0.0062625250501002
9.0	30.95566132264529	31.500501002004004	12.888276553106213	24.649298597194388	0.0062625250501002
10.0	30.94939879759519	31.394038076152302	12.932114228456914	24.71818637274549	0.0062625250501002
11.0	30.91182364729459	31.437875751503007	12.975951903807614	24.66808617234469	0.0062625250501002
12.0	30.924348697394787	31.51302605210421	12.919589178356713	24.636773547094187	0.0062625250501002
13.0	30.91182364729459	31.406563126252507	12.944639278557112	24.73071142284569	0.0062625250501002
14.0	30.95566132264529	31.444138276553108	12.944639278557112	24.649298597194388	0.0062625250501002
15.0	30.861723446893784	31.475450901803608	12.969689378757515	24.68687374749499	0.0062625250501002
16.0	30.94939879759519	31.431613226452903	12.932114228456914	24.680611222444888	0.0062625250501002
17.0	30.89929859719439	31.456663326653306	12.969689378757515	24.66808617234469	0.0062625250501002
18.0	30.936873747494992	31.400300601202403	12.969689378757515	24.68687374749499	0.0062625250501002
19.0	30.861723446893784	31.450400801603205	12.944639278557112	24.73697394789579	0.0062625250501002
20.0	30.893036072144287	31.46918837675351	12.969689378757515	24.66182364729459	0.0062625250501002
21.0	30.924348697394787	31.3188877755511	13.001002004008017	24.749498997995993	0.0062625250501002
22.0	30.836673346693388	31.50676352705411	12.975951903807614	24.67434869739479	0.0062625250501002
23.0	30.930611222444888	31.375250501002007	13.007264529058116	24.680611222444888	0.0062625250501002
24.0	30.805360721442888	31.419088176352705	12.950901803607215	24.818386773547093	0.0062625250501002
25.0	30.95566132264529	31.406563126252507	12.932114228456914	24.69939879759519	0.0062625250501002
26.0	30.855460921843687	31.387775551102205	13.051102204408819	24.69939879759519	0.0062625250501002
27.0	30.87424849699399	31.394038076152302	13.026052104208416	24.69939879759519	0.0062625250501002
28.0	30.849198396793586	31.419088176352705	12.988476953907815	24.73697394789579	0.0062625250501002
29.0	30.88051102204409	31.387775551102205	13.044839679358716	24.680611222444888	0.0062625250501002
30.0	30.84293587174349	31.368987975951907	12.994739478957914	24.787074148296593	0.0062625250501002
31.0	30.893036072144287	31.444138276553108	12.994739478957914	24.66182364729459	0.0062625250501002
32.0	30.893036072144287	31.406563126252507	13.019789579158317	24.67434869739479	0.0062625250501002
33.0	30.936873747494992	31.3314128256513	13.044839679358716	24.680611222444888	0.0062625250501002
34.0	30.824148296593183	31.437875751503007	13.019789579158317	24.71192384769539	0.0062625250501002
35.0	30.936873747494992	31.3188877755511	13.032314629258519	24.70566132264529	0.0062625250501002
36.0	30.88051102204409	31.419088176352705	13.019789579158317	24.67434869739479	0.0062625250501002
37.0	30.936873747494992	31.394038076152302	13.019789579158317	24.64303607214429	0.0062625250501002
38.0	30.91808617234469	31.2813126252505	13.057364729458918	24.73697394789579	0.0062625250501002
39.0	30.88051102204409	31.3564629258517	13.001002004008017	24.75576152304609	0.0062625250501002
40.0	30.861723446893784	31.394038076152302	12.988476953907815	24.749498997995993	0.0062625250501002
41.0	30.893036072144287	31.350200400801604	13.019789579158317	24.73071142284569	0.0062625250501002
42.0	30.936873747494992	31.343937875751504	12.975951903807614	24.73697394789579	0.0062625250501002
43.0	30.83041082164329	31.2938376753507	13.044839679358716	24.824649298597194	0.0062625250501002
44.0	30.95566132264529	31.3314128256513	13.038577154308618	24.66808617234469	0.0062625250501002
45.0	30.98071142284569	31.2562625250501	13.019789579158317	24.73697394789579	0.0062625250501002
46.0	30.94313627254509	31.343937875751504	13.007264529058116	24.69939879759519	0.0062625250501002
47.0	30.91182364729459	31.394038076152302	13.032314629258519	24.65556112224449	0.0062625250501002
48.0	30.98071142284569	31.2938376753507	12.969689378757515	24.749498997995993	0.0062625250501002
49.0	30.924348697394787	31.25	13.038577154308618	24.780811623246493	0.0062625250501002
50.0	30.961923847695388	31.3188877755511	13.026052104208416	24.68687374749499	0.0062625250501002
51.0	30.999498997995996	31.337675350701407	13.026052104208416	24.63051102204409	0.0062625250501002
52.0	30.89929859719439	31.2938376753507	12.982214428857716	24.818386773547093	0.0062625250501002
53.0	30.89929859719439	31.3188877755511	13.013527054108218	24.762024048096194	0.0062625250501002
54.0	30.91808617234469	31.3314128256513	13.057364729458918	24.68687374749499	0.0062625250501002
55.0	30.94313627254509	31.275050100200403	13.032314629258519	24.743236472945892	0.0062625250501002
56.0	30.94939879759519	31.337675350701407	13.032314629258519	24.67434869739479	0.0062625250501002
57.0	30.893036072144287	31.362725450901802	13.063627254509019	24.67434869739479	0.0062625250501002
58.0	30.94939879759519	31.337675350701407	13.038577154308618	24.66808617234469	0.0062625250501002
59.0	30.94939879759519	31.306362725450903	13.044839679358716	24.69313627254509	0.0062625250501002
60.0	30.924348697394787	31.375250501002007	12.988476953907815	24.70566132264529	0.0062625250501002
61.0	30.98071142284569	31.3251503006012	13.082414829659319	24.60546092184369	0.0062625250501002
62.0	30.94939879759519	31.406563126252507	13.013527054108218	24.62424849699399	0.0062625250501002
63.0	30.936873747494992	31.3564629258517	13.032314629258519	24.66808617234469	0.0062625250501002
64.0	30.98697394789579	31.343937875751504	13.044839679358716	24.617985971943888	0.0062625250501002
65.0	30.91808617234469	31.343937875751504	13.026052104208416	24.70566132264529	0.0062625250501002
66.0	30.99323647294589	31.3564629258517	13.032314629258519	24.611723446893787	0.0062625250501002
67.0	30.91808617234469	31.3188877755511	13.051102204408819	24.70566132264529	0.0062625250501002
68.0	30.95566132264529	31.343937875751504	13.013527054108218	24.680611222444888	0.0062625250501002
69.0	31.005761523046093	31.306362725450903	13.013527054108218	24.66808617234469	0.0062625250501002
70.0	30.89929859719439	31.412825651302605	12.982214428857716	24.69939879759519	0.0062625250501002
71.0	30.98697394789579	31.268787575150302	13.06988977955912	24.66808617234469	0.0062625250501002
72.0	31.01828657314629	31.268787575150302	13.019789579158317	24.68687374749499	0.0062625250501002
73.0	30.91182364729459	31.387775551102205	13.019789579158317	24.67434869739479	0.0062625250501002
74.0	30.974448897795593	31.2938376753507	12.969689378757515	24.75576152304609	0.0062625250501002
75.0	30.94313627254509	31.362725450901802	13.044839679358716	24.64303607214429	0.0062625250501002
76.0	30.936873747494992	31.387775551102205	12.944639278557112	24.724448897795593	0.0062625250501002
77.0	30.94313627254509	31.312625250501004	13.032314629258519	24.70566132264529	0.0062625250501002
78.0	30.936873747494992	31.306362725450903	13.019789579158317	24.73071142284569	0.0062625250501002
79.0	30.94939879759519	31.343937875751504	13.026052104208416	24.67434869739479	0.0062625250501002
80.0	30.91182364729459	31.3251503006012	13.044839679358716	24.71192384769539	0.0062625250501002
81.0	30.94313627254509	31.3314128256513	12.988476953907815	24.73071142284569	0.0062625250501002
82.0	30.91182364729459	31.412825651302605	12.969689378757515	24.69939879759519	0.0062625250501002
83.0	30.90556112224449	31.381513026052104	13.026052104208416	24.680611222444888	0.0062625250501002
84.0	30.893036072144287	31.387775551102205	12.988476953907815	24.724448897795593	0.0062625250501002
85.0	30.855460921843687	31.350200400801604	13.057364729458918	24.73071142284569	0.0062625250501002
86.0	30.94939879759519	31.400300601202403	12.982214428857716	24.66182364729459	0.0062625250501002
87.0	30.90556112224449	31.381513026052104	12.950901803607215	24.75576152304609	0.0062625250501002
88.0	30.836673346693388	31.406563126252507	12.994739478957914	24.75576152304609	0.0062625250501002
89.0	30.867985971943888	31.412825651302605	12.988476953907815	24.724448897795593	0.0062625250501002
90.0	30.855460921843687	31.437875751503007	12.969689378757515	24.73071142284569	0.0062625250501002
91.0	30.930611222444888	31.362725450901802	12.957164328657313	24.743236472945892	0.0062625250501002
92.0	30.83041082164329	31.425350701402806	13.007264529058116	24.73071142284569	0.0062625250501002
93.0	30.930611222444888	31.368987975951907	12.982214428857716	24.71192384769539	0.0062625250501002
94.0	30.811623246492985	31.48171342685371	12.888276553106213	24.812124248496996	0.0062625250501002
95.0	30.91182364729459	31.419088176352705	12.950901803607215	24.71192384769539	0.0062625250501002
96.0	30.89929859719439	31.381513026052104	12.957164328657313	24.75576152304609	0.0062625250501002
97.0	30.91808617234469	31.425350701402806	12.925851703406813	24.724448897795593	0.0062625250501002
98.0	30.886773547094187	31.406563126252507	12.950901803607215	24.749498997995993	0.0062625250501002
99.0	30.94313627254509	31.3188877755511	12.969689378757515	24.762024048096194	0.0062625250501002
100.0	30.924348697394787	31.394038076152302	12.938376753507013	24.73697394789579	0.0062625250501002
101.0	30.968186372745492	31.312625250501004	12.957164328657313	24.75576152304609	0.0062625250501002
102.0	30.861723446893784	31.425350701402806	12.938376753507013	24.76828657314629	0.0062625250501002
103.0	30.89929859719439	31.387775551102205	12.875751503006011	24.830911823647295	0.0062625250501002
104.0	30.930611222444888	31.387775551102205	12.919589178356713	24.75576152304609	0.0062625250501002
105.0	30.95566132264529	31.312625250501004	12.938376753507013	24.787074148296593	0.0062625250501002
106.0	30.94939879759519	31.375250501002007	12.957164328657313	24.71192384769539	0.0062625250501002
107.0	30.924348697394787	31.375250501002007	12.938376753507013	24.75576152304609	0.0062625250501002
108.0	30.87424849699399	31.3251503006012	12.988476953907815	24.805861723446892	0.0062625250501002
109.0	31.062124248496993	31.306362725450903	12.882014028056114	24.743236472945892	0.0062625250501002
110.0	30.94939879759519	31.387775551102205	12.85696392785571	24.799599198396795	0.0062625250501002
111.0	30.91808617234469	31.3314128256513	12.944639278557112	24.799599198396795	0.0062625250501002
112.0	31.037074148296597	31.406563126252507	12.900801603206414	24.649298597194388	0.0062625250501002
113.0	30.999498997995996	31.3314128256513	12.900801603206414	24.762024048096194	0.0062625250501002
114.0	30.961923847695388	31.350200400801604	12.938376753507013	24.743236472945892	0.0062625250501002
115.0	30.98697394789579	31.350200400801604	12.900801603206414	24.75576152304609	0.0062625250501002
116.0	30.961923847695388	31.381513026052104	12.957164328657313	24.69313627254509	0.0062625250501002
117.0	30.95566132264529	31.387775551102205	12.932114228456914	24.71818637274549	0.0062625250501002
118.0	30.91808617234469	31.400300601202403	12.907064128256513	24.76828657314629	0.0062625250501002
119.0	30.974448897795593	31.368987975951907	12.882014028056114	24.76828657314629	0.0062625250501002
120.0	31.043336673346694	31.3251503006012	12.950901803607215	24.67434869739479	0.0062625250501002
121.0	30.98071142284569	31.406563126252507	12.850701402805612	24.75576152304609	0.0062625250501002
122.0	30.999498997995996	31.375250501002007	12.900801603206414	24.71818637274549	0.0062625250501002
123.0	30.930611222444888	31.425350701402806	12.925851703406813	24.71192384769539	0.0062625250501002
124.0	30.936873747494992	31.394038076152302	12.907064128256513	24.75576152304609	0.0062625250501002
125.0	31.03081162324649	31.394038076152302	12.850701402805612	24.71818637274549	0.0062625250501002
126.0	30.94939879759519	31.268787575150302	12.957164328657313	24.818386773547093	0.0062625250501002
127.0	31.037074148296597	31.400300601202403	12.85696392785571	24.69939879759519	0.0062625250501002
128.0	31.005761523046093	31.3314128256513	12.907064128256513	24.749498997995993	0.0062625250501002
129.0	30.94939879759519	31.306362725450903	12.938376753507013	24.799599198396795	0.0062625250501002
130.0	31.024549098196392	31.387775551102205	12.869488977955912	24.71192384769539	0.0062625250501002
131.0	30.968186372745492	31.381513026052104	12.850701402805612	24.793336673346694	0.0062625250501002
132.0	30.999498997995996	31.406563126252507	12.907064128256513	24.680611222444888	0.0062625250501002
133.0	30.924348697394787	31.350200400801604	12.882014028056114	24.837174348697395	0.0062625250501002
134.0	30.974448897795593	31.362725450901802	12.925851703406813	24.73071142284569	0.0062625250501002
135.0	30.974448897795593	31.368987975951907	12.900801603206414	24.749498997995993	0.0062625250501002
136.0	30.99323647294589	31.343937875751504	12.83817635270541	24.818386773547093	0.0062625250501002
137.0	31.049599198396795	31.3188877755511	12.932114228456914	24.69313627254509	0.0062625250501002
138.0	31.037074148296597	31.368987975951907	12.85696392785571	24.73071142284569	0.0062625250501002
139.0	31.01828657314629	31.343937875751504	12.919589178356713	24.71192384769539	0.0062625250501002
140.0	31.012024048096194	31.362725450901802	12.925851703406813	24.69313627254509	0.0062625250501002
141.0	31.005761523046093	31.3564629258517	12.944639278557112	24.68687374749499	0.0062625250501002
142.0	30.974448897795593	31.400300601202403	12.907064128256513	24.71192384769539	0.0062625250501002
143.0	30.968186372745492	31.343937875751504	12.913326653306614	24.76828657314629	0.0062625250501002
144.0	31.099699398797597	31.312625250501004	12.882014028056114	24.69939879759519	0.0062625250501002
145.0	30.98697394789579	31.3188877755511	12.950901803607215	24.73697394789579	0.0062625250501002
146.0	31.062124248496993	31.350200400801604	12.869488977955912	24.71192384769539	0.0062625250501002
147.0	30.99323647294589	31.3564629258517	12.938376753507013	24.70566132264529	0.0062625250501002
148.0	31.01828657314629	31.343937875751504	12.950901803607215	24.680611222444888	0.0062625250501002
149.0	30.99323647294589	31.375250501002007	12.938376753507013	24.68687374749499	0.0062625250501002
