#Position (bp)	Coverage
21.5	21.5
63.5	63.5
105.5	96.5
147.5	99.0
189.5	99.0
231.5	99.0
273.5	99.0
315.5	99.0
357.5	99.0
399.5	99.0
441.5	99.0
483.5	99.0
525.5	99.0
567.5	99.0
609.5	99.0
651.5	99.0
693.5	99.0
735.5	99.0
777.5	99.0
819.5	99.0
861.5	99.0
903.5	99.0
945.5	99.0
987.5	99.0
1029.5	91.66666666666667
1071.5	70.47619047619048
1113.5	50.61904761904762
1155.5	40.333333333333336
1197.5	43.45238095238095
1239.5	69.83333333333333
1281.5	95.61904761904762
1323.5	99.0
1365.5	99.0
1407.5	97.11904761904762
1449.5	93.0
1491.5	93.14285714285714
1533.5	98.5952380952381
1575.5	99.0
1617.5	99.0
1659.5	99.0
1701.5	99.0
1743.5	99.0
1785.5	99.0
1827.5	99.0
1869.5	99.0
1911.5	98.23809523809524
1953.5	98.0
1995.5	98.4047619047619
2037.5	99.0
2079.5	99.0
2121.5	99.0
2163.5	99.0
2205.5	99.0
2247.5	99.0
2289.5	99.0
2331.5	99.0
2373.5	99.0
2415.5	99.0
2457.5	99.0
2499.5	99.0
2541.5	99.0
2583.5	99.0
2625.5	99.0
2667.5	99.0
2709.5	99.0
2751.5	99.0
2793.5	99.0
2835.5	99.0
2877.5	99.0
2919.5	99.0
2961.5	99.0
3003.5	99.0
3045.5	99.0
3087.5	98.97619047619048
3129.5	99.0
3171.5	99.0
3213.5	99.0
3255.5	99.0
3297.5	99.0
3339.5	99.0
3381.5	99.0
3423.5	99.0
3465.5	99.0
3507.5	99.0
3549.5	99.0
3591.5	99.0
3633.5	99.0
3675.5	99.0
3717.5	99.0
3759.5	99.0
3801.5	99.0
3843.5	99.0
3885.5	99.0
3927.5	91.71428571428571
3969.5	81.0
4011.5	83.38095238095238
4053.5	97.47619047619048
4095.5	98.0
4137.5	82.0
4179.5	61.0
4221.5	54.54761904761905
4263.5	74.5
4305.5	93.83333333333333
4347.5	83.9047619047619
4389.5	78.0
4431.5	86.16666666666667
4473.5	89.85714285714286
4515.5	69.0
4557.5	51.42857142857143
4599.5	49.5
4641.5	53.214285714285715
4683.5	72.5
4725.5	92.9047619047619
4767.5	99.0
4809.5	99.0
4851.5	99.0
4893.5	99.0
4935.5	99.0
4977.5	99.0
5019.5	99.0
5061.5	96.28571428571429
5103.5	96.0
5145.5	95.97619047619048
5187.5	82.23809523809524
5229.5	67.02380952380952
5271.5	76.16666666666667
5313.5	94.45238095238095
5355.5	99.0
5397.5	99.0
5439.5	99.0
5481.5	99.0
5523.5	99.0
5565.5	98.80952380952381
5607.5	87.85714285714286
5649.5	66.83333333333333
5691.5	51.857142857142854
5733.5	57.095238095238095
5775.5	77.04761904761905
5817.5	95.57142857142857
5859.5	89.30952380952381
5901.5	69.45238095238095
5943.5	63.04761904761905
5985.5	81.4047619047619
6027.5	93.64285714285714
6069.5	77.95238095238095
6111.5	61.80952380952381
6153.5	69.73809523809524
6195.5	86.83333333333333
6237.5	98.80952380952381
6279.5	99.0
6321.5	99.0
6363.5	99.0
6405.5	99.0
6447.5	99.0
6489.5	99.0
6531.5	99.0
6573.5	99.0
6615.5	99.0
6657.5	99.0
6699.5	93.9047619047619
6741.5	75.45238095238095
6783.5	55.0
6825.5	50.857142857142854
6867.5	67.9047619047619
6909.5	88.33333333333333
6951.5	92.45238095238095
6993.5	71.35714285714286
7035.5	53.476190476190474
7077.5	66.33333333333333
7119.5	88.83333333333333
7161.5	98.88095238095238
7203.5	99.0
7245.5	99.0
7287.5	99.0
7329.5	90.92857142857143
7371.5	67.66666666666667
7413.5	49.833333333333336
7455.5	64.76190476190476
7497.5	87.5
7539.5	89.78571428571429
7581.5	83.0
7623.5	86.66666666666667
7665.5	98.78571428571429
7707.5	97.57142857142857
7749.5	96.0
7791.5	96.35714285714286
7833.5	99.0
7875.5	99.0
7917.5	96.38095238095238
7959.5	94.0
8001.5	94.83333333333333
8043.5	99.0
8085.5	99.0
8127.5	99.0
8169.5	99.0
8211.5	91.42857142857143
8253.5	70.88095238095238
8295.5	55.54761904761905
8337.5	71.5
8379.5	92.5
8421.5	99.0
8463.5	99.0
8505.5	99.0
8547.5	96.0952380952381
8589.5	92.0
8631.5	92.47619047619048
8673.5	98.92857142857143
8715.5	96.5
8757.5	78.78571428571429
8799.5	74.0952380952381
8841.5	87.69047619047619
8883.5	99.0
8925.5	98.95238095238095
8967.5	91.33333333333333
9009.5	90.0
9051.5	94.5
9093.5	99.0
9135.5	99.0
9177.5	99.0
9219.5	99.0
9261.5	99.0
9303.5	99.0
9345.5	97.33333333333333
9387.5	97.0
9429.5	97.95238095238095
9471.5	99.0
9513.5	99.0
9555.5	99.0
9597.5	99.0
9639.5	93.02380952380952
9681.5	84.0
9723.5	85.52380952380952
9765.5	98.0952380952381
9807.5	99.0
9849.5	99.0
9891.5	99.0
9933.5	99.0
9975.5	99.0
10017.5	99.0
10059.5	99.0
10101.5	99.0
10143.5	99.0
10185.5	99.0
10227.5	99.0
10269.5	99.0
10311.5	99.0
10353.5	99.0
10395.5	99.0
10437.5	99.0
10479.5	99.0
10521.5	99.0
10563.5	99.0
10605.5	99.0
10647.5	99.0
10689.5	99.0
10731.5	99.0
10773.5	99.0
10815.5	99.0
10857.5	99.0
10899.5	99.0
10941.5	99.0
10983.5	99.0
11025.5	99.0
11067.5	99.0
11109.5	99.0
11151.5	99.0
11193.5	99.0
11235.5	99.0
11277.5	99.0
11319.5	99.0
11361.5	99.0
11403.5	99.0
11445.5	99.0
11487.5	99.0
11529.5	99.0
11571.5	99.0
11613.5	99.0
11655.5	99.0
11697.5	99.0
11739.5	99.0
11781.5	99.0
11823.5	99.0
11865.5	99.0
11907.5	99.0
11949.5	99.0
11991.5	99.0
12033.5	99.0
12075.5	99.0
12117.5	99.0
12159.5	99.0
12201.5	99.0
12243.5	99.0
12285.5	99.0
12327.5	99.0
12369.5	99.0
12411.5	99.0
12453.5	99.0
12495.5	99.0
12537.5	99.0
12579.5	99.0
12621.5	99.0
12663.5	99.0
12705.5	99.0
12747.5	99.0
12789.5	99.0
12831.5	99.0
12873.5	99.0
12915.5	99.0
12957.5	99.0
12999.5	99.0
13041.5	99.0
13083.5	99.0
13125.5	99.0
13167.5	99.0
13209.5	99.0
13251.5	99.0
13293.5	99.0
13335.5	99.0
13377.5	99.0
13419.5	99.0
13461.5	99.0
13503.5	99.0
13545.5	99.0
13587.5	99.0
13629.5	99.0
13671.5	99.0
13713.5	99.0
13755.5	99.0
13797.5	99.0
13839.5	99.0
13881.5	99.0
13923.5	99.0
13965.5	99.0
14007.5	99.0
14049.5	99.0
14091.5	99.0
14133.5	99.0
14175.5	99.0
14217.5	99.0
14259.5	99.0
14301.5	99.0
14343.5	99.0
14385.5	99.0
14427.5	99.0
14469.5	99.0
14511.5	99.0
14553.5	99.0
14595.5	99.0
14637.5	99.0
14679.5	99.0
14721.5	99.0
14763.5	99.0
14805.5	99.0
14847.5	99.0
14889.5	99.0
14931.5	99.0
14973.5	99.0
15015.5	99.0
15057.5	99.0
15099.5	99.0
15141.5	99.0
15183.5	99.0
15225.5	99.0
15267.5	99.0
15309.5	99.0
15351.5	99.0
15393.5	99.0
15435.5	99.0
15477.5	99.0
15519.5	99.0
15561.5	99.0
15603.5	99.0
15645.5	99.0
15687.5	99.0
15729.5	99.0
15771.5	99.0
15813.5	99.0
15855.5	99.0
15897.5	99.0
15939.5	99.0
15981.5	99.0
16023.5	99.0
16065.5	99.0
16107.5	99.0
16149.5	99.0
16191.5	99.0
16233.5	99.0
16275.5	99.0
16317.5	99.0
16359.5	99.0
16401.5	99.0
16443.5	99.0
16485.5	83.14285714285714
16527.5	41.5
16559.0	10.0
