# Position (bp)	A	C	G	T	N
0.0	31.016009468635147	31.30878963433626	12.975767769264312	24.693203762536598	0.006229365227683299
1.0	31.016009468635147	31.371083286613093	12.882327290849064	24.724350588675016	0.006229365227683299
2.0	31.009780103407465	31.38354201706846	12.932162212670528	24.668286301625862	0.006229365227683299
3.0	30.97240391204136	31.333707095246993	12.975767769264312	24.711891858219648	0.006229365227683299
4.0	30.95371581635831	31.40223011275151	12.907244751759794	24.730579953902698	0.006229365227683299
5.0	30.991092007724415	31.40223011275151	12.913474116987478	24.686974397308916	0.006229365227683299
6.0	30.991092007724415	31.321248364791625	12.981997134491996	24.69943312776428	0.006229365227683299
7.0	30.91633962499221	31.41468884320688	12.938391577898212	24.724350588675016	0.006229365227683299
8.0	30.95371581635831	31.40223011275151	12.975767769264312	24.66205693639818	0.006229365227683299
9.0	30.978633277269047	31.43960630411761	12.882327290849064	24.693203762536598	0.006229365227683299
10.0	30.991092007724415	31.315018999563943	12.938391577898212	24.749268049585744	0.006229365227683299
11.0	30.941257085902947	31.36485392138541	12.981997134491996	24.705662492991966	0.006229365227683299
12.0	30.97240391204136	31.42091820843456	12.925932847442844	24.674515666853548	0.006229365227683299
13.0	30.94748645113063	31.32747773001931	12.957079673581262	24.761726780041112	0.006229365227683299
14.0	31.016009468635147	31.35862455615773	12.944620943125894	24.674515666853548	0.006229365227683299
15.0	30.91011025976453	31.37731265184078	12.981997134491996	24.724350588675016	0.006229365227683299
16.0	30.997321372952097	31.34616582570236	12.950850308353578	24.69943312776428	0.006229365227683299
17.0	30.94748645113063	31.38354201706846	12.98822649971968	24.674515666853548	0.006229365227683299
18.0	30.98486264249673	31.32747773001931	12.98822649971968	24.693203762536598	0.006229365227683299
19.0	30.922568990219894	31.38354201706846	12.957079673581262	24.730579953902698	0.006229365227683299
20.0	30.94748645113063	31.38354201706846	12.98822649971968	24.674515666853548	0.006229365227683299
21.0	30.978633277269047	31.258954712514797	13.01314396063041	24.743038684358066	0.006229365227683299
22.0	30.89765152930916	31.427147573662246	12.98822649971968	24.68074503208123	0.006229365227683299
23.0	30.978633277269047	31.315018999563943	13.03183205631346	24.668286301625862	0.006229365227683299
24.0	30.872734068398426	31.36485392138541	12.957079673581262	24.799102971407212	0.006229365227683299
25.0	31.009780103407465	31.36485392138541	12.944620943125894	24.674515666853548	0.006229365227683299
26.0	30.89142216408148	31.352395190930043	13.062978882451878	24.686974397308916	0.006229365227683299
27.0	30.922568990219894	31.34616582570236	13.03183205631346	24.693203762536598	0.006229365227683299
28.0	30.87896343362611	31.37731265184078	13.000685230175046	24.73680931913038	0.006229365227683299
29.0	30.91633962499221	31.35862455615773	13.044290786768828	24.674515666853548	0.006229365227683299
30.0	30.89142216408148	31.32747773001931	13.006914595402726	24.767956145268798	0.006229365227683299
31.0	30.91011025976453	31.408459477979196	13.019373325858094	24.655827571170498	0.006229365227683299
32.0	30.92879835544758	31.36485392138541	13.03183205631346	24.668286301625862	0.006229365227683299
33.0	30.96617454681368	31.296330903880893	13.056749517224194	24.674515666853548	0.006229365227683299
34.0	30.860275337943065	31.41468884320688	13.03183205631346	24.686974397308916	0.006229365227683299
35.0	30.978633277269047	31.271413442970164	13.050520151996512	24.693203762536598	0.006229365227683299
36.0	30.922568990219894	31.389771382296143	13.03183205631346	24.649598205942812	0.006229365227683299
37.0	30.959945181585997	31.36485392138541	13.019373325858094	24.649598205942812	0.006229365227683299
38.0	30.959945181585997	31.240266616831747	13.062978882451878	24.730579953902698	0.006229365227683299
39.0	30.903880894536844	31.32747773001931	13.019373325858094	24.743038684358066	0.006229365227683299
40.0	30.89142216408148	31.352395190930043	13.000685230175046	24.749268049585744	0.006229365227683299
41.0	30.92879835544758	31.315018999563943	13.038061421541144	24.711891858219648	0.006229365227683299
42.0	30.959945181585997	31.30878963433626	12.994455864947362	24.730579953902698	0.006229365227683299
43.0	30.872734068398426	31.240266616831747	13.069208247679562	24.81156170186258	0.006229365227683299
44.0	30.97240391204136	31.315018999563943	13.050520151996512	24.655827571170498	0.006229365227683299
45.0	31.009780103407465	31.221578521148697	13.038061421541144	24.724350588675016	0.006229365227683299
46.0	30.98486264249673	31.315018999563943	13.01314396063041	24.68074503208123	0.006229365227683299
47.0	30.959945181585997	31.36485392138541	13.038061421541144	24.630910110259766	0.006229365227683299
48.0	31.028468199090515	31.24649598205943	12.975767769264312	24.743038684358066	0.006229365227683299
49.0	30.959945181585997	31.234037251604065	13.044290786768828	24.75549741481343	0.006229365227683299
50.0	31.00355073817978	31.283872173425525	13.044290786768828	24.66205693639818	0.006229365227683299
51.0	31.059615025228933	31.296330903880893	13.044290786768828	24.593533918893666	0.006229365227683299
52.0	30.91633962499221	31.277642808197843	13.006914595402726	24.79287360617953	0.006229365227683299
53.0	30.92879835544758	31.296330903880893	13.025602691085778	24.743038684358066	0.006229365227683299
54.0	30.941257085902947	31.321248364791625	13.075437612907246	24.655827571170498	0.006229365227683299
55.0	30.98486264249673	31.258954712514797	13.038061421541144	24.711891858219648	0.006229365227683299
56.0	30.991092007724415	31.296330903880893	13.050520151996512	24.655827571170498	0.006229365227683299
57.0	30.91633962499221	31.34616582570236	13.069208247679562	24.66205693639818	0.006229365227683299
58.0	30.991092007724415	31.283872173425525	13.056749517224194	24.66205693639818	0.006229365227683299
59.0	30.991092007724415	31.258954712514797	13.062978882451878	24.68074503208123	0.006229365227683299
60.0	30.94748645113063	31.339936460474675	13.006914595402726	24.69943312776428	0.006229365227683299
61.0	31.016009468635147	31.283872173425525	13.094125708590296	24.599763284121348	0.006229365227683299
62.0	30.978633277269047	31.35862455615773	13.019373325858094	24.637139475487448	0.006229365227683299
63.0	30.959945181585997	31.321248364791625	13.038061421541144	24.674515666853548	0.006229365227683299
64.0	31.028468199090515	31.296330903880893	13.044290786768828	24.624680745032084	0.006229365227683299
65.0	30.95371581635831	31.302560269108575	13.038061421541144	24.69943312776428	0.006229365227683299
66.0	31.034697564318197	31.302560269108575	13.025602691085778	24.630910110259766	0.006229365227683299
67.0	30.959945181585997	31.258954712514797	13.062978882451878	24.711891858219648	0.006229365227683299
68.0	31.009780103407465	31.302560269108575	13.019373325858094	24.66205693639818	0.006229365227683299
69.0	31.053385660001247	31.258954712514797	13.006914595402726	24.674515666853548	0.006229365227683299
70.0	30.941257085902947	31.371083286613093	12.994455864947362	24.686974397308916	0.006229365227683299
71.0	31.016009468635147	31.240266616831747	13.062978882451878	24.674515666853548	0.006229365227683299
72.0	31.053385660001247	31.22780788637638	13.019373325858094	24.693203762536598	0.006229365227683299
73.0	30.94748645113063	31.37731265184078	13.01314396063041	24.655827571170498	0.006229365227683299
74.0	31.00355073817978	31.265184077742482	12.96953840403663	24.75549741481343	0.006229365227683299
75.0	30.98486264249673	31.30878963433626	13.044290786768828	24.655827571170498	0.006229365227683299
76.0	30.97240391204136	31.36485392138541	12.932162212670528	24.724350588675016	0.006229365227683299
77.0	30.98486264249673	31.271413442970164	13.025602691085778	24.711891858219648	0.006229365227683299
78.0	30.98486264249673	31.277642808197843	13.019373325858094	24.711891858219648	0.006229365227683299
79.0	30.98486264249673	31.321248364791625	13.006914595402726	24.68074503208123	0.006229365227683299
80.0	30.94748645113063	31.283872173425525	13.038061421541144	24.724350588675016	0.006229365227683299
81.0	30.97240391204136	31.302560269108575	12.98822649971968	24.730579953902698	0.006229365227683299
82.0	30.95371581635831	31.38354201706846	12.96953840403663	24.686974397308916	0.006229365227683299
83.0	30.941257085902947	31.371083286613093	13.01314396063041	24.668286301625862	0.006229365227683299
84.0	30.93502772067526	31.371083286613093	12.98822649971968	24.69943312776428	0.006229365227683299
85.0	30.91011025976453	31.315018999563943	13.050520151996512	24.71812122344733	0.006229365227683299
86.0	31.00355073817978	31.38354201706846	12.963309038808946	24.643368840715134	0.006229365227683299
87.0	30.941257085902947	31.35862455615773	12.950850308353578	24.743038684358066	0.006229365227683299
88.0	30.885192798853794	31.371083286613093	13.000685230175046	24.73680931913038	0.006229365227683299
89.0	30.89142216408148	31.389771382296143	13.000685230175046	24.711891858219648	0.006229365227683299
90.0	30.885192798853794	31.41468884320688	12.975767769264312	24.71812122344733	0.006229365227683299
91.0	30.978633277269047	31.34616582570236	12.96953840403663	24.69943312776428	0.006229365227683299
92.0	30.86650470317075	31.38354201706846	13.025602691085778	24.71812122344733	0.006229365227683299
93.0	30.96617454681368	31.339936460474675	12.98822649971968	24.69943312776428	0.006229365227683299
94.0	30.841587242260015	31.458294399800664	12.901015386532114	24.79287360617953	0.006229365227683299
95.0	30.94748645113063	31.389771382296143	12.96953840403663	24.686974397308916	0.006229365227683299
96.0	30.941257085902947	31.35862455615773	12.957079673581262	24.73680931913038	0.006229365227683299
97.0	30.93502772067526	31.40223011275151	12.938391577898212	24.71812122344733	0.006229365227683299
98.0	30.91011025976453	31.38354201706846	12.963309038808946	24.73680931913038	0.006229365227683299
99.0	30.97240391204136	31.302560269108575	12.98822649971968	24.730579953902698	0.006229365227683299
100.0	30.94748645113063	31.37731265184078	12.950850308353578	24.71812122344733	0.006229365227683299
101.0	30.997321372952097	31.302560269108575	12.963309038808946	24.730579953902698	0.006229365227683299
102.0	30.903880894536844	31.408459477979196	12.944620943125894	24.73680931913038	0.006229365227683299
103.0	30.93502772067526	31.37731265184078	12.87609792562138	24.805332336634898	0.006229365227683299
104.0	30.959945181585997	31.36485392138541	12.932162212670528	24.73680931913038	0.006229365227683299
105.0	30.978633277269047	31.296330903880893	12.950850308353578	24.767956145268798	0.006229365227683299
106.0	30.978633277269047	31.371083286613093	12.944620943125894	24.69943312776428	0.006229365227683299
107.0	30.95371581635831	31.36485392138541	12.944620943125894	24.730579953902698	0.006229365227683299
108.0	30.91011025976453	31.30878963433626	12.981997134491996	24.79287360617953	0.006229365227683299
109.0	31.08453248613966	31.283872173425525	12.882327290849064	24.743038684358066	0.006229365227683299
110.0	30.98486264249673	31.36485392138541	12.85740982993833	24.786644240951848	0.006229365227683299
111.0	30.93502772067526	31.32747773001931	12.944620943125894	24.786644240951848	0.006229365227683299
112.0	31.065844390456615	31.38354201706846	12.89478602130443	24.649598205942812	0.006229365227683299
113.0	31.02223883386283	31.30878963433626	12.907244751759794	24.75549741481343	0.006229365227683299
114.0	30.991092007724415	31.321248364791625	12.932162212670528	24.749268049585744	0.006229365227683299
115.0	31.016009468635147	31.339936460474675	12.89478602130443	24.743038684358066	0.006229365227683299
116.0	31.009780103407465	31.35862455615773	12.938391577898212	24.686974397308916	0.006229365227683299
117.0	30.98486264249673	31.36485392138541	12.932162212670528	24.711891858219648	0.006229365227683299
118.0	30.96617454681368	31.37731265184078	12.89478602130443	24.75549741481343	0.006229365227683299
119.0	31.02223883386283	31.339936460474675	12.87609792562138	24.75549741481343	0.006229365227683299
120.0	31.072073755684297	31.30878963433626	12.944620943125894	24.668286301625862	0.006229365227683299
121.0	31.028468199090515	31.37731265184078	12.844951099482962	24.743038684358066	0.006229365227683299
122.0	31.034697564318197	31.352395190930043	12.901015386532114	24.705662492991966	0.006229365227683299
123.0	30.959945181585997	31.40223011275151	12.925932847442844	24.705662492991966	0.006229365227683299
124.0	30.991092007724415	31.371083286613093	12.919703482215162	24.711891858219648	0.006229365227683299
125.0	31.078303120911976	31.371083286613093	12.844951099482962	24.69943312776428	0.006229365227683299
126.0	30.991092007724415	31.24649598205943	12.950850308353578	24.805332336634898	0.006229365227683299
127.0	31.078303120911976	31.38354201706846	12.851180464710646	24.68074503208123	0.006229365227683299
128.0	31.028468199090515	31.315018999563943	12.919703482215162	24.730579953902698	0.006229365227683299
129.0	30.98486264249673	31.277642808197843	12.944620943125894	24.786644240951848	0.006229365227683299
130.0	31.078303120911976	31.35862455615773	12.869868560393696	24.686974397308916	0.006229365227683299
131.0	31.009780103407465	31.36485392138541	12.844951099482962	24.77418551049648	0.006229365227683299
132.0	31.040926929545883	31.36485392138541	12.913474116987478	24.674515666853548	0.006229365227683299
133.0	30.97240391204136	31.339936460474675	12.87609792562138	24.805332336634898	0.006229365227683299
134.0	31.034697564318197	31.339936460474675	12.913474116987478	24.705662492991966	0.006229365227683299
135.0	31.034697564318197	31.333707095246993	12.89478602130443	24.730579953902698	0.006229365227683299
136.0	31.040926929545883	31.34616582570236	12.813804273344545	24.79287360617953	0.006229365227683299
137.0	31.109449947050393	31.271413442970164	12.919703482215162	24.693203762536598	0.006229365227683299
138.0	31.08453248613966	31.333707095246993	12.851180464710646	24.724350588675016	0.006229365227683299
139.0	31.078303120911976	31.321248364791625	12.901015386532114	24.693203762536598	0.006229365227683299
140.0	31.059615025228933	31.321248364791625	12.919703482215162	24.693203762536598	0.006229365227683299
141.0	31.047156294773565	31.333707095246993	12.950850308353578	24.66205693639818	0.006229365227683299
142.0	31.016009468635147	31.38354201706846	12.882327290849064	24.711891858219648	0.006229365227683299
143.0	31.00355073817978	31.315018999563943	12.907244751759794	24.767956145268798	0.006229365227683299
144.0	31.146826138416493	31.30878963433626	12.863639195166012	24.674515666853548	0.006229365227683299
145.0	31.047156294773565	31.277642808197843	12.938391577898212	24.730579953902698	0.006229365227683299
146.0	31.109449947050393	31.321248364791625	12.844951099482962	24.71812122344733	0.006229365227683299
147.0	31.034697564318197	31.339936460474675	12.913474116987478	24.705662492991966	0.006229365227683299
148.0	31.072073755684297	31.30878963433626	12.913474116987478	24.69943312776428	0.006229365227683299
149.0	31.040926929545883	31.352395190930043	12.932162212670528	24.668286301625862	0.006229365227683299
