# Position (bp)	A	C	G	T	N
0.0	31.07452782031649	31.368044920877995	12.921133231240429	24.62991322103114	0.006380806533945891
1.0	30.883103624298116	31.393568147013784	13.055130168453294	24.661817253700868	0.006380806533945891
2.0	30.991577335375194	31.34890250127616	12.972179683511994	24.680959673302706	0.006380806533945891
3.0	30.895865237366003	31.444614599285348	13.048749361919345	24.604389994895353	0.006380806533945891
4.0	30.991577335375194	31.41271056661562	12.953037263910158	24.636294027565082	0.006380806533945891
5.0	30.895865237366003	31.374425727411946	13.048749361919345	24.67457886676876	0.006380806533945891
6.0	31.07452782031649	31.431852986217457	12.953037263910158	24.53420112302195	0.006380806533945891
7.0	30.88948443083206	31.431852986217457	13.023226135783563	24.649055640632973	0.006380806533945891
8.0	31.004338948443085	31.380806533945893	12.946656457376212	24.661817253700868	0.006380806533945891
9.0	30.806533945890763	31.45099540581929	13.055130168453294	24.680959673302706	0.006380806533945891
10.0	31.04900459418071	31.32337927514038	12.946656457376212	24.67457886676876	0.006380806533945891
11.0	30.832057172026545	31.393568147013784	13.06151097498724	24.70648289943849	0.006380806533945891
12.0	31.02348136804492	31.33614088820827	12.959418070444103	24.67457886676876	0.006380806533945891
13.0	30.870342011230218	31.380806533945893	13.093415007656967	24.649055640632973	0.006380806533945891
14.0	30.997958141909137	31.2850944359367	12.99770290964778	24.712863705972435	0.006380806533945891
15.0	30.883103624298116	31.387187340479837	13.06151097498724	24.661817253700868	0.006380806533945891
16.0	30.940530883103623	31.342521694742214	13.029606942317509	24.680959673302706	0.006380806533945891
17.0	30.86396120469627	31.374425727411946	13.055130168453294	24.700102092904544	0.006380806533945891
18.0	30.908626850433897	31.31699846860643	13.01046452271567	24.757529351710055	0.006380806533945891
19.0	30.93415007656968	31.342521694742214	13.087034201123021	24.62991322103114	0.006380806533945891
20.0	30.883103624298116	31.380806533945893	13.035987748851454	24.6937212863706	0.006380806533945891
21.0	30.85119959162838	31.278713629402755	13.055130168453294	24.808575803981622	0.006380806533945891
22.0	30.991577335375194	31.297856049004597	13.0423685553854	24.661817253700868	0.006380806533945891
23.0	30.85119959162838	31.33614088820827	13.06151097498724	24.744767738642164	0.006380806533945891
24.0	30.972434915773356	31.265952016334865	13.0423685553854	24.712863705972435	0.006380806533945891
25.0	30.86396120469627	31.355283307810105	13.080653394589076	24.6937212863706	0.006380806533945891
26.0	30.940530883103623	31.310617662072488	13.016845329249618	24.725625319040326	0.006380806533945891
27.0	30.895865237366003	31.387187340479837	13.016845329249618	24.6937212863706	0.006380806533945891
28.0	30.88948443083206	31.374425727411946	12.99770290964778	24.732006125574273	0.006380806533945891
29.0	30.953292496171514	31.33614088820827	13.016845329249618	24.68734047983665	0.006380806533945891
30.0	30.908626850433897	31.36166411434405	13.048749361919345	24.67457886676876	0.006380806533945891
31.0	30.93415007656968	31.297856049004597	13.067891781521185	24.6937212863706	0.006380806533945891
32.0	30.953292496171514	31.36166411434405	13.023226135783563	24.655436447166924	0.006380806533945891
33.0	30.921388463501785	31.34890250127616	13.07427258805513	24.649055640632973	0.006380806533945891
34.0	31.004338948443085	31.265952016334865	13.06151097498724	24.661817253700868	0.006380806533945891
35.0	30.857580398162327	31.42547217968351	13.016845329249618	24.6937212863706	0.006380806533945891
36.0	30.966054109239412	31.32337927514038	13.023226135783563	24.680959673302706	0.006380806533945891
37.0	30.90224604389995	31.297856049004597	13.023226135783563	24.770290964777946	0.006380806533945891
38.0	30.978815722307303	31.374425727411946	12.978560490045943	24.661817253700868	0.006380806533945891
39.0	30.908626850433897	31.29147524247065	13.016845329249618	24.776671771311896	0.006380806533945891
40.0	31.029862174578867	31.30423685553854	12.953037263910158	24.70648289943849	0.006380806533945891
41.0	30.927769270035732	31.265952016334865	13.131699846860641	24.668198060234815	0.006380806533945891
42.0	31.017100561510976	31.297856049004597	12.953037263910158	24.725625319040326	0.006380806533945891
43.0	30.940530883103623	31.329760081674323	13.029606942317509	24.6937212863706	0.006380806533945891
44.0	30.93415007656968	31.41271056661562	12.940275650842267	24.70648289943849	0.006380806533945891
45.0	30.953292496171514	31.29147524247065	12.978560490045943	24.770290964777946	0.006380806533945891
46.0	30.93415007656968	31.36166411434405	13.023226135783563	24.67457886676876	0.006380806533945891
47.0	30.895865237366003	31.2850944359367	13.048749361919345	24.763910158244002	0.006380806533945891
48.0	31.01071975497703	31.259571209800917	13.016845329249618	24.70648289943849	0.006380806533945891
49.0	30.985196528841247	31.30423685553854	13.055130168453294	24.649055640632973	0.006380806533945891
50.0	31.004338948443085	31.18300153139357	13.035987748851454	24.770290964777946	0.006380806533945891
51.0	30.940530883103623	31.30423685553854	12.965798876978049	24.78305257784584	0.006380806533945891
52.0	30.985196528841247	31.2850944359367	12.991322103113834	24.732006125574273	0.006380806533945891
53.0	30.93415007656968	31.310617662072488	12.99770290964778	24.75114854517611	0.006380806533945891
54.0	30.978815722307303	31.278713629402755	12.991322103113834	24.744767738642164	0.006380806533945891
55.0	30.940530883103623	31.297856049004597	12.99770290964778	24.757529351710055	0.006380806533945891
56.0	30.946911689637567	31.253190403266974	13.016845329249618	24.776671771311896	0.006380806533945891
57.0	30.95967330270546	31.310617662072488	13.016845329249618	24.70648289943849	0.006380806533945891
58.0	30.972434915773356	31.36166411434405	12.965798876978049	24.6937212863706	0.006380806533945891
59.0	30.978815722307303	31.221286370597245	13.035987748851454	24.757529351710055	0.006380806533945891
60.0	30.978815722307303	31.419091373149566	12.946656457376212	24.649055640632973	0.006380806533945891
61.0	30.91500765696784	31.34890250127616	12.978560490045943	24.75114854517611	0.006380806533945891
62.0	30.985196528841247	31.33614088820827	12.965798876978049	24.70648289943849	0.006380806533945891
63.0	30.946911689637567	31.33614088820827	12.959418070444103	24.75114854517611	0.006380806533945891
64.0	31.017100561510976	31.374425727411946	12.895610005104647	24.70648289943849	0.006380806533945891
65.0	30.966054109239412	31.34890250127616	12.978560490045943	24.700102092904544	0.006380806533945891
66.0	30.946911689637567	31.41271056661562	12.959418070444103	24.67457886676876	0.006380806533945891
67.0	30.978815722307303	31.374425727411946	12.978560490045943	24.661817253700868	0.006380806533945891
68.0	30.91500765696784	31.368044920877995	12.940275650842267	24.770290964777946	0.006380806533945891
69.0	31.03624298111281	31.33614088820827	12.927514037774374	24.6937212863706	0.006380806533945891
70.0	30.997958141909137	31.31699846860643	12.965798876978049	24.712863705972435	0.006380806533945891
71.0	30.953292496171514	31.419091373149566	12.921133231240429	24.700102092904544	0.006380806533945891
72.0	30.946911689637567	31.431852986217457	12.953037263910158	24.661817253700868	0.006380806533945891
73.0	30.972434915773356	31.419091373149566	12.921133231240429	24.680959673302706	0.006380806533945891
74.0	30.91500765696784	31.406329760081675	13.01046452271567	24.661817253700868	0.006380806533945891
75.0	31.01071975497703	31.29147524247065	12.940275650842267	24.75114854517611	0.006380806533945891
76.0	30.985196528841247	31.310617662072488	12.99770290964778	24.700102092904544	0.006380806533945891
77.0	30.972434915773356	31.34890250127616	12.984941296579889	24.68734047983665	0.006380806533945891
78.0	31.02348136804492	31.342521694742214	12.965798876978049	24.661817253700868	0.006380806533945891
79.0	30.921388463501785	31.31699846860643	12.959418070444103	24.79581419091373	0.006380806533945891
80.0	30.908626850433897	31.406329760081675	12.99770290964778	24.680959673302706	0.006380806533945891
81.0	31.01071975497703	31.278713629402755	12.953037263910158	24.75114854517611	0.006380806533945891
82.0	30.87672281776416	31.399948953547728	13.035987748851454	24.680959673302706	0.006380806533945891
83.0	30.991577335375194	31.387187340479837	12.959418070444103	24.655436447166924	0.006380806533945891
84.0	30.90224604389995	31.33614088820827	13.004083716181725	24.75114854517611	0.006380806533945891
85.0	30.972434915773356	31.399948953547728	12.908371618172538	24.712863705972435	0.006380806533945891
86.0	30.93415007656968	31.393568147013784	13.01046452271567	24.655436447166924	0.006380806533945891
87.0	30.946911689637567	31.368044920877995	12.901990811638592	24.776671771311896	0.006380806533945891
88.0	30.857580398162327	31.4382337927514	13.035987748851454	24.661817253700868	0.006380806533945891
89.0	30.95967330270546	31.41271056661562	12.946656457376212	24.67457886676876	0.006380806533945891
90.0	30.883103624298116	31.36166411434405	13.048749361919345	24.700102092904544	0.006380806533945891
91.0	30.95967330270546	31.368044920877995	12.972179683511994	24.6937212863706	0.006380806533945891
92.0	30.908626850433897	31.419091373149566	12.991322103113834	24.67457886676876	0.006380806533945891
93.0	30.940530883103623	31.470137825421133	12.863705972434916	24.719244512506382	0.006380806533945891
94.0	30.966054109239412	31.31699846860643	12.978560490045943	24.732006125574273	0.006380806533945891
95.0	30.940530883103623	31.47651863195508	12.876467585502807	24.700102092904544	0.006380806533945891
96.0	30.895865237366003	31.355283307810105	12.965798876978049	24.776671771311896	0.006380806533945891
97.0	30.895865237366003	31.553088310362433	12.882848392036752	24.661817253700868	0.006380806533945891
98.0	30.961648905621846	31.42109629251484	12.934720183778955	24.682534618084357	0.0
