# Position (bp)	A	C	G	T	N
0.0	31.067526991630995	31.35501181882067	12.872931706382163	24.69814093145084	0.006388551715326135
1.0	30.888647543601866	31.39973168082796	13.02625694754999	24.67897527630486	0.006388551715326135
2.0	30.990864371047085	31.374177473966654	12.9304286718201	24.69814093145084	0.006388551715326135
3.0	30.901424647032517	31.44445154283524	13.019868395834663	24.627866862582255	0.006388551715326135
4.0	30.997252922762407	31.41250878425861	12.92404012010477	24.659809621158885	0.006388551715326135
5.0	30.888647543601866	31.3869545773973	13.019868395834663	24.69814093145084	0.006388551715326135
6.0	31.06113843991567	31.44445154283524	12.92404012010477	24.563981345428992	0.006388551715326135
7.0	30.907813198747846	31.418897335973934	13.000702740688686	24.66619817287421	0.006388551715326135
8.0	30.997252922762407	31.361400370535996	12.92404012010477	24.710918034881495	0.006388551715326135
9.0	30.824762026448603	31.438062991119914	13.039034050980645	24.69175237973551	0.006388551715326135
10.0	31.04836133648502	31.32306906024404	12.92404012010477	24.69814093145084	0.006388551715326135
11.0	30.83115057816393	31.374177473966654	13.058199706126622	24.73008369002747	0.006388551715326135
12.0	31.035584233054365	31.316680508528716	12.943205775250751	24.69814093145084	0.006388551715326135
13.0	30.875870440171216	31.374177473966654	13.083753912987925	24.659809621158885	0.006388551715326135
14.0	30.990864371047085	31.284737749952086	12.981537085542708	24.736472241742796	0.006388551715326135
15.0	30.901424647032517	31.36778892225133	13.058199706126622	24.66619817287421	0.006388551715326135
16.0	30.952533060755126	31.32306906024404	13.019868395834663	24.69814093145084	0.006388551715326135
17.0	30.888647543601866	31.35501181882067	13.039034050980645	24.710918034881495	0.006388551715326135
18.0	30.92697885389382	31.32306906024404	12.99431418897336	24.74924934517345	0.006388551715326135
19.0	30.952533060755126	31.32306906024404	13.083753912987925	24.634255414297577	0.006388551715326135
20.0	30.91420175046317	31.36778892225133	13.019868395834663	24.69175237973551	0.006388551715326135
21.0	30.88225899188654	31.26557209480611	13.04542260269597	24.80035775889606	0.006388551715326135
22.0	31.010030026193064	31.29751485338274	13.019868395834663	24.66619817287421	0.006388551715326135
23.0	30.89503609531719	31.316680508528716	13.04542260269597	24.736472241742796	0.006388551715326135
24.0	30.990864371047085	31.24640643966013	13.039034050980645	24.71730658659682	0.006388551715326135
25.0	30.901424647032517	31.32945761195937	13.070976809557273	24.69175237973551	0.006388551715326135
26.0	30.978087267616434	31.29751485338274	13.000702740688686	24.71730658659682	0.006388551715326135
27.0	30.933367405609147	31.361400370535996	13.007091292404013	24.69175237973551	0.006388551715326135
28.0	30.92697885389382	31.34223471539002	12.99431418897336	24.73008369002747	0.006388551715326135
29.0	30.990864371047085	31.32306906024404	13.007091292404013	24.672586724589536	0.006388551715326135
30.0	30.9461445090398	31.348623267105346	13.02625694754999	24.672586724589536	0.006388551715326135
31.0	30.965310164185777	31.29112630166741	13.051811154411293	24.685363828020186	0.006388551715326135
32.0	31.01641857790839	31.335846163674695	13.007091292404013	24.634255414297577	0.006388551715326135
33.0	30.971698715901102	31.34223471539002	13.064588257841947	24.6150897591516	0.006388551715326135
34.0	31.04836133648502	31.259183543090778	13.051811154411293	24.634255414297577	0.006388551715326135
35.0	30.907813198747846	31.418897335973934	13.007091292404013	24.659809621158885	0.006388551715326135
36.0	31.010030026193064	31.316680508528716	13.013479844119338	24.653421069443556	0.006388551715326135
37.0	30.9461445090398	31.29751485338274	13.019868395834663	24.73008369002747	0.006388551715326135
38.0	31.02919568133904	31.374177473966654	12.968759982112054	24.621478310866927	0.006388551715326135
39.0	30.9461445090398	31.27834919823676	13.007091292404013	24.762026448604104	0.006388551715326135
40.0	31.086692646776974	31.29751485338274	12.949594326966077	24.659809621158885	0.006388551715326135
41.0	30.9461445090398	31.271960646521435	13.134862326710534	24.640643966012902	0.006388551715326135
42.0	31.067526991630995	31.303903405098065	12.943205775250751	24.67897527630486	0.006388551715326135
43.0	30.965310164185777	31.32306906024404	13.04542260269597	24.659809621158885	0.006388551715326135
44.0	30.990864371047085	31.3869545773973	12.943205775250751	24.672586724589536	0.006388551715326135
45.0	30.971698715901102	31.303903405098065	12.99431418897336	24.723695138312145	0.006388551715326135
46.0	30.978087267616434	31.361400370535996	13.02625694754999	24.627866862582255	0.006388551715326135
47.0	30.91420175046317	31.29751485338274	13.051811154411293	24.73008369002747	0.006388551715326135
48.0	31.06113843991567	31.259183543090778	13.013479844119338	24.659809621158885	0.006388551715326135
49.0	31.010030026193064	31.303903405098065	13.064588257841947	24.6150897591516	0.006388551715326135
50.0	31.04836133648502	31.201686577652847	13.019868395834663	24.723695138312145	0.006388551715326135
51.0	30.971698715901102	31.303903405098065	12.962371430396729	24.755637896888775	0.006388551715326135
52.0	31.035584233054365	31.284737749952086	12.99431418897336	24.67897527630486	0.006388551715326135
53.0	30.978087267616434	31.31029195681339	13.007091292404013	24.69814093145084	0.006388551715326135
54.0	31.022807129623715	31.303903405098065	12.981537085542708	24.685363828020186	0.006388551715326135
55.0	30.95892161247045	31.32945761195937	13.007091292404013	24.69814093145084	0.006388551715326135
56.0	30.997252922762407	31.26557209480611	13.019868395834663	24.710918034881495	0.006388551715326135
57.0	30.971698715901102	31.348623267105346	13.02625694754999	24.64703251772823	0.006388551715326135
58.0	31.010030026193064	31.393343129112626	12.949594326966077	24.640643966012902	0.006388551715326135
59.0	31.003641474477732	31.24640643966013	13.032645499265316	24.710918034881495	0.006388551715326135
60.0	31.01641857790839	31.43167443940459	12.943205775250751	24.602312655720947	0.006388551715326135
61.0	30.95892161247045	31.35501181882067	12.981537085542708	24.69814093145084	0.006388551715326135
62.0	31.010030026193064	31.36778892225133	12.955982878681402	24.659809621158885	0.006388551715326135
63.0	30.971698715901102	31.348623267105346	12.962371430396729	24.710918034881495	0.006388551715326135
64.0	31.04836133648502	31.36778892225133	12.904874464958793	24.672586724589536	0.006388551715326135
65.0	30.98447581933176	31.348623267105346	12.981537085542708	24.67897527630486	0.006388551715326135
66.0	30.978087267616434	31.418897335973934	12.943205775250751	24.653421069443556	0.006388551715326135
67.0	31.003641474477732	31.3869545773973	12.968759982112054	24.634255414297577	0.006388551715326135
68.0	30.939755957324472	31.35501181882067	12.936817223535424	24.762026448604104	0.006388551715326135
69.0	31.06113843991567	31.34223471539002	12.9304286718201	24.659809621158885	0.006388551715326135
70.0	31.010030026193064	31.32945761195937	12.943205775250751	24.710918034881495	0.006388551715326135
71.0	30.990864371047085	31.43167443940459	12.911263016674122	24.659809621158885	0.006388551715326135
72.0	30.95892161247045	31.450840094550564	12.943205775250751	24.640643966012902	0.006388551715326135
73.0	31.003641474477732	31.41250878425861	12.917651568389447	24.659809621158885	0.006388551715326135
74.0	30.933367405609147	31.42528588768926	12.99431418897336	24.640643966012902	0.006388551715326135
75.0	31.02919568133904	31.31029195681339	12.917651568389447	24.736472241742796	0.006388551715326135
76.0	31.010030026193064	31.316680508528716	13.000702740688686	24.66619817287421	0.006388551715326135
77.0	30.965310164185777	31.348623267105346	12.981537085542708	24.69814093145084	0.006388551715326135
78.0	31.041972784769694	31.348623267105346	12.949594326966077	24.653421069443556	0.006388551715326135
79.0	30.952533060755126	31.316680508528716	12.949594326966077	24.774803552034754	0.006388551715326135
80.0	30.92697885389382	31.39973168082796	12.99431418897336	24.672586724589536	0.006388551715326135
81.0	31.035584233054365	31.271960646521435	12.949594326966077	24.736472241742796	0.006388551715326135
82.0	30.875870440171216	31.39973168082796	13.032645499265316	24.685363828020186	0.006388551715326135
83.0	31.010030026193064	31.393343129112626	12.955982878681402	24.634255414297577	0.006388551715326135
84.0	30.91420175046317	31.34223471539002	13.007091292404013	24.73008369002747	0.006388551715326135
85.0	30.978087267616434	31.393343129112626	12.917651568389447	24.704529483166166	0.006388551715326135
86.0	30.939755957324472	31.39973168082796	13.007091292404013	24.64703251772823	0.006388551715326135
87.0	30.971698715901102	31.374177473966654	12.904874464958793	24.742860793458124	0.006388551715326135
88.0	30.869481888455887	31.438062991119914	13.039034050980645	24.64703251772823	0.006388551715326135
89.0	30.990864371047085	31.406120232543284	12.943205775250751	24.653421069443556	0.006388551715326135
90.0	30.88225899188654	31.38056602568198	13.058199706126622	24.672586724589536	0.006388551715326135
91.0	30.971698715901102	31.374177473966654	12.968759982112054	24.67897527630486	0.006388551715326135
92.0	30.92697885389382	31.41250878425861	12.99431418897336	24.659809621158885	0.006388551715326135
93.0	30.965310164185777	31.450840094550564	12.860154602951509	24.71730658659682	0.006388551715326135
94.0	30.978087267616434	31.32945761195937	12.975148533827383	24.710918034881495	0.006388551715326135
95.0	30.965310164185777	31.46361719798122	12.866543154666838	24.69814093145084	0.006388551715326135
96.0	30.91420175046317	31.348623267105346	12.981537085542708	24.74924934517345	0.006388551715326135
97.0	30.920590302178496	31.52111416341915	12.885708809812815	24.66619817287421	0.006388551715326135
98.0	30.94812164579606	31.440071556350624	12.94403271147457	24.66777408637874	0.0
