# Position (bp)	A	C	G	T	N
0.0	31.06200906826745	31.40047257168402	12.874385337505586	24.656746918704897	0.006386103838048407
1.0	30.883198160802095	31.4515614023884	12.98933520659046	24.669519126380994	0.006386103838048407
2.0	30.97898971837282	31.40047257168402	12.925474168209975	24.68867743789514	0.006386103838048407
3.0	30.883198160802095	31.489878025416694	13.008493518104606	24.61204419183856	0.006386103838048407
4.0	30.99814802988697	31.445175298550353	12.912701960533878	24.637588607190754	0.006386103838048407
5.0	30.883198160802095	31.432403090874256	13.002107414266556	24.675905230219044	0.006386103838048407
6.0	31.06200906826745	31.477105817740597	12.90631585669583	24.548183153458076	0.006386103838048407
7.0	30.90235647231624	31.477105817740597	12.963790791238267	24.65036081486685	0.006386103838048407
8.0	30.99814802988697	31.406858675522066	12.89992975285778	24.68867743789514	0.006386103838048407
9.0	30.800178810907465	31.483491921578644	13.008493518104606	24.701449645571234	0.006386103838048407
10.0	31.036464652915257	31.368542052493776	12.893543649019733	24.69506354173319	0.006386103838048407
11.0	30.819337122421608	31.438789194712307	13.008493518104606	24.72699406092343	0.006386103838048407
12.0	31.01092023756306	31.38131426016987	12.912701960533878	24.68867743789514	0.006386103838048407
13.0	30.87681205696405	31.432403090874256	13.02765182961875	24.656746918704897	0.006386103838048407
14.0	30.97898971837282	31.31745322178939	12.938246375886072	24.75892458011367	0.006386103838048407
15.0	30.883198160802095	31.42601698703621	13.008493518104606	24.675905230219044	0.006386103838048407
16.0	30.927900887668436	31.362155948655722	12.995721310428507	24.707835749409284	0.006386103838048407
17.0	30.883198160802095	31.38131426016987	12.98933520659046	24.739766268599528	0.006386103838048407
18.0	30.927900887668436	31.34299763714158	12.963790791238267	24.75892458011367	0.006386103838048407
19.0	30.94705919918258	31.355769844817676	13.046810141132895	24.6439747110288	0.006386103838048407
20.0	30.908742576154285	31.394086467845966	12.995721310428507	24.69506354173319	0.006386103838048407
21.0	30.883198160802095	31.2791365987611	13.01487962194265	24.81639951465611	0.006386103838048407
22.0	30.991761926048916	31.311067117951335	13.008493518104606	24.68229133405709	0.006386103838048407
23.0	30.883198160802095	31.336611533303532	13.008493518104606	24.76531068395172	0.006386103838048407
24.0	30.97898971837282	31.272750494923045	13.002107414266556	24.739766268599528	0.006386103838048407
25.0	30.87681205696405	31.34938374097963	13.046810141132895	24.720607957085384	0.006386103838048407
26.0	30.94705919918258	31.31745322178939	12.98294910275241	24.746152372437578	0.006386103838048407
27.0	30.90235647231624	31.38770036400792	12.98933520659046	24.714221853247334	0.006386103838048407
28.0	30.883198160802095	31.368542052493776	12.98294910275241	24.75892458011367	0.006386103838048407
29.0	30.966217510696726	31.336611533303532	12.98294910275241	24.707835749409284	0.006386103838048407
30.0	30.908742576154285	31.34938374097963	13.01487962194265	24.720607957085384	0.006386103838048407
31.0	30.94705919918258	31.285522702599145	13.021265725780701	24.739766268599528	0.006386103838048407
32.0	30.97898971837282	31.34299763714158	12.995721310428507	24.675905230219044	0.006386103838048407
33.0	30.934286991506482	31.336611533303532	13.053196244970945	24.669519126380994	0.006386103838048407
34.0	31.02369244523916	31.259978287246952	13.02765182961875	24.68229133405709	0.006386103838048407
35.0	30.870425953125995	31.41324477936011	12.995721310428507	24.714221853247334	0.006386103838048407
36.0	30.97898971837282	31.323839325627432	12.98933520659046	24.701449645571234	0.006386103838048407
37.0	30.927900887668436	31.285522702599145	13.002107414266556	24.778082891627818	0.006386103838048407
38.0	30.991761926048916	31.368542052493776	12.951018583562169	24.68229133405709	0.006386103838048407
39.0	30.94067309534453	31.272750494923045	12.995721310428507	24.784468995465865	0.006386103838048407
40.0	31.036464652915257	31.298294910275242	12.944632479724119	24.714221853247334	0.006386103838048407
41.0	30.91512867999234	31.272750494923045	13.123443387189477	24.68229133405709	0.006386103838048407
42.0	31.036464652915257	31.291908806437192	12.931860272048024	24.733380164761478	0.006386103838048407
43.0	30.927900887668436	31.323839325627432	13.0340379334568	24.707835749409284	0.006386103838048407
44.0	30.959831406858672	31.394086467845966	12.938246375886072	24.701449645571234	0.006386103838048407
45.0	30.94067309534453	31.30468101411329	12.98933520659046	24.75892458011367	0.006386103838048407
46.0	30.94705919918258	31.34938374097963	13.021265725780701	24.675905230219044	0.006386103838048407
47.0	30.889584264640142	31.298294910275242	13.040424037294846	24.76531068395172	0.006386103838048407
48.0	31.017306341401113	31.2791365987611	12.98933520659046	24.707835749409284	0.006386103838048407
49.0	30.966217510696726	31.323839325627432	13.046810141132895	24.656746918704897	0.006386103838048407
50.0	31.030078549077206	31.18973114502842	13.002107414266556	24.771696787789768	0.006386103838048407
51.0	30.94705919918258	31.311067117951335	12.957404687400217	24.778082891627818	0.006386103838048407
52.0	30.99814802988697	31.298294910275242	12.98294910275241	24.714221853247334	0.006386103838048407
53.0	30.94705919918258	31.330225429465486	12.98933520659046	24.72699406092343	0.006386103838048407
54.0	30.991761926048916	31.285522702599145	12.98294910275241	24.733380164761478	0.006386103838048407
55.0	30.927900887668436	31.311067117951335	13.002107414266556	24.752538476275625	0.006386103838048407
56.0	30.94067309534453	31.259978287246952	13.01487962194265	24.778082891627818	0.006386103838048407
57.0	30.934286991506482	31.34299763714158	13.02765182961875	24.68867743789514	0.006386103838048407
58.0	30.972603614534773	31.374928156331823	12.970176895076314	24.675905230219044	0.006386103838048407
59.0	30.959831406858672	31.240819975732805	13.053196244970945	24.739766268599528	0.006386103838048407
60.0	30.972603614534773	31.41324477936011	12.957404687400217	24.65036081486685	0.006386103838048407
61.0	30.921514783830382	31.34299763714158	12.98294910275241	24.746152372437578	0.006386103838048407
62.0	30.959831406858672	31.34938374097963	12.98294910275241	24.701449645571234	0.006386103838048407
63.0	30.934286991506482	31.323839325627432	12.976562998914362	24.75892458011367	0.006386103838048407
64.0	31.01092023756306	31.368542052493776	12.89992975285778	24.714221853247334	0.006386103838048407
65.0	30.953445303020626	31.362155948655722	12.98933520659046	24.68867743789514	0.006386103838048407
66.0	30.953445303020626	31.41324477936011	12.963790791238267	24.663133022542947	0.006386103838048407
67.0	30.97898971837282	31.38770036400792	12.970176895076314	24.656746918704897	0.006386103838048407
68.0	30.908742576154285	31.355769844817676	12.951018583562169	24.778082891627818	0.006386103838048407
69.0	31.042850756753303	31.336611533303532	12.925474168209975	24.68867743789514	0.006386103838048407
70.0	30.99814802988697	31.323839325627432	12.957404687400217	24.714221853247334	0.006386103838048407
71.0	30.972603614534773	31.432403090874256	12.919088064371929	24.669519126380994	0.006386103838048407
72.0	30.966217510696726	31.445175298550353	12.938246375886072	24.6439747110288	0.006386103838048407
73.0	30.98537582221087	31.438789194712307	12.912701960533878	24.656746918704897	0.006386103838048407
74.0	30.921514783830382	31.41324477936011	13.008493518104606	24.65036081486685	0.006386103838048407
75.0	31.02369244523916	31.31745322178939	12.919088064371929	24.733380164761478	0.006386103838048407
76.0	30.98537582221087	31.323839325627432	12.98933520659046	24.69506354173319	0.006386103838048407
77.0	30.97898971837282	31.362155948655722	12.970176895076314	24.68229133405709	0.006386103838048407
78.0	31.042850756753303	31.336611533303532	12.951018583562169	24.663133022542947	0.006386103838048407
79.0	30.94705919918258	31.323839325627432	12.944632479724119	24.778082891627818	0.006386103838048407
80.0	30.921514783830382	31.406858675522066	12.98294910275241	24.68229133405709	0.006386103838048407
81.0	31.004534133725016	31.285522702599145	12.944632479724119	24.75892458011367	0.006386103838048407
82.0	30.870425953125995	31.40047257168402	13.02765182961875	24.69506354173319	0.006386103838048407
83.0	30.991761926048916	31.38770036400792	12.944632479724119	24.669519126380994	0.006386103838048407
84.0	30.90235647231624	31.336611533303532	12.98933520659046	24.76531068395172	0.006386103838048407
85.0	30.98537582221087	31.394086467845966	12.90631585669583	24.707835749409284	0.006386103838048407
86.0	30.934286991506482	31.40047257168402	13.002107414266556	24.656746918704897	0.006386103838048407
87.0	30.953445303020626	31.355769844817676	12.89992975285778	24.784468995465865	0.006386103838048407
88.0	30.87681205696405	31.438789194712307	13.02765182961875	24.65036081486685	0.006386103838048407
89.0	30.972603614534773	31.406858675522066	12.931860272048024	24.68229133405709	0.006386103838048407
90.0	30.908742576154285	31.336611533303532	13.046810141132895	24.701449645571234	0.006386103838048407
91.0	30.97898971837282	31.34938374097963	12.963790791238267	24.701449645571234	0.006386103838048407
92.0	30.94067309534453	31.394086467845966	12.98294910275241	24.675905230219044	0.006386103838048407
93.0	30.94705919918258	31.445175298550353	12.861613129829491	24.739766268599528	0.006386103838048407
94.0	30.972603614534773	31.311067117951335	12.963790791238267	24.746152372437578	0.006386103838048407
95.0	30.959831406858672	31.432403090874256	12.86799923366754	24.733380164761478	0.006386103838048407
96.0	30.921514783830382	31.330225429465486	12.963790791238267	24.778082891627818	0.006386103838048407
97.0	30.921514783830382	31.50903633693084	12.874385337505586	24.68867743789514	0.006386103838048407
98.0	30.961808660109845	31.396091454847365	12.945459190190316	24.69664069485247	0.0
