# Position (bp)	A	C	G	T	N
0.0	31.018806825258437	31.28035869971354	12.996637190185577	24.697969859260184	0.0062274255822642914
1.0	31.000124548511643	31.361315232282976	12.903225806451612	24.729106987171505	0.0062274255822642914
2.0	31.000124548511643	31.386224934612034	12.934362934362934	24.673060156931125	0.0062274255822642914
3.0	30.962759995018057	31.323950678789387	12.996637190185577	24.71042471042471	0.0062274255822642914
4.0	30.93162286710674	31.39867978577656	12.92813550878067	24.73533441275377	0.0062274255822642914
5.0	30.987669697347116	31.392452360194294	12.921908083198405	24.69174243367792	0.0062274255822642914
6.0	30.981442271764852	31.311495827624857	12.996637190185577	24.704197284842447	0.0062274255822642914
7.0	30.912940590359945	31.417362062523353	12.940590359945197	24.722879561589238	0.0062274255822642914
8.0	30.937850292689	31.41113463694109	12.98418233902105	24.660605305766595	0.0062274255822642914
9.0	30.968987420600325	31.442271764852407	12.890770955287085	24.69174243367792	0.0062274255822642914
10.0	30.975214846182585	31.330178104371655	12.934362934362934	24.75401668950056	0.0062274255822642914
11.0	30.937850292689	31.373770083447504	12.977954913438786	24.704197284842447	0.0062274255822642914
12.0	30.956532569435797	31.436044339270147	12.921908083198405	24.67928758251339	0.0062274255822642914
13.0	30.93162286710674	31.336405529953915	12.953045211109727	24.772698966247354	0.0062274255822642914
14.0	30.981442271764852	31.36754265786524	12.953045211109727	24.69174243367792	0.0062274255822642914
15.0	30.888030888030887	31.392452360194294	12.98418233902105	24.729106987171505	0.0062274255822642914
16.0	30.975214846182585	31.36754265786524	12.940590359945197	24.71042471042471	0.0062274255822642914
17.0	30.925395441524472	31.392452360194294	12.977954913438786	24.697969859260184	0.0062274255822642914
18.0	30.962759995018057	31.323950678789387	12.98418233902105	24.722879561589238	0.0062274255822642914
19.0	30.90671316477768	31.373770083447504	12.95927263669199	24.75401668950056	0.0062274255822642914
20.0	30.944077718271267	31.386224934612034	12.977954913438786	24.685515008095653	0.0062274255822642914
21.0	30.956532569435797	31.26790384854901	13.002864615767843	24.766471540665087	0.0062274255822642914
22.0	30.863121185701832	31.448499190434674	12.990409764603314	24.69174243367792	0.0062274255822642914
23.0	30.962759995018057	31.311495827624857	13.027774318096899	24.69174243367792	0.0062274255822642914
24.0	30.863121185701832	31.35508780670071	12.965500062274254	24.81006351974094	0.0062274255822642914
25.0	30.993897122929383	31.348860381118442	12.953045211109727	24.697969859260184	0.0062274255822642914
26.0	30.894258313613154	31.348860381118442	13.05891144600822	24.69174243367792	0.0062274255822642914
27.0	30.900485739195418	31.35508780670071	13.034001743679163	24.704197284842447	0.0062274255822642914
28.0	30.869348611284096	31.386224934612034	12.996637190185577	24.741561838336033	0.0062274255822642914
29.0	30.90671316477768	31.35508780670071	13.052684020425955	24.67928758251339	0.0062274255822642914
30.0	30.869348611284096	31.330178104371655	13.009092041350106	24.78515381741188	0.0062274255822642914
31.0	30.900485739195418	31.404907211358825	13.021546892514635	24.666832731348862	0.0062274255822642914
32.0	30.925395441524472	31.36754265786524	13.040229169261428	24.660605305766595	0.0062274255822642914
33.0	30.95030514385353	31.29904097646033	13.065138871590484	24.67928758251339	0.0062274255822642914
34.0	30.85689376011957	31.417362062523353	13.027774318096899	24.69174243367792	0.0062274255822642914
35.0	30.95030514385353	31.29904097646033	13.046456594843692	24.697969859260184	0.0062274255822642914
36.0	30.90671316477768	31.392452360194294	13.027774318096899	24.666832731348862	0.0062274255822642914
37.0	30.944077718271267	31.373770083447504	13.027774318096899	24.648150454602067	0.0062274255822642914
38.0	30.944077718271267	31.249221571802217	13.05891144600822	24.741561838336033	0.0062274255822642914
39.0	30.894258313613154	31.330178104371655	13.021546892514635	24.747789263918296	0.0062274255822642914
40.0	30.881803462448627	31.361315232282976	13.002864615767843	24.747789263918296	0.0062274255822642914
41.0	30.919168015942212	31.317723253207124	13.040229169261428	24.716652136006974	0.0062274255822642914
42.0	30.937850292689	31.330178104371655	12.996637190185577	24.729106987171505	0.0062274255822642914
43.0	30.838211483372774	31.27413127413127	13.065138871590484	24.816290945323203	0.0062274255822642914
44.0	30.956532569435797	31.323950678789387	13.05891144600822	24.65437788018433	0.0062274255822642914
45.0	31.00635197409391	31.22431186947316	13.034001743679163	24.729106987171505	0.0062274255822642914
46.0	30.968987420600325	31.317723253207124	13.01531946693237	24.69174243367792	0.0062274255822642914
47.0	30.944077718271267	31.36754265786524	13.046456594843692	24.635695603437537	0.0062274255822642914
48.0	31.000124548511643	31.28035869971354	12.977954913438786	24.73533441275377	0.0062274255822642914
49.0	30.95030514385353	31.242994146219953	13.046456594843692	24.75401668950056	0.0062274255822642914
50.0	30.981442271764852	31.305268402042596	13.046456594843692	24.660605305766595	0.0062274255822642914
51.0	31.043716527587495	31.311495827624857	13.040229169261428	24.59833104994395	0.0062274255822642914
52.0	30.900485739195418	31.286586125295802	13.009092041350106	24.79760866857641	0.0062274255822642914
53.0	30.912940590359945	31.317723253207124	13.021546892514635	24.741561838336033	0.0062274255822642914
54.0	30.925395441524472	31.336405529953915	13.077593722755013	24.65437788018433	0.0062274255822642914
55.0	30.975214846182585	31.28035869971354	13.027774318096899	24.71042471042471	0.0062274255822642914
56.0	30.975214846182585	31.323950678789387	13.040229169261428	24.65437788018433	0.0062274255822642914
57.0	30.919168015942212	31.342632955536182	13.065138871590484	24.666832731348862	0.0062274255822642914
58.0	30.962759995018057	31.29904097646033	13.05891144600822	24.673060156931125	0.0062274255822642914
59.0	30.962759995018057	31.286586125295802	13.05891144600822	24.685515008095653	0.0062274255822642914
60.0	30.937850292689	31.35508780670071	13.002864615767843	24.697969859260184	0.0062274255822642914
61.0	30.987669697347116	31.311495827624857	13.083821148337277	24.610785901108482	0.0062274255822642914
62.0	30.956532569435797	31.373770083447504	13.009092041350106	24.65437788018433	0.0062274255822642914
63.0	30.944077718271267	31.323950678789387	13.040229169261428	24.685515008095653	0.0062274255822642914
64.0	31.000124548511643	31.323950678789387	13.040229169261428	24.629468177855273	0.0062274255822642914
65.0	30.93162286710674	31.311495827624857	13.034001743679163	24.716652136006974	0.0062274255822642914
66.0	31.00635197409391	31.323950678789387	13.034001743679163	24.629468177855273	0.0062274255822642914
67.0	30.93162286710674	31.28035869971354	13.05891144600822	24.722879561589238	0.0062274255822642914
68.0	30.987669697347116	31.305268402042596	13.021546892514635	24.67928758251339	0.0062274255822642914
69.0	31.043716527587495	31.26790384854901	13.01531946693237	24.666832731348862	0.0062274255822642914
70.0	30.925395441524472	31.379997509029767	12.996637190185577	24.69174243367792	0.0062274255822642914
71.0	30.993897122929383	31.242994146219953	13.071366297172748	24.685515008095653	0.0062274255822642914
72.0	31.031261676422968	31.242994146219953	13.027774318096899	24.69174243367792	0.0062274255822642914
73.0	30.937850292689	31.36754265786524	13.01531946693237	24.673060156931125	0.0062274255822642914
74.0	30.987669697347116	31.28035869971354	12.965500062274254	24.760244115082823	0.0062274255822642914
75.0	30.962759995018057	31.330178104371655	13.040229169261428	24.660605305766595	0.0062274255822642914
76.0	30.95030514385353	31.361315232282976	12.940590359945197	24.741561838336033	0.0062274255822642914
77.0	30.975214846182585	31.28035869971354	13.034001743679163	24.704197284842447	0.0062274255822642914
78.0	30.962759995018057	31.28035869971354	13.027774318096899	24.722879561589238	0.0062274255822642914
79.0	30.968987420600325	31.311495827624857	13.021546892514635	24.69174243367792	0.0062274255822642914
80.0	30.937850292689	31.29281355087807	13.040229169261428	24.722879561589238	0.0062274255822642914
81.0	30.956532569435797	31.311495827624857	12.98418233902105	24.741561838336033	0.0062274255822642914
82.0	30.93162286710674	31.392452360194294	12.977954913438786	24.69174243367792	0.0062274255822642914
83.0	30.925395441524472	31.361315232282976	13.027774318096899	24.67928758251339	0.0062274255822642914
84.0	30.925395441524472	31.36754265786524	12.990409764603314	24.71042471042471	0.0062274255822642914
85.0	30.894258313613154	31.311495827624857	13.05891144600822	24.729106987171505	0.0062274255822642914
86.0	30.981442271764852	31.379997509029767	12.98418233902105	24.648150454602067	0.0062274255822642914
87.0	30.93162286710674	31.36754265786524	12.946817785527461	24.747789263918296	0.0062274255822642914
88.0	30.85689376011957	31.379997509029767	13.002864615767843	24.75401668950056	0.0062274255822642914
89.0	30.881803462448627	31.379997509029767	13.009092041350106	24.722879561589238	0.0062274255822642914
90.0	30.87557603686636	31.41113463694109	12.98418233902105	24.722879561589238	0.0062274255822642914
91.0	30.962759995018057	31.342632955536182	12.971727487856521	24.716652136006974	0.0062274255822642914
92.0	30.844438908955034	31.404907211358825	13.021546892514635	24.722879561589238	0.0062274255822642914
93.0	30.95030514385353	31.348860381118442	12.996637190185577	24.697969859260184	0.0062274255822642914
94.0	30.831984057790507	31.454726616016938	12.903225806451612	24.803836094158672	0.0062274255822642914
95.0	30.93162286710674	31.39867978577656	12.965500062274254	24.697969859260184	0.0062274255822642914
96.0	30.912940590359945	31.35508780670071	12.95927263669199	24.766471540665087	0.0062274255822642914
97.0	30.925395441524472	31.404907211358825	12.940590359945197	24.722879561589238	0.0062274255822642914
98.0	30.90671316477768	31.392452360194294	12.95927263669199	24.73533441275377	0.0062274255822642914
99.0	30.962759995018057	31.305268402042596	12.98418233902105	24.741561838336033	0.0062274255822642914
100.0	30.937850292689	31.392452360194294	12.946817785527461	24.716652136006974	0.0062274255822642914
101.0	30.987669697347116	31.29904097646033	12.95927263669199	24.747789263918296	0.0062274255822642914
102.0	30.894258313613154	31.41113463694109	12.940590359945197	24.747789263918296	0.0062274255822642914
103.0	30.925395441524472	31.373770083447504	12.878316104122556	24.816290945323203	0.0062274255822642914
104.0	30.968987420600325	31.35508780670071	12.92813550878067	24.741561838336033	0.0062274255822642914
105.0	30.962759995018057	31.311495827624857	12.946817785527461	24.772698966247354	0.0062274255822642914
106.0	30.981442271764852	31.361315232282976	12.946817785527461	24.704197284842447	0.0062274255822642914
107.0	30.956532569435797	31.35508780670071	12.940590359945197	24.741561838336033	0.0062274255822642914
108.0	30.900485739195418	31.311495827624857	12.98418233902105	24.79760866857641	0.0062274255822642914
109.0	31.08108108108108	31.28035869971354	12.890770955287085	24.741561838336033	0.0062274255822642914
110.0	30.981442271764852	31.36754265786524	12.859633827375763	24.78515381741188	0.0062274255822642914
111.0	30.95030514385353	31.311495827624857	12.946817785527461	24.78515381741188	0.0062274255822642914
112.0	31.068626229916553	31.379997509029767	12.903225806451612	24.641923029019804	0.0062274255822642914
113.0	31.00635197409391	31.317723253207124	12.909453232033878	24.760244115082823	0.0062274255822642914
114.0	30.987669697347116	31.323950678789387	12.940590359945197	24.741561838336033	0.0062274255822642914
115.0	31.01257939967617	31.336405529953915	12.903225806451612	24.741561838336033	0.0062274255822642914
116.0	30.993897122929383	31.36754265786524	12.946817785527461	24.685515008095653	0.0062274255822642914
117.0	30.993897122929383	31.361315232282976	12.934362934362934	24.704197284842447	0.0062274255822642914
118.0	30.944077718271267	31.392452360194294	12.903225806451612	24.75401668950056	0.0062274255822642914
119.0	31.01257939967617	31.336405529953915	12.88454352970482	24.760244115082823	0.0062274255822642914
120.0	31.068626229916553	31.305268402042596	12.953045211109727	24.666832731348862	0.0062274255822642914
121.0	31.00635197409391	31.386224934612034	12.847178976211234	24.75401668950056	0.0062274255822642914
122.0	31.03748910200523	31.348860381118442	12.903225806451612	24.704197284842447	0.0062274255822642914
123.0	30.956532569435797	31.404907211358825	12.92813550878067	24.704197284842447	0.0062274255822642914
124.0	30.962759995018057	31.386224934612034	12.909453232033878	24.73533441275377	0.0062274255822642914
125.0	31.06239880433429	31.36754265786524	12.84095155062897	24.722879561589238	0.0062274255822642914
126.0	30.981442271764852	31.249221571802217	12.953045211109727	24.81006351974094	0.0062274255822642914
127.0	31.068626229916553	31.361315232282976	12.8534064017935	24.71042471042471	0.0062274255822642914
128.0	31.031261676422968	31.311495827624857	12.915680657616141	24.73533441275377	0.0062274255822642914
129.0	30.968987420600325	31.29904097646033	12.934362934362934	24.791381242994145	0.0062274255822642914
130.0	31.068626229916553	31.36754265786524	12.8534064017935	24.704197284842447	0.0062274255822642914
131.0	31.00635197409391	31.361315232282976	12.828496699464441	24.79760866857641	0.0062274255822642914
132.0	31.03748910200523	31.361315232282976	12.903225806451612	24.69174243367792	0.0062274255822642914
133.0	30.944077718271267	31.323950678789387	12.88454352970482	24.84120064765226	0.0062274255822642914
134.0	31.018806825258437	31.348860381118442	12.915680657616141	24.71042471042471	0.0062274255822642914
135.0	31.025034250840704	31.336405529953915	12.890770955287085	24.741561838336033	0.0062274255822642914
136.0	31.031261676422968	31.336405529953915	12.816041848299914	24.81006351974094	0.0062274255822642914
137.0	31.093535932245608	31.27413127413127	12.921908083198405	24.704197284842447	0.0062274255822642914
138.0	31.074853655498817	31.317723253207124	12.859633827375763	24.741561838336033	0.0062274255822642914
139.0	31.06239880433429	31.305268402042596	12.921908083198405	24.704197284842447	0.0062274255822642914
140.0	31.043716527587495	31.336405529953915	12.92813550878067	24.685515008095653	0.0062274255822642914
141.0	31.031261676422968	31.330178104371655	12.95927263669199	24.673060156931125	0.0062274255822642914
142.0	30.993897122929383	31.379997509029767	12.909453232033878	24.71042471042471	0.0062274255822642914
143.0	30.993897122929383	31.317723253207124	12.915680657616141	24.766471540665087	0.0062274255822642914
144.0	31.13712791132146	31.29281355087807	12.872088678540292	24.69174243367792	0.0062274255822642914
145.0	31.018806825258437	31.29281355087807	12.946817785527461	24.73533441275377	0.0062274255822642914
146.0	31.093535932245608	31.323950678789387	12.859633827375763	24.716652136006974	0.0062274255822642914
147.0	31.018806825258437	31.342632955536182	12.921908083198405	24.71042471042471	0.0062274255822642914
148.0	31.049943953169763	31.317723253207124	12.934362934362934	24.69174243367792	0.0062274255822642914
149.0	31.031261676422968	31.361315232282976	12.915680657616141	24.685515008095653	0.0062274255822642914
