# Position (bp)	A	C	G	T	N
0.0	31.039989778970234	31.397725820876452	12.8976619394404	24.65823431710745	0.006388143605468251
1.0	30.86112175801712	31.436054682509262	13.038201098760698	24.65823431710745	0.006388143605468251
2.0	30.963332055704612	31.397725820876452	12.942378944678676	24.69017503513479	0.006388143605468251
3.0	30.867509901622586	31.480771687747538	13.031812955155232	24.61351731186917	0.006388143605468251
4.0	30.97610834291555	31.4488309697202	12.935990801073208	24.632681742685573	0.006388143605468251
5.0	30.867509901622586	31.41689025169286	13.038201098760698	24.671010604318386	0.006388143605468251
6.0	31.039989778970234	31.47438354414207	12.92960265746774	24.549635875814488	0.006388143605468251
7.0	30.867509901622586	31.461607256931135	13.006260380733359	24.65823431710745	0.006388143605468251
8.0	30.988884630126485	31.41689025169286	12.916826370256803	24.671010604318386	0.006388143605468251
9.0	30.778075891146035	31.47438354414207	13.04458924236617	24.69656317874026	0.006388143605468251
10.0	31.03360163536476	31.365785102849113	12.910438226651335	24.683786891529323	0.006388143605468251
11.0	30.810016609173374	31.41689025169286	13.057365529577106	24.709339465951192	0.006388143605468251
12.0	31.008049060942888	31.391337677270986	12.916826370256803	24.677398747923853	0.006388143605468251
13.0	30.85473361441165	31.41050210808739	13.089306247604446	24.639069886291043	0.006388143605468251
14.0	30.963332055704612	31.321068097610834	12.96154337549508	24.747668327584005	0.006388143605468251
15.0	30.873898045228053	31.404113964481922	13.057365529577106	24.65823431710745	0.006388143605468251
16.0	30.91222690686087	31.365785102849113	12.99987223712789	24.715727609556662	0.006388143605468251
17.0	30.85473361441165	31.37856139006005	13.038201098760698	24.72211575316213	0.006388143605468251
18.0	30.9058387632554	31.3274562412163	12.987095949916954	24.77322090200588	0.006388143605468251
19.0	30.931391337677272	31.340232528427237	13.070141816788041	24.651846173501983	0.006388143605468251
20.0	30.873898045228053	31.37856139006005	13.019036667944295	24.72211575316213	0.006388143605468251
21.0	30.848345470806183	31.276351092372558	13.057365529577106	24.811549763638688	0.006388143605468251
22.0	30.982496486521015	31.314679954005364	13.019036667944295	24.677398747923853	0.006388143605468251
23.0	30.848345470806183	31.340232528427237	13.04458924236617	24.76044461479494	0.006388143605468251
24.0	30.93777948128274	31.282739235978024	13.031812955155232	24.741280183978535	0.006388143605468251
25.0	30.85473361441165	31.346620672032703	13.070141816788041	24.72211575316213	0.006388143605468251
26.0	30.94416762488821	31.308291810399897	13.006260380733359	24.73489204037307	0.006388143605468251
27.0	30.918615050466336	31.37856139006005	12.99987223712789	24.69656317874026	0.006388143605468251
28.0	30.867509901622586	31.37856139006005	12.993484093522422	24.75405647118947	0.006388143605468251
29.0	30.956943912099145	31.3274562412163	13.012648524338827	24.69656317874026	0.006388143605468251
30.0	30.886674332438997	31.346620672032703	13.038201098760698	24.72211575316213	0.006388143605468251
31.0	30.969720199310082	31.282739235978024	13.038201098760698	24.702951322345726	0.006388143605468251
32.0	30.931391337677272	31.365785102849113	13.012648524338827	24.683786891529323	0.006388143605468251
33.0	30.918615050466336	31.340232528427237	13.063753673182573	24.671010604318386	0.006388143605468251
34.0	31.014437204548358	31.250798517950685	13.050977385971638	24.677398747923853	0.006388143605468251
35.0	30.86112175801712	31.41689025169286	13.012648524338827	24.702951322345726	0.006388143605468251
36.0	30.969720199310082	31.314679954005364	13.012648524338827	24.69656317874026	0.006388143605468251
37.0	30.91222690686087	31.282739235978024	13.012648524338827	24.785997189216815	0.006388143605468251
38.0	30.982496486521015	31.372173246454583	12.97431966270602	24.664622460712916	0.006388143605468251
39.0	30.931391337677272	31.276351092372558	12.99987223712789	24.785997189216815	0.006388143605468251
40.0	31.020825348153824	31.29551552318896	12.96154337549508	24.715727609556662	0.006388143605468251
41.0	30.94416762488821	31.244410374345215	13.127635109237257	24.677398747923853	0.006388143605468251
42.0	31.039989778970234	31.28912737958349	12.942378944678676	24.72211575316213	0.006388143605468251
43.0	30.94416762488821	31.301903666794427	13.038201098760698	24.709339465951192	0.006388143605468251
44.0	30.956943912099145	31.37856139006005	12.942378944678676	24.715727609556662	0.006388143605468251
45.0	30.94416762488821	31.276351092372558	12.993484093522422	24.779609045611345	0.006388143605468251
46.0	30.950555768493675	31.353008815638177	13.012648524338827	24.677398747923853	0.006388143605468251
47.0	30.886674332438997	31.29551552318896	13.04458924236617	24.766832758400408	0.006388143605468251
48.0	31.02721349175929	31.244410374345215	13.012648524338827	24.709339465951192	0.006388143605468251
49.0	30.969720199310082	31.308291810399897	13.050977385971638	24.664622460712916	0.006388143605468251
50.0	31.02721349175929	31.18052893829053	13.019036667944295	24.766832758400408	0.006388143605468251
51.0	30.956943912099145	31.282739235978024	12.96154337549508	24.79238533282228	0.006388143605468251
52.0	31.00166091733742	31.282739235978024	12.993484093522422	24.715727609556662	0.006388143605468251
53.0	30.956943912099145	31.28912737958349	12.987095949916954	24.76044461479494	0.006388143605468251
54.0	31.00166091733742	31.269962948767088	12.99987223712789	24.72211575316213	0.006388143605468251
55.0	30.93777948128274	31.301903666794427	12.99987223712789	24.75405647118947	0.006388143605468251
56.0	30.969720199310082	31.238022230739748	13.025424811549764	24.76044461479494	0.006388143605468251
57.0	30.94416762488821	31.314679954005364	13.019036667944295	24.715727609556662	0.006388143605468251
58.0	31.00166091733742	31.353008815638177	12.96154337549508	24.677398747923853	0.006388143605468251
59.0	30.969720199310082	31.238022230739748	13.050977385971638	24.73489204037307	0.006388143605468251
60.0	31.00166091733742	31.397725820876452	12.948767088284145	24.64545802989651	0.006388143605468251
61.0	30.925003194071802	31.340232528427237	12.987095949916954	24.741280183978535	0.006388143605468251
62.0	30.988884630126485	31.346620672032703	12.97431966270602	24.683786891529323	0.006388143605468251
63.0	30.94416762488821	31.33384438482177	12.967931519100551	24.747668327584005	0.006388143605468251
64.0	31.008049060942888	31.359396959243647	12.916826370256803	24.709339465951192	0.006388143605468251
65.0	30.97610834291555	31.340232528427237	12.967931519100551	24.709339465951192	0.006388143605468251
66.0	30.950555768493675	31.404113964481922	12.97431966270602	24.664622460712916	0.006388143605468251
67.0	30.97610834291555	31.359396959243647	12.967931519100551	24.69017503513479	0.006388143605468251
68.0	30.918615050466336	31.346620672032703	12.96154337549508	24.766832758400408	0.006388143605468251
69.0	31.03360163536476	31.3274562412163	12.92960265746774	24.702951322345726	0.006388143605468251
70.0	31.008049060942888	31.308291810399897	12.97431966270602	24.702951322345726	0.006388143605468251
71.0	30.950555768493675	31.41050210808739	12.935990801073208	24.69656317874026	0.006388143605468251
72.0	30.97610834291555	31.41050210808739	12.948767088284145	24.65823431710745	0.006388143605468251
73.0	30.97610834291555	31.404113964481922	12.92960265746774	24.683786891529323	0.006388143605468251
74.0	30.950555768493675	31.37856139006005	13.019036667944295	24.64545802989651	0.006388143605468251
75.0	31.014437204548358	31.28912737958349	12.942378944678676	24.747668327584005	0.006388143605468251
76.0	30.99527277373195	31.282739235978024	13.006260380733359	24.709339465951192	0.006388143605468251
77.0	30.97610834291555	31.340232528427237	12.987095949916954	24.69017503513479	0.006388143605468251
78.0	31.039989778970234	31.308291810399897	12.980707806311486	24.664622460712916	0.006388143605468251
79.0	30.94416762488821	31.282739235978024	12.96154337549508	24.805161620033218	0.006388143605468251
80.0	30.925003194071802	31.372173246454583	13.012648524338827	24.683786891529323	0.006388143605468251
81.0	31.00166091733742	31.244410374345215	12.955155231889611	24.79238533282228	0.006388143605468251
82.0	30.9058387632554	31.346620672032703	13.057365529577106	24.683786891529323	0.006388143605468251
83.0	30.97610834291555	31.353008815638177	12.97431966270602	24.69017503513479	0.006388143605468251
84.0	30.918615050466336	31.28912737958349	13.019036667944295	24.766832758400408	0.006388143605468251
85.0	30.982496486521015	31.365785102849113	12.923214513862272	24.72211575316213	0.006388143605468251
86.0	30.94416762488821	31.365785102849113	13.019036667944295	24.664622460712916	0.006388143605468251
87.0	30.963332055704612	31.314679954005364	12.923214513862272	24.79238533282228	0.006388143605468251
88.0	30.867509901622586	31.423278395298325	13.04458924236617	24.65823431710745	0.006388143605468251
89.0	30.988884630126485	31.38494953366552	12.942378944678676	24.677398747923853	0.006388143605468251
90.0	30.880286188833523	31.353008815638177	13.063753673182573	24.69656317874026	0.006388143605468251
91.0	30.94416762488821	31.340232528427237	12.97431966270602	24.73489204037307	0.006388143605468251
92.0	30.956943912099145	31.37856139006005	13.006260380733359	24.651846173501983	0.006388143605468251
93.0	30.93777948128274	31.4488309697202	12.865721221413057	24.741280183978535	0.006388143605468251
94.0	30.97610834291555	31.301903666794427	12.993484093522422	24.72211575316213	0.006388143605468251
95.0	30.93777948128274	31.436054682509262	12.878497508623992	24.741280183978535	0.006388143605468251
96.0	30.9058387632554	31.321068097610834	12.993484093522422	24.77322090200588	0.006388143605468251
97.0	30.9058387632554	31.51910054938035	12.891273795834932	24.677398747923853	0.006388143605468251
98.0	30.939755957324472	31.39973168082796	12.968759982112054	24.69175237973551	0.0
