# Position (bp)	A	C	G	T	N
0.0	31.0312441299856	31.28795942646046	12.986037192411246	24.688497902448187	0.006261348694508798
1.0	31.01872143259658	31.356834262100058	12.898378310688122	24.719804645920732	0.006261348694508798
2.0	31.024982781291087	31.38187965687809	12.929685054160666	24.657191158975643	0.006261348694508798
3.0	30.98115334042953	31.313004821238493	12.986037192411246	24.713543297226224	0.006261348694508798
4.0	30.949846596956988	31.413186400350636	12.91716235677165	24.713543297226224	0.006261348694508798
5.0	31.01872143259658	31.369356959489075	12.90463965938263	24.701020599837207	0.006261348694508798
6.0	31.006198735207562	31.313004821238493	12.986037192411246	24.688497902448187	0.006261348694508798
7.0	30.91853985348444	31.43197044643416	12.929685054160666	24.713543297226224	0.006261348694508798
8.0	30.962369294346004	31.400663702961616	12.967253146327721	24.663452507670154	0.006261348694508798
9.0	30.98115334042953	31.43197044643416	12.873332915910089	24.707281948531715	0.006261348694508798
10.0	31.01246008390207	31.300482123849477	12.935946402855174	24.744850040698765	0.006261348694508798
11.0	30.924801202178948	31.363095610794566	12.967253146327721	24.738588692004257	0.006261348694508798
12.0	30.968630643040512	31.43197044643416	12.910901008077138	24.68223655375368	0.006261348694508798
13.0	30.962369294346004	31.306743472543985	12.948469100244193	24.77615678417131	0.006261348694508798
14.0	31.037505478680107	31.331788867322018	12.942207751549685	24.68223655375368	0.006261348694508798
15.0	30.88097176131739	31.400663702961616	12.986037192411246	24.72606599461524	0.006261348694508798
16.0	30.999937386513054	31.34431156471104	12.948469100244193	24.701020599837207	0.006261348694508798
17.0	30.937323899567964	31.369356959489075	12.986037192411246	24.701020599837207	0.006261348694508798
18.0	30.98115334042953	31.319266169933	12.986037192411246	24.707281948531715	0.006261348694508798
19.0	30.906017156095423	31.356834262100058	12.96099179763321	24.7698954354768	0.006261348694508798
20.0	30.949846596956988	31.356834262100058	12.992298541105754	24.694759251142695	0.006261348694508798
21.0	30.98115334042953	31.23160728820988	13.00482123849477	24.77615678417131	0.006261348694508798
22.0	30.893494458706407	31.43197044643416	12.979775843716737	24.688497902448187	0.006261348694508798
23.0	30.98115334042953	31.29422077515497	13.029866633272807	24.688497902448187	0.006261348694508798
24.0	30.8872331100119	31.34431156471104	12.967253146327721	24.794940830254834	0.006261348694508798
25.0	30.968630643040512	31.338050216016526	12.96099179763321	24.72606599461524	0.006261348694508798
26.0	30.906017156095423	31.331788867322018	13.067434725439862	24.688497902448187	0.006261348694508798
27.0	30.899755807400915	31.35057291340555	13.029866633272807	24.713543297226224	0.006261348694508798
28.0	30.899755807400915	31.34431156471104	12.97351449502223	24.77615678417131	0.006261348694508798
29.0	30.937323899567964	31.313004821238493	13.054912028050841	24.688497902448187	0.006261348694508798
30.0	30.906017156095423	31.300482123849477	13.011082587189279	24.77615678417131	0.006261348694508798
31.0	30.937323899567964	31.369356959489075	13.01734393588379	24.669713856364663	0.006261348694508798
32.0	30.949846596956988	31.356834262100058	13.042389330661825	24.644668461586626	0.006261348694508798
33.0	30.968630643040512	31.269175380376936	13.067434725439862	24.688497902448187	0.006261348694508798
34.0	30.893494458706407	31.369356959489075	13.042389330661825	24.688497902448187	0.006261348694508798
35.0	30.98115334042953	31.262914031682428	13.054912028050841	24.694759251142695	0.006261348694508798
36.0	30.937323899567964	31.34431156471104	13.048650679356333	24.663452507670154	0.006261348694508798
37.0	30.968630643040512	31.35057291340555	13.01734393588379	24.657191158975643	0.006261348694508798
38.0	30.98115334042953	31.23160728820988	13.048650679356333	24.73232734330975	0.006261348694508798
39.0	30.91227850478993	31.300482123849477	13.01734393588379	24.763634086782293	0.006261348694508798
40.0	30.906017156095423	31.338050216016526	13.01734393588379	24.73232734330975	0.006261348694508798
41.0	30.91853985348444	31.306743472543985	13.048650679356333	24.719804645920732	0.006261348694508798
42.0	30.962369294346004	31.313004821238493	12.998559889800262	24.719804645920732	0.006261348694508798
43.0	30.86844906392837	31.262914031682428	13.07369607413437	24.788679481560326	0.006261348694508798
44.0	30.968630643040512	31.306743472543985	13.067434725439862	24.650929810281134	0.006261348694508798
45.0	31.01872143259658	31.212823242126355	13.023605284578299	24.738588692004257	0.006261348694508798
46.0	30.987414689124037	31.29422077515497	13.029866633272807	24.68223655375368	0.006261348694508798
47.0	30.949846596956988	31.356834262100058	13.048650679356333	24.638407112892118	0.006261348694508798
48.0	31.0312441299856	31.25665268298792	12.967253146327721	24.738588692004257	0.006261348694508798
49.0	30.94358524826248	31.2441299855989	13.042389330661825	24.763634086782293	0.006261348694508798
50.0	30.999937386513054	31.275436729071444	13.048650679356333	24.669713856364663	0.006261348694508798
51.0	31.056289524763635	31.306743472543985	13.042389330661825	24.588316323336045	0.006261348694508798
52.0	30.91227850478993	31.269175380376936	13.00482123849477	24.807463527643854	0.006261348694508798
53.0	30.94358524826248	31.275436729071444	13.036127981967315	24.738588692004257	0.006261348694508798
54.0	30.924801202178948	31.319266169933	13.098741468912403	24.650929810281134	0.006261348694508798
55.0	30.97489199173502	31.25665268298792	13.029866633272807	24.73232734330975	0.006261348694508798
56.0	30.98115334042953	31.300482123849477	13.048650679356333	24.663452507670154	0.006261348694508798
57.0	30.91227850478993	31.331788867322018	13.067434725439862	24.68223655375368	0.006261348694508798
58.0	30.987414689124037	31.275436729071444	13.067434725439862	24.663452507670154	0.006261348694508798
59.0	30.98115334042953	31.28795942646046	13.067434725439862	24.657191158975643	0.006261348694508798
60.0	30.937323899567964	31.338050216016526	13.023605284578299	24.694759251142695	0.006261348694508798
61.0	30.993676037818545	31.28795942646046	13.10500281760691	24.607100369419573	0.006261348694508798
62.0	30.987414689124037	31.356834262100058	13.023605284578299	24.625884415503098	0.006261348694508798
63.0	30.962369294346004	31.29422077515497	13.067434725439862	24.669713856364663	0.006261348694508798
64.0	31.006198735207562	31.319266169933	13.054912028050841	24.61336171811408	0.006261348694508798
65.0	30.962369294346004	31.28795942646046	13.06117337674535	24.68223655375368	0.006261348694508798
66.0	31.024982781291087	31.319266169933	13.054912028050841	24.594577672030553	0.006261348694508798
67.0	30.94358524826248	31.275436729071444	13.079957422828878	24.694759251142695	0.006261348694508798
68.0	31.01246008390207	31.28795942646046	13.042389330661825	24.650929810281134	0.006261348694508798
69.0	31.037505478680107	31.2441299855989	13.042389330661825	24.669713856364663	0.006261348694508798
70.0	30.94358524826248	31.35057291340555	13.01734393588379	24.68223655375368	0.006261348694508798
71.0	31.006198735207562	31.237868636904388	13.086218771523386	24.663452507670154	0.006261348694508798
72.0	31.024982781291087	31.23160728820988	13.048650679356333	24.688497902448187	0.006261348694508798
73.0	30.962369294346004	31.32552751862751	13.029866633272807	24.67597520505917	0.006261348694508798
74.0	30.98115334042953	31.281698077765952	12.992298541105754	24.738588692004257	0.006261348694508798
75.0	30.987414689124037	31.300482123849477	13.06117337674535	24.644668461586626	0.006261348694508798
76.0	30.937323899567964	31.363095610794566	12.967253146327721	24.72606599461524	0.006261348694508798
77.0	30.97489199173502	31.269175380376936	13.054912028050841	24.694759251142695	0.006261348694508798
78.0	30.956107945651496	31.281698077765952	13.036127981967315	24.719804645920732	0.006261348694508798
79.0	30.949846596956988	31.313004821238493	13.042389330661825	24.688497902448187	0.006261348694508798
80.0	30.956107945651496	31.250391334293408	13.06117337674535	24.72606599461524	0.006261348694508798
81.0	30.962369294346004	31.275436729071444	13.00482123849477	24.751111389393277	0.006261348694508798
82.0	30.937323899567964	31.363095610794566	13.011082587189279	24.68223655375368	0.006261348694508798
83.0	30.937323899567964	31.331788867322018	13.048650679356333	24.67597520505917	0.006261348694508798
84.0	30.91227850478993	31.369356959489075	13.011082587189279	24.701020599837207	0.006261348694508798
85.0	30.8872331100119	31.313004821238493	13.06117337674535	24.73232734330975	0.006261348694508798
86.0	30.97489199173502	31.375618308183583	12.979775843716737	24.663452507670154	0.006261348694508798
87.0	30.962369294346004	31.338050216016526	12.954730448938701	24.738588692004257	0.006261348694508798
88.0	30.86844906392837	31.34431156471104	13.01734393588379	24.763634086782293	0.006261348694508798
89.0	30.8872331100119	31.35057291340555	13.01734393588379	24.738588692004257	0.006261348694508798
90.0	30.906017156095423	31.356834262100058	12.992298541105754	24.738588692004257	0.006261348694508798
91.0	30.987414689124037	31.32552751862751	12.967253146327721	24.713543297226224	0.006261348694508798
92.0	30.843403669150337	31.369356959489075	13.042389330661825	24.738588692004257	0.006261348694508798
93.0	30.968630643040512	31.306743472543985	13.00482123849477	24.713543297226224	0.006261348694508798
94.0	30.849665017844845	31.43197044643416	12.910901008077138	24.801202178949346	0.006261348694508798
95.0	30.924801202178948	31.375618308183583	12.979775843716737	24.713543297226224	0.006261348694508798
96.0	30.968630643040512	31.313004821238493	12.954730448938701	24.757372738087785	0.006261348694508798
97.0	30.94358524826248	31.369356959489075	12.942207751549685	24.738588692004257	0.006261348694508798
98.0	30.931062550873456	31.338050216016526	12.967253146327721	24.757372738087785	0.006261348694508798
99.0	30.999937386513054	31.2441299855989	12.992298541105754	24.757372738087785	0.006261348694508798
100.0	30.956107945651496	31.35057291340555	12.954730448938701	24.73232734330975	0.006261348694508798
101.0	31.024982781291087	31.262914031682428	12.954730448938701	24.751111389393277	0.006261348694508798
102.0	30.893494458706407	31.394402354267108	12.954730448938701	24.751111389393277	0.006261348694508798
103.0	30.949846596956988	31.363095610794566	12.873332915910089	24.807463527643854	0.006261348694508798
104.0	30.98115334042953	31.338050216016526	12.923423705466158	24.751111389393277	0.006261348694508798
105.0	30.98115334042953	31.281698077765952	12.942207751549685	24.788679481560326	0.006261348694508798
106.0	31.037505478680107	31.300482123849477	12.948469100244193	24.707281948531715	0.006261348694508798
107.0	30.968630643040512	31.331788867322018	12.948469100244193	24.744850040698765	0.006261348694508798
108.0	30.906017156095423	31.300482123849477	12.986037192411246	24.801202178949346	0.006261348694508798
109.0	31.12516436040323	31.22534593951537	12.892116961993613	24.751111389393277	0.006261348694508798
110.0	30.999937386513054	31.34431156471104	12.860810218521069	24.788679481560326	0.006261348694508798
111.0	30.968630643040512	31.281698077765952	12.954730448938701	24.788679481560326	0.006261348694508798
112.0	31.08759626823618	31.35057291340555	12.892116961993613	24.663452507670154	0.006261348694508798
113.0	31.04376682737462	31.281698077765952	12.90463965938263	24.763634086782293	0.006261348694508798
114.0	30.987414689124037	31.29422077515497	12.942207751549685	24.7698954354768	0.006261348694508798
115.0	31.04376682737462	31.306743472543985	12.879594264604597	24.763634086782293	0.006261348694508798
116.0	31.006198735207562	31.313004821238493	12.948469100244193	24.72606599461524	0.006261348694508798
117.0	31.024982781291087	31.29422077515497	12.929685054160666	24.744850040698765	0.006261348694508798
118.0	30.987414689124037	31.32552751862751	12.898378310688122	24.782418132865818	0.006261348694508798
119.0	31.024982781291087	31.28795942646046	12.892116961993613	24.788679481560326	0.006261348694508798
120.0	31.100118965625196	31.275436729071444	12.942207751549685	24.67597520505917	0.006261348694508798
121.0	31.037505478680107	31.338050216016526	12.85454886982656	24.763634086782293	0.006261348694508798
122.0	31.062550873458143	31.306743472543985	12.898378310688122	24.72606599461524	0.006261348694508798
123.0	30.98115334042953	31.356834262100058	12.923423705466158	24.73232734330975	0.006261348694508798
124.0	30.993676037818545	31.338050216016526	12.91716235677165	24.744850040698765	0.006261348694508798
125.0	31.106380314319704	31.319266169933	12.829503475048526	24.738588692004257	0.006261348694508798
126.0	31.01246008390207	31.206561893431843	12.954730448938701	24.81998622503287	0.006261348694508798
127.0	31.100118965625196	31.34431156471104	12.84828752113205	24.701020599837207	0.006261348694508798
128.0	31.056289524763635	31.29422077515497	12.90463965938263	24.738588692004257	0.006261348694508798
129.0	31.01246008390207	31.237868636904388	12.923423705466158	24.81998622503287	0.006261348694508798
130.0	31.093857616930688	31.32552751862751	12.873332915910089	24.701020599837207	0.006261348694508798
131.0	31.024982781291087	31.338050216016526	12.835764823743034	24.794940830254834	0.006261348694508798
132.0	31.056289524763635	31.338050216016526	12.898378310688122	24.701020599837207	0.006261348694508798
133.0	30.98115334042953	31.281698077765952	12.879594264604597	24.85129296850542	0.006261348694508798
134.0	31.06881222215265	31.306743472543985	12.892116961993613	24.72606599461524	0.006261348694508798
135.0	31.050028176069127	31.306743472543985	12.879594264604597	24.757372738087785	0.006261348694508798
136.0	31.037505478680107	31.313004821238493	12.823242126354018	24.81998622503287	0.006261348694508798
137.0	31.112641663014212	31.262914031682428	12.910901008077138	24.707281948531715	0.006261348694508798
138.0	31.08759626823618	31.319266169933	12.85454886982656	24.73232734330975	0.006261348694508798
139.0	31.075073570847163	31.281698077765952	12.910901008077138	24.72606599461524	0.006261348694508798
140.0	31.056289524763635	31.313004821238493	12.91716235677165	24.707281948531715	0.006261348694508798
141.0	31.04376682737462	31.306743472543985	12.948469100244193	24.694759251142695	0.006261348694508798
142.0	31.0312441299856	31.363095610794566	12.879594264604597	24.719804645920732	0.006261348694508798
143.0	31.01246008390207	31.28795942646046	12.898378310688122	24.794940830254834	0.006261348694508798
144.0	31.14394840648676	31.29422077515497	12.84828752113205	24.707281948531715	0.006261348694508798
145.0	31.024982781291087	31.275436729071444	12.935946402855174	24.757372738087785	0.006261348694508798
146.0	31.131425709097737	31.275436729071444	12.860810218521069	24.72606599461524	0.006261348694508798
147.0	31.01872143259658	31.306743472543985	12.929685054160666	24.738588692004257	0.006261348694508798
148.0	31.056289524763635	31.313004821238493	12.91716235677165	24.707281948531715	0.006261348694508798
149.0	31.056289524763635	31.306743472543985	12.929685054160666	24.701020599837207	0.006261348694508798
