# Position (bp)	A	C	G	T	N
0.0	31.039540816326532	31.36479591836735	12.901785714285715	24.6875	0.006377551020408163
1.0	30.892857142857146	31.39030612244898	13.042091836734693	24.668367346938773	0.006377551020408163
2.0	30.96938775510204	31.36479591836735	12.95280612244898	24.706632653061224	0.006377551020408163
3.0	30.86734693877551	31.454081632653065	13.035714285714286	24.636479591836736	0.006377551020408163
4.0	30.988520408163268	31.409438775510207	12.946428571428573	24.64923469387755	0.006377551020408163
5.0	30.886479591836736	31.377551020408163	13.035714285714286	24.693877551020407	0.006377551020408163
6.0	31.052295918367346	31.434948979591837	12.940051020408164	24.566326530612244	0.006377551020408163
7.0	30.905612244897956	31.41581632653061	13.003826530612244	24.668367346938773	0.006377551020408163
8.0	31.001275510204078	31.358418367346943	12.933673469387754	24.700255102040817	0.006377551020408163
9.0	30.809948979591837	31.434948979591837	13.048469387755102	24.700255102040817	0.006377551020408163
10.0	31.052295918367346	31.320153061224488	12.927295918367346	24.693877551020407	0.006377551020408163
11.0	30.82908163265306	31.377551020408163	13.05484693877551	24.732142857142858	0.006377551020408163
12.0	31.001275510204078	31.326530612244895	12.946428571428573	24.71938775510204	0.006377551020408163
13.0	30.880102040816325	31.358418367346943	13.086734693877549	24.668367346938773	0.006377551020408163
14.0	30.988520408163268	31.25637755102041	12.98469387755102	24.7640306122449	0.006377551020408163
15.0	30.886479591836736	31.358418367346943	13.05484693877551	24.693877551020407	0.006377551020408163
16.0	30.9375	31.320153061224488	13.02295918367347	24.71301020408163	0.006377551020408163
17.0	30.86734693877551	31.339285714285715	13.048469387755102	24.738520408163264	0.006377551020408163
18.0	30.918367346938773	31.301020408163264	13.010204081632654	24.7640306122449	0.006377551020408163
19.0	30.9375	31.320153061224488	13.086734693877549	24.64923469387755	0.006377551020408163
20.0	30.886479591836736	31.345663265306122	13.035714285714286	24.725765306122447	0.006377551020408163
21.0	30.87372448979592	31.237244897959183	13.05484693877551	24.82780612244898	0.006377551020408163
22.0	31.0140306122449	31.269132653061227	13.035714285714286	24.674744897959183	0.006377551020408163
23.0	30.87372448979592	31.301020408163264	13.05484693877551	24.7640306122449	0.006377551020408163
24.0	30.982142857142858	31.22448979591837	13.042091836734693	24.744897959183675	0.006377551020408163
25.0	30.905612244897956	31.320153061224488	13.073979591836734	24.693877551020407	0.006377551020408163
26.0	30.94387755102041	31.294642857142858	13.010204081632654	24.744897959183675	0.006377551020408163
27.0	30.924744897959183	31.339285714285715	13.016581632653063	24.71301020408163	0.006377551020408163
28.0	30.905612244897956	31.339285714285715	13.003826530612244	24.744897959183675	0.006377551020408163
29.0	30.982142857142858	31.301020408163264	13.003826530612244	24.706632653061224	0.006377551020408163
30.0	30.924744897959183	31.326530612244895	13.035714285714286	24.706632653061224	0.006377551020408163
31.0	30.956632653061224	31.27551020408163	13.048469387755102	24.71301020408163	0.006377551020408163
32.0	30.988520408163268	31.313775510204085	13.02295918367347	24.668367346938773	0.006377551020408163
33.0	30.95025510204082	31.307397959183675	13.067602040816325	24.668367346938773	0.006377551020408163
34.0	31.033163265306126	31.230867346938773	13.05484693877551	24.674744897959183	0.006377551020408163
35.0	30.892857142857146	31.358418367346943	13.02295918367347	24.71938775510204	0.006377551020408163
36.0	30.994897959183675	31.269132653061227	13.02295918367347	24.706632653061224	0.006377551020408163
37.0	30.9375	31.25637755102041	13.029336734693878	24.770408163265305	0.006377551020408163
38.0	30.982142857142858	31.345663265306122	12.98469387755102	24.681122448979593	0.006377551020408163
39.0	30.931122448979593	31.25637755102041	13.016581632653063	24.78954081632653	0.006377551020408163
40.0	31.052295918367346	31.269132653061227	12.959183673469388	24.71301020408163	0.006377551020408163
41.0	30.924744897959183	31.25	13.137755102040815	24.681122448979593	0.006377551020408163
42.0	31.045918367346935	31.269132653061227	12.95280612244898	24.725765306122447	0.006377551020408163
43.0	30.931122448979593	31.307397959183675	13.048469387755102	24.706632653061224	0.006377551020408163
44.0	30.94387755102041	31.377551020408163	12.946428571428573	24.725765306122447	0.006377551020408163
45.0	30.95025510204082	31.262755102040817	12.997448979591836	24.783163265306122	0.006377551020408163
46.0	30.94387755102041	31.339285714285715	13.035714285714286	24.674744897959183	0.006377551020408163
47.0	30.892857142857146	31.269132653061227	13.05484693877551	24.776785714285715	0.006377551020408163
48.0	31.026785714285715	31.237244897959183	13.016581632653063	24.71301020408163	0.006377551020408163
49.0	30.994897959183675	31.294642857142858	13.061224489795919	24.642857142857146	0.006377551020408163
50.0	31.0140306122449	31.179846938775512	13.02295918367347	24.776785714285715	0.006377551020408163
51.0	30.9375	31.294642857142858	12.971938775510203	24.78954081632653	0.006377551020408163
52.0	31.001275510204078	31.27551020408163	12.991071428571429	24.725765306122447	0.006377551020408163
53.0	30.9375	31.313775510204085	13.003826530612244	24.738520408163264	0.006377551020408163
54.0	31.007653061224488	31.28188775510204	12.991071428571429	24.71301020408163	0.006377551020408163
55.0	30.9375	31.294642857142858	13.010204081632654	24.75127551020408	0.006377551020408163
56.0	30.96301020408163	31.25	13.016581632653063	24.7640306122449	0.006377551020408163
57.0	30.95025510204082	31.339285714285715	13.029336734693878	24.674744897959183	0.006377551020408163
58.0	30.975765306122447	31.371173469387752	12.959183673469388	24.6875	0.006377551020408163
59.0	30.96938775510204	31.21811224489796	13.048469387755102	24.75765306122449	0.006377551020408163
60.0	30.975765306122447	31.41581632653061	12.95280612244898	24.64923469387755	0.006377551020408163
61.0	30.924744897959183	31.345663265306122	12.98469387755102	24.738520408163264	0.006377551020408163
62.0	30.982142857142858	31.332908163265305	12.978316326530612	24.700255102040817	0.006377551020408163
63.0	30.956632653061224	31.313775510204085	12.971938775510203	24.75127551020408	0.006377551020408163
64.0	31.001275510204078	31.36479591836735	12.901785714285715	24.725765306122447	0.006377551020408163
65.0	30.96301020408163	31.339285714285715	12.98469387755102	24.706632653061224	0.006377551020408163
66.0	30.96301020408163	31.39030612244898	12.965561224489797	24.674744897959183	0.006377551020408163
67.0	30.96938775510204	31.36479591836735	12.98469387755102	24.674744897959183	0.006377551020408163
68.0	30.931122448979593	31.339285714285715	12.946428571428573	24.776785714285715	0.006377551020408163
69.0	31.045918367346935	31.326530612244895	12.933673469387754	24.6875	0.006377551020408163
70.0	31.007653061224488	31.288265306122447	12.965561224489797	24.732142857142858	0.006377551020408163
71.0	30.975765306122447	31.39668367346939	12.933673469387754	24.6875	0.006377551020408163
72.0	30.96938775510204	31.41581632653061	12.946428571428573	24.66198979591837	0.006377551020408163
73.0	30.988520408163268	31.38392857142857	12.927295918367346	24.693877551020407	0.006377551020408163
74.0	30.918367346938773	31.38392857142857	13.010204081632654	24.681122448979593	0.006377551020408163
75.0	31.033163265306126	31.269132653061227	12.940051020408164	24.75127551020408	0.006377551020408163
76.0	31.001275510204078	31.27551020408163	13.003826530612244	24.71301020408163	0.006377551020408163
77.0	30.96301020408163	31.332908163265305	12.98469387755102	24.71301020408163	0.006377551020408163
78.0	31.033163265306126	31.301020408163264	12.965561224489797	24.693877551020407	0.006377551020408163
79.0	30.95025510204082	31.269132653061227	12.959183673469388	24.815051020408163	0.006377551020408163
80.0	30.924744897959183	31.36479591836735	13.003826530612244	24.700255102040817	0.006377551020408163
81.0	31.007653061224488	31.25	12.95280612244898	24.783163265306122	0.006377551020408163
82.0	30.860969387755098	31.36479591836735	13.042091836734693	24.725765306122447	0.006377551020408163
83.0	30.982142857142858	31.36479591836735	12.959183673469388	24.6875	0.006377551020408163
84.0	30.899234693877553	31.313775510204085	13.003826530612244	24.776785714285715	0.006377551020408163
85.0	30.96938775510204	31.36479591836735	12.91454081632653	24.744897959183675	0.006377551020408163
86.0	30.931122448979593	31.371173469387752	13.003826530612244	24.6875	0.006377551020408163
87.0	30.956632653061224	31.326530612244895	12.908163265306122	24.80229591836735	0.006377551020408163
88.0	30.854591836734695	31.428571428571427	13.035714285714286	24.674744897959183	0.006377551020408163
89.0	30.96938775510204	31.409438775510207	12.927295918367346	24.6875	0.006377551020408163
90.0	30.87372448979592	31.352040816326532	13.05484693877551	24.71301020408163	0.006377551020408163
91.0	30.94387755102041	31.36479591836735	12.959183673469388	24.725765306122447	0.006377551020408163
92.0	30.911989795918366	31.403061224489797	12.98469387755102	24.693877551020407	0.006377551020408163
93.0	30.9375	31.447704081632654	12.863520408163264	24.744897959183675	0.006377551020408163
94.0	30.96301020408163	31.307397959183675	12.978316326530612	24.744897959183675	0.006377551020408163
95.0	30.94387755102041	31.441326530612244	12.869897959183675	24.738520408163264	0.006377551020408163
96.0	30.87372448979592	31.352040816326532	12.978316326530612	24.78954081632653	0.006377551020408163
97.0	30.886479591836736	31.543367346938776	12.882653061224488	24.681122448979593	0.006377551020408163
98.0	30.913961349575864	31.417820014031506	12.953632246954525	24.7145863894381	0.0
