# Position (bp)	A	C	G	T	N
0.0	31.02189781021898	31.36124983992829	12.908182865923933	24.70226661544372	0.006402868485081316
1.0	30.83621462415162	31.40606991932386	13.061851709565886	24.689460878473557	0.006402868485081316
2.0	30.93225765142784	31.374055576898453	12.953002945319502	24.734280957869125	0.006402868485081316
3.0	30.83621462415162	31.444487130234343	13.061851709565886	24.65104366756307	0.006402868485081316
4.0	30.945063388398005	31.4252785247791	12.94019720834934	24.683058009988475	0.006402868485081316
5.0	30.829811755666537	31.380458445383532	13.055448841080805	24.727878089384046	0.006402868485081316
6.0	31.015494941733895	31.444487130234343	12.94019720834934	24.593417851197337	0.006402868485081316
7.0	30.84902036112178	31.4252785247791	13.017031630170317	24.70226661544372	0.006402868485081316
8.0	30.96427199385325	31.380458445383532	12.927391471379176	24.721475220898963	0.006402868485081316
9.0	30.772185939300805	31.438084261749268	13.061851709565886	24.721475220898963	0.006402868485081316
10.0	31.002689204763733	31.342041234473044	12.927391471379176	24.721475220898963	0.006402868485081316
11.0	30.791394544756052	31.386861313868614	13.055448841080805	24.759892431809448	0.006402868485081316
12.0	30.97707773082341	31.348444102958123	12.94019720834934	24.727878089384046	0.006402868485081316
13.0	30.823408887181458	31.374055576898453	13.093866051991293	24.70226661544372	0.006402868485081316
14.0	30.93866051991292	31.303624023562556	12.972211550774748	24.779101037264695	0.006402868485081316
15.0	30.84902036112178	31.386861313868614	13.055448841080805	24.70226661544372	0.006402868485081316
16.0	30.913049045972596	31.329235497502882	13.010628761685236	24.740683826354207	0.006402868485081316
17.0	30.83621462415162	31.348444102958123	13.055448841080805	24.75348956332437	0.006402868485081316
18.0	30.900243309002434	31.310026892047638	12.997823024715071	24.785503905749774	0.006402868485081316
19.0	30.925854782942757	31.310026892047638	13.087463183506209	24.670252273018313	0.006402868485081316
20.0	30.88103470354719	31.36124983992829	13.023434498655398	24.727878089384046	0.006402868485081316
21.0	30.86822896657703	31.245998207196823	13.055448841080805	24.823921116660262	0.006402868485081316
22.0	30.98348059930849	31.284415418107315	13.023434498655398	24.70226661544372	0.006402868485081316
23.0	30.874631835062104	31.310026892047638	13.04264310411064	24.766295300294534	0.006402868485081316
24.0	30.97707773082341	31.233192470226662	13.029837367140479	24.75348956332437	0.006402868485081316
25.0	30.887437572032272	31.310026892047638	13.068254578050967	24.727878089384046	0.006402868485081316
26.0	30.957869125368166	31.271609681137146	13.004225893200152	24.759892431809448	0.006402868485081316
27.0	30.925854782942757	31.348444102958123	13.004225893200152	24.71507235241388	0.006402868485081316
28.0	30.906646177487513	31.3228326290178	12.99142015622999	24.772698168779613	0.006402868485081316
29.0	30.98988346779357	31.297221155077477	13.004225893200152	24.70226661544372	0.006402868485081316
30.0	30.919451914457678	31.303624023562556	13.03624023562556	24.734280957869125	0.006402868485081316
31.0	30.970674862338328	31.252401075681906	13.03624023562556	24.734280957869125	0.006402868485081316
32.0	30.996286336278654	31.310026892047638	13.004225893200152	24.683058009988475	0.006402868485081316
33.0	30.957869125368166	31.29081828659239	13.061851709565886	24.683058009988475	0.006402868485081316
34.0	31.053912152644386	31.18837239083109	13.049045972595724	24.70226661544372	0.006402868485081316
35.0	30.906646177487513	31.367652708413367	13.010628761685236	24.708669483928798	0.006402868485081316
36.0	31.015494941733895	31.265206812652067	13.010628761685236	24.70226661544372	0.006402868485081316
37.0	30.95146625688308	31.252401075681906	13.010628761685236	24.779101037264695	0.006402868485081316
38.0	31.028300678704056	31.310026892047638	12.972211550774748	24.683058009988475	0.006402868485081316
39.0	30.96427199385325	31.233192470226662	12.99142015622999	24.80471251120502	0.006402868485081316
40.0	31.07952362658471	31.239595338711744	12.94019720834934	24.734280957869125	0.006402868485081316
41.0	30.957869125368166	31.233192470226662	13.113074657446536	24.689460878473557	0.006402868485081316
42.0	31.085926495069792	31.22678960174158	12.94019720834934	24.740683826354207	0.006402868485081316
43.0	30.96427199385325	31.27801254962223	13.029837367140479	24.721475220898963	0.006402868485081316
44.0	31.009092073248816	31.33563836598796	12.94019720834934	24.708669483928798	0.006402868485081316
45.0	30.98348059930849	31.252401075681906	12.978614419259829	24.779101037264695	0.006402868485081316
46.0	30.98988346779357	31.297221155077477	13.029837367140479	24.676655141503392	0.006402868485081316
47.0	30.93225765142784	31.245998207196823	13.04264310411064	24.772698168779613	0.006402868485081316
48.0	31.060315021129465	31.213983864771418	13.004225893200152	24.71507235241388	0.006402868485081316
49.0	31.02189781021898	31.265206812652067	13.049045972595724	24.65744653604815	0.006402868485081316
50.0	31.066717889614548	31.13714944295044	13.017031630170317	24.772698168779613	0.006402868485081316
51.0	30.98988346779357	31.252401075681906	12.965808682289664	24.785503905749774	0.006402868485081316
52.0	31.047509284159304	31.22678960174158	12.997823024715071	24.721475220898963	0.006402868485081316
53.0	30.98988346779357	31.265206812652067	13.004225893200152	24.734280957869125	0.006402868485081316
54.0	31.041106415674225	31.233192470226662	12.997823024715071	24.721475220898963	0.006402868485081316
55.0	30.98348059930849	31.258803944166985	13.010628761685236	24.740683826354207	0.006402868485081316
56.0	31.009092073248816	31.20758099628634	13.010628761685236	24.766295300294534	0.006402868485081316
57.0	30.98988346779357	31.27801254962223	13.029837367140479	24.695863746958636	0.006402868485081316
58.0	31.034703547189142	31.303624023562556	12.965808682289664	24.689460878473557	0.006402868485081316
59.0	31.02189781021898	31.18196952234601	13.049045972595724	24.740683826354207	0.006402868485081316
60.0	31.041106415674225	31.348444102958123	12.959405813804583	24.644640799077987	0.006402868485081316
61.0	30.98348059930849	31.29081828659239	12.978614419259829	24.740683826354207	0.006402868485081316
62.0	31.041106415674225	31.284415418107315	12.972211550774748	24.695863746958636	0.006402868485081316
63.0	31.015494941733895	31.27801254962223	12.965808682289664	24.734280957869125	0.006402868485081316
64.0	31.066717889614548	31.310026892047638	12.901779997438853	24.71507235241388	0.006402868485081316
65.0	31.009092073248816	31.310026892047638	12.978614419259829	24.695863746958636	0.006402868485081316
66.0	30.996286336278654	31.342041234473044	12.965808682289664	24.689460878473557	0.006402868485081316
67.0	31.02189781021898	31.3228326290178	12.98501728774491	24.66384940453323	0.006402868485081316
68.0	30.96427199385325	31.297221155077477	12.94019720834934	24.791906774234857	0.006402868485081316
69.0	31.07952362658471	31.29081828659239	12.94019720834934	24.683058009988475	0.006402868485081316
70.0	31.060315021129465	31.252401075681906	12.959405813804583	24.721475220898963	0.006402868485081316
71.0	31.02189781021898	31.36124983992829	12.93379433986426	24.676655141503392	0.006402868485081316
72.0	31.009092073248816	31.374055576898453	12.946600076834422	24.66384940453323	0.006402868485081316
73.0	31.034703547189142	31.348444102958123	12.927391471379176	24.683058009988475	0.006402868485081316
74.0	30.970674862338328	31.342041234473044	13.010628761685236	24.670252273018313	0.006402868485081316
75.0	31.053912152644386	31.233192470226662	12.946600076834422	24.759892431809448	0.006402868485081316
76.0	31.047509284159304	31.239595338711744	12.997823024715071	24.708669483928798	0.006402868485081316
77.0	31.009092073248816	31.284415418107315	12.98501728774491	24.71507235241388	0.006402868485081316
78.0	31.07952362658471	31.265206812652067	12.965808682289664	24.683058009988475	0.006402868485081316
79.0	30.98348059930849	31.245998207196823	12.959405813804583	24.80471251120502	0.006402868485081316
80.0	30.957869125368166	31.33563836598796	13.010628761685236	24.689460878473557	0.006402868485081316
81.0	31.060315021129465	31.18837239083109	12.959405813804583	24.785503905749774	0.006402868485081316
82.0	30.906646177487513	31.329235497502882	13.049045972595724	24.708669483928798	0.006402868485081316
83.0	31.02189781021898	31.31642976053272	12.978614419259829	24.676655141503392	0.006402868485081316
84.0	30.93866051991292	31.27801254962223	13.010628761685236	24.766295300294534	0.006402868485081316
85.0	31.02189781021898	31.3228326290178	12.914585734409014	24.734280957869125	0.006402868485081316
86.0	30.970674862338328	31.342041234473044	13.010628761685236	24.670252273018313	0.006402868485081316
87.0	30.996286336278654	31.29081828659239	12.914585734409014	24.791906774234857	0.006402868485081316
88.0	30.900243309002434	31.399667050838776	13.03624023562556	24.65744653604815	0.006402868485081316
89.0	31.002689204763733	31.348444102958123	12.94019720834934	24.70226661544372	0.006402868485081316
90.0	30.925854782942757	31.303624023562556	13.055448841080805	24.708669483928798	0.006402868485081316
91.0	30.98988346779357	31.31642976053272	12.965808682289664	24.721475220898963	0.006402868485081316
92.0	30.93866051991292	31.374055576898453	12.99142015622999	24.689460878473557	0.006402868485081316
93.0	30.98348059930849	31.40606991932386	12.863362786528365	24.740683826354207	0.006402868485081316
94.0	30.996286336278654	31.265206812652067	12.98501728774491	24.747086694839286	0.006402868485081316
95.0	30.98988346779357	31.399667050838776	12.869765655013445	24.734280957869125	0.006402868485081316
96.0	30.919451914457678	31.31642976053272	12.978614419259829	24.779101037264695	0.006402868485081316
97.0	30.925854782942757	31.495710078114996	12.882571391983607	24.689460878473557	0.006402868485081316
98.0	30.979061279375042	31.363257988089906	12.953832362169432	24.703848370365627	0.0
