#Position (bp)	Coverage
21.5	21.5
63.5	63.5
105.5	105.5
147.5	143.42857142857142
189.5	150.0
231.5	150.0
273.5	150.0
315.5	150.0
357.5	150.0
399.5	150.0
441.5	150.0
483.5	150.0
525.5	150.0
567.5	150.0
609.5	150.0
651.5	150.0
693.5	150.0
735.5	150.0
777.5	150.0
819.5	150.0
861.5	150.0
903.5	150.0
945.5	150.0
987.5	150.0
1029.5	143.5
1071.5	123.21428571428571
1113.5	112.97619047619048
1155.5	108.54761904761905
1197.5	122.71428571428571
1239.5	141.45238095238096
1281.5	147.5952380952381
1323.5	150.0
1365.5	150.0
1407.5	150.0
1449.5	150.0
1491.5	150.0
1533.5	150.0
1575.5	150.0
1617.5	150.0
1659.5	150.0
1701.5	150.0
1743.5	150.0
1785.5	150.0
1827.5	150.0
1869.5	150.0
1911.5	150.0
1953.5	150.0
1995.5	150.0
2037.5	150.0
2079.5	150.0
2121.5	150.0
2163.5	150.0
2205.5	150.0
2247.5	150.0
2289.5	150.0
2331.5	150.0
2373.5	150.0
2415.5	150.0
2457.5	150.0
2499.5	150.0
2541.5	150.0
2583.5	150.0
2625.5	150.0
2667.5	150.0
2709.5	150.0
2751.5	150.0
2793.5	150.0
2835.5	150.0
2877.5	150.0
2919.5	150.0
2961.5	150.0
3003.5	150.0
3045.5	150.0
3087.5	150.0
3129.5	150.0
3171.5	150.0
3213.5	150.0
3255.5	150.0
3297.5	150.0
3339.5	150.0
3381.5	150.0
3423.5	150.0
3465.5	150.0
3507.5	150.0
3549.5	150.0
3591.5	150.0
3633.5	150.0
3675.5	150.0
3717.5	150.0
3759.5	150.0
3801.5	150.0
3843.5	150.0
3885.5	150.0
3927.5	150.0
3969.5	150.0
4011.5	150.0
4053.5	150.0
4095.5	148.97619047619048
4137.5	132.57142857142858
4179.5	121.0952380952381
4221.5	121.0
4263.5	127.0
4305.5	145.78571428571428
4347.5	150.0
4389.5	150.0
4431.5	150.0
4473.5	142.02380952380952
4515.5	122.02380952380952
4557.5	100.78571428571429
4599.5	87.26190476190476
4641.5	102.4047619047619
4683.5	123.26190476190476
4725.5	143.66666666666666
4767.5	150.0
4809.5	150.0
4851.5	150.0
4893.5	150.0
4935.5	150.0
4977.5	150.0
5019.5	150.0
5061.5	150.0
5103.5	150.0
5145.5	148.21428571428572
5187.5	141.02380952380952
5229.5	141.0
5271.5	141.0
5313.5	146.61904761904762
5355.5	150.0
5397.5	150.0
5439.5	150.0
5481.5	150.0
5523.5	150.0
5565.5	149.85714285714286
5607.5	137.6904761904762
5649.5	116.69047619047619
5691.5	105.0
5733.5	107.80952380952381
5775.5	126.30952380952381
5817.5	145.92857142857142
5859.5	138.85714285714286
5901.5	103.5
5943.5	61.5
5985.5	21.285714285714285
6027.5	4.5
6069.5	23.452380952380953
6111.5	62.5
6153.5	104.5
6195.5	137.16666666666666
6237.5	149.88095238095238
6279.5	150.0
6321.5	150.0
6363.5	150.0
6405.5	150.0
6447.5	150.0
6489.5	150.0
6531.5	150.0
6573.5	150.0
6615.5	150.0
6657.5	150.0
6699.5	145.26190476190476
6741.5	124.19047619047619
6783.5	105.26190476190476
6825.5	102.35714285714286
6867.5	114.47619047619048
6909.5	137.1904761904762
6951.5	142.64285714285714
6993.5	125.35714285714286
7035.5	122.0
7077.5	122.73809523809524
7119.5	137.33333333333334
7161.5	149.76190476190476
7203.5	150.0
7245.5	150.0
7287.5	150.0
7329.5	142.14285714285714
7371.5	122.80952380952381
7413.5	120.0
7455.5	120.78571428571429
7497.5	137.16666666666666
7539.5	149.95238095238096
7581.5	150.0
7623.5	150.0
7665.5	150.0
7707.5	150.0
7749.5	150.0
7791.5	150.0
7833.5	150.0
7875.5	150.0
7917.5	150.0
7959.5	150.0
8001.5	150.0
8043.5	150.0
8085.5	150.0
8127.5	150.0
8169.5	150.0
8211.5	144.85714285714286
8253.5	132.61904761904762
8295.5	132.0
8337.5	132.1904761904762
8379.5	144.04761904761904
8421.5	150.0
8463.5	150.0
8505.5	150.0
8547.5	150.0
8589.5	150.0
8631.5	150.0
8673.5	150.0
8715.5	150.0
8757.5	150.0
8799.5	150.0
8841.5	150.0
8883.5	150.0
8925.5	150.0
8967.5	150.0
9009.5	150.0
9051.5	150.0
9093.5	150.0
9135.5	150.0
9177.5	150.0
9219.5	150.0
9261.5	150.0
9303.5	150.0
9345.5	150.0
9387.5	150.0
9429.5	150.0
9471.5	150.0
9513.5	150.0
9555.5	150.0
9597.5	150.0
9639.5	150.0
9681.5	150.0
9723.5	150.0
9765.5	150.0
9807.5	150.0
9849.5	150.0
9891.5	150.0
9933.5	150.0
9975.5	150.0
10017.5	150.0
10059.5	150.0
10101.5	150.0
10143.5	150.0
10185.5	150.0
10227.5	150.0
10269.5	150.0
10311.5	150.0
10353.5	150.0
10395.5	150.0
10437.5	150.0
10479.5	150.0
10521.5	150.0
10563.5	150.0
10605.5	150.0
10647.5	150.0
10689.5	150.0
10731.5	150.0
10773.5	150.0
10815.5	150.0
10857.5	150.0
10899.5	150.0
10941.5	150.0
10983.5	150.0
11025.5	150.0
11067.5	150.0
11109.5	150.0
11151.5	150.0
11193.5	150.0
11235.5	150.0
11277.5	150.0
11319.5	150.0
11361.5	150.0
11403.5	150.0
11445.5	150.0
11487.5	150.0
11529.5	150.0
11571.5	150.0
11613.5	150.0
11655.5	150.0
11697.5	150.0
11739.5	150.0
11781.5	150.0
11823.5	150.0
11865.5	150.0
11907.5	150.0
11949.5	150.0
11991.5	150.0
12033.5	150.0
12075.5	150.0
12117.5	150.0
12159.5	150.0
12201.5	150.0
12243.5	150.0
12285.5	150.0
12327.5	150.0
12369.5	150.0
12411.5	150.0
12453.5	150.0
12495.5	150.0
12537.5	150.0
12579.5	150.0
12621.5	150.0
12663.5	150.0
12705.5	150.0
12747.5	150.0
12789.5	150.0
12831.5	150.0
12873.5	150.0
12915.5	150.0
12957.5	150.0
12999.5	150.0
13041.5	150.0
13083.5	150.0
13125.5	150.0
13167.5	150.0
13209.5	150.0
13251.5	150.0
13293.5	150.0
13335.5	150.0
13377.5	150.0
13419.5	150.0
13461.5	150.0
13503.5	150.0
13545.5	150.0
13587.5	150.0
13629.5	150.0
13671.5	150.0
13713.5	150.0
13755.5	150.0
13797.5	150.0
13839.5	150.0
13881.5	150.0
13923.5	150.0
13965.5	150.0
14007.5	150.0
14049.5	150.0
14091.5	150.0
14133.5	150.0
14175.5	150.0
14217.5	150.0
14259.5	150.0
14301.5	150.0
14343.5	150.0
14385.5	150.0
14427.5	150.0
14469.5	150.0
14511.5	150.0
14553.5	150.0
14595.5	150.0
14637.5	150.0
14679.5	150.0
14721.5	150.0
14763.5	150.0
14805.5	150.0
14847.5	150.0
14889.5	150.0
14931.5	150.0
14973.5	150.0
15015.5	150.0
15057.5	150.0
15099.5	150.0
15141.5	150.0
15183.5	150.0
15225.5	150.0
15267.5	150.0
15309.5	150.0
15351.5	150.0
15393.5	150.0
15435.5	150.0
15477.5	150.0
15519.5	150.0
15561.5	150.0
15603.5	150.0
15645.5	150.0
15687.5	150.0
15729.5	150.0
15771.5	150.0
15813.5	150.0
15855.5	150.0
15897.5	150.0
15939.5	150.0
15981.5	150.0
16023.5	150.0
16065.5	150.0
16107.5	150.0
16149.5	150.0
16191.5	150.0
16233.5	150.0
16275.5	150.0
16317.5	150.0
16359.5	150.0
16401.5	149.92857142857142
16443.5	126.5
16485.5	84.5
16527.5	42.5
16559.0	11.0
