# Position (bp)	A	C	G	T	N
0.0	31.07522151699868	31.288883302959846	12.951674731351726	24.677936278514423	0.006284170175328349
1.0	31.06893734682335	31.351725004713128	12.8574121787218	24.715641299566393	0.006284170175328349
2.0	31.06893734682335	31.376861685414443	12.888833029598443	24.659083767988438	0.006284170175328349
3.0	31.03751649594671	31.314019983661158	12.945390561176396	24.696788789040408	0.006284170175328349
4.0	31.00609564507007	31.401998366115752	12.869980519072458	24.715641299566393	0.006284170175328349
5.0	31.056369006472696	31.401998366115752	12.8574121787218	24.677936278514423	0.006284170175328349
6.0	31.050084836297366	31.314019983661158	12.93282222082574	24.696788789040408	0.006284170175328349
7.0	30.987243134544084	31.414566706466413	12.876264689247785	24.715641299566393	0.006284170175328349
8.0	31.018663985420723	31.39571419594043	12.926538050650413	24.652799597813107	0.006284170175328349
9.0	31.04380066612204	31.43970338716772	12.825991327845157	24.68422044868975	0.006284170175328349
10.0	31.04380066612204	31.326588324011812	12.876264689247785	24.747062150443032	0.006284170175328349
11.0	31.00609564507007	31.364293345063782	12.926538050650413	24.696788789040408	0.006284170175328349
12.0	31.018663985420723	31.427135046817067	12.869980519072458	24.677936278514423	0.006284170175328349
13.0	30.999811474894738	31.326588324011812	12.888833029598443	24.778483001319675	0.006284170175328349
14.0	31.056369006472696	31.35800917488846	12.882548859423112	24.696788789040408	0.006284170175328349
15.0	30.955822283667437	31.376861685414443	12.913969710299755	24.747062150443032	0.006284170175328349
16.0	31.04380066612204	31.345440834537797	12.876264689247785	24.728209639917047	0.006284170175328349
17.0	30.987243134544084	31.383145855589767	12.913969710299755	24.709357129391062	0.006284170175328349
18.0	31.024948155596054	31.32030415383649	12.913969710299755	24.734493810092378	0.006284170175328349
19.0	30.962106453842768	31.370577515239113	12.882548859423112	24.778483001319675	0.006284170175328349
20.0	30.99352730471941	31.383145855589767	12.913969710299755	24.703072959215735	0.006284170175328349
21.0	31.024948155596054	31.251178281907876	12.939106391001069	24.778483001319675	0.006284170175328349
22.0	30.936969773141453	31.433419216992398	12.920253880475082	24.703072959215735	0.006284170175328349
23.0	31.03123232577138	31.314019983661158	12.951674731351726	24.696788789040408	0.006284170175328349
24.0	30.911833092440144	31.370577515239113	12.888833029598443	24.822472192546975	0.006284170175328349
25.0	31.04380066612204	31.370577515239113	12.869980519072458	24.709357129391062	0.006284170175328349
26.0	30.943253943316783	31.364293345063782	12.976811412053038	24.709357129391062	0.006284170175328349
27.0	30.962106453842768	31.370577515239113	12.951674731351726	24.709357129391062	0.006284170175328349
28.0	30.93068560296613	31.401998366115752	12.907685540124428	24.753346320618363	0.006284170175328349
29.0	30.955822283667437	31.376861685414443	12.96424307170238	24.696788789040408	0.006284170175328349
30.0	30.9244014327908	31.345440834537797	12.926538050650413	24.79733551184566	0.006284170175328349
31.0	30.955822283667437	31.427135046817067	12.93282222082574	24.677936278514423	0.006284170175328349
32.0	30.974674794193426	31.389430025765098	12.951674731351726	24.677936278514423	0.006284170175328349
33.0	30.999811474894738	31.30773581348583	12.983095582228366	24.703072959215735	0.006284170175328349
34.0	30.911833092440144	31.414566706466413	12.951674731351726	24.715641299566393	0.006284170175328349
35.0	30.999811474894738	31.295167473135173	12.970527241877711	24.728209639917047	0.006284170175328349
36.0	30.955822283667437	31.389430025765098	12.951674731351726	24.696788789040408	0.006284170175328349
37.0	30.987243134544084	31.376861685414443	12.951674731351726	24.677936278514423	0.006284170175328349
38.0	30.980958964368753	31.26374662225853	12.983095582228366	24.765914660969017	0.006284170175328349
39.0	30.93068560296613	31.345440834537797	12.945390561176396	24.772198831144348	0.006284170175328349
40.0	30.918117262615475	31.376861685414443	12.939106391001069	24.75963049079369	0.006284170175328349
41.0	30.949538113492114	31.326588324011812	12.976811412053038	24.740777980267705	0.006284170175328349
42.0	30.980958964368753	31.332872494187143	12.926538050650413	24.753346320618363	0.006284170175328349
43.0	30.880412241563505	31.282599132784515	12.995663922579023	24.835040532897633	0.006284170175328349
44.0	30.987243134544084	31.339156664362473	12.995663922579023	24.671652108339092	0.006284170175328349
45.0	31.03123232577138	31.244894111732545	12.970527241877711	24.747062150443032	0.006284170175328349
46.0	30.99352730471941	31.332872494187143	12.945390561176396	24.72192546974172	0.006284170175328349
47.0	30.9683906240181	31.376861685414443	12.983095582228366	24.665367938163765	0.006284170175328349
48.0	31.03751649594671	31.282599132784515	12.913969710299755	24.75963049079369	0.006284170175328349
49.0	30.980958964368753	31.251178281907876	12.983095582228366	24.778483001319675	0.006284170175328349
50.0	31.00609564507007	31.314019983661158	12.983095582228366	24.690504618865077	0.006284170175328349
51.0	31.06893734682335	31.32030415383649	12.976811412053038	24.627662917111795	0.006284170175328349
52.0	30.936969773141453	31.295167473135173	12.939106391001069	24.822472192546975	0.006284170175328349
53.0	30.949538113492114	31.32030415383649	12.951674731351726	24.772198831144348	0.006284170175328349
54.0	30.955822283667437	31.339156664362473	13.008232262929681	24.690504618865077	0.006284170175328349
55.0	30.99352730471941	31.282599132784515	12.96424307170238	24.753346320618363	0.006284170175328349
56.0	30.99352730471941	31.332872494187143	12.976811412053038	24.690504618865077	0.006284170175328349
57.0	30.93068560296613	31.35800917488846	13.00194809275435	24.703072959215735	0.006284170175328349
58.0	30.99352730471941	31.314019983661158	12.983095582228366	24.703072959215735	0.006284170175328349
59.0	30.99352730471941	31.3014516433105	12.983095582228366	24.715641299566393	0.006284170175328349
60.0	30.974674794193426	31.35800917488846	12.926538050650413	24.734493810092378	0.006284170175328349
61.0	31.03123232577138	31.30773581348583	13.014516433105008	24.640231257462453	0.006284170175328349
62.0	30.999811474894738	31.376861685414443	12.939106391001069	24.677936278514423	0.006284170175328349
63.0	30.980958964368753	31.339156664362473	12.96424307170238	24.709357129391062	0.006284170175328349
64.0	31.04380066612204	31.339156664362473	12.957958901527054	24.652799597813107	0.006284170175328349
65.0	30.987243134544084	31.314019983661158	12.951674731351726	24.740777980267705	0.006284170175328349
66.0	31.056369006472696	31.339156664362473	12.951674731351726	24.64651542763778	0.006284170175328349
67.0	30.987243134544084	31.295167473135173	12.976811412053038	24.734493810092378	0.006284170175328349
68.0	31.03751649594671	31.326588324011812	12.939106391001069	24.690504618865077	0.006284170175328349
69.0	31.094074027524666	31.288883302959846	12.93282222082574	24.677936278514423	0.006284170175328349
70.0	30.980958964368753	31.39571419594043	12.913969710299755	24.703072959215735	0.006284170175328349
71.0	31.062653176648027	31.2574624520832	12.989379752403696	24.68422044868975	0.006284170175328349
72.0	31.087789857349335	31.27003079243386	12.945390561176396	24.690504618865077	0.006284170175328349
73.0	30.987243134544084	31.39571419594043	12.939106391001069	24.671652108339092	0.006284170175328349
74.0	31.03751649594671	31.3014516433105	12.89511719977377	24.75963049079369	0.006284170175328349
75.0	31.012379815245396	31.345440834537797	12.970527241877711	24.665367938163765	0.006284170175328349
76.0	30.99352730471941	31.389430025765098	12.869980519072458	24.740777980267705	0.006284170175328349
77.0	31.018663985420723	31.3014516433105	12.96424307170238	24.709357129391062	0.006284170175328349
78.0	31.00609564507007	31.3014516433105	12.957958901527054	24.728209639917047	0.006284170175328349
79.0	31.018663985420723	31.332872494187143	12.957958901527054	24.68422044868975	0.006284170175328349
80.0	30.987243134544084	31.314019983661158	12.983095582228366	24.709357129391062	0.006284170175328349
81.0	31.018663985420723	31.32030415383649	12.926538050650413	24.728209639917047	0.006284170175328349
82.0	30.99352730471941	31.414566706466413	12.913969710299755	24.671652108339092	0.006284170175328349
83.0	30.980958964368753	31.389430025765098	12.96424307170238	24.659083767988438	0.006284170175328349
84.0	30.987243134544084	31.389430025765098	12.920253880475082	24.696788789040408	0.006284170175328349
85.0	30.949538113492114	31.339156664362473	12.989379752403696	24.715641299566393	0.006284170175328349
86.0	31.050084836297366	31.39571419594043	12.913969710299755	24.633947087287122	0.006284170175328349
87.0	30.99352730471941	31.389430025765098	12.882548859423112	24.728209639917047	0.006284170175328349
88.0	30.918117262615475	31.408282536291082	12.93282222082574	24.734493810092378	0.006284170175328349
89.0	30.936969773141453	31.420850876641737	12.93282222082574	24.703072959215735	0.006284170175328349
90.0	30.936969773141453	31.43970338716772	12.907685540124428	24.709357129391062	0.006284170175328349
91.0	31.018663985420723	31.370577515239113	12.89511719977377	24.709357129391062	0.006284170175328349
92.0	30.905548922264813	31.427135046817067	12.945390561176396	24.715641299566393	0.006284170175328349
93.0	31.00609564507007	31.370577515239113	12.920253880475082	24.696788789040408	0.006284170175328349
94.0	30.88669641173883	31.471124238044368	12.825991327845157	24.809903852196317	0.006284170175328349
95.0	30.987243134544084	31.414566706466413	12.888833029598443	24.703072959215735	0.006284170175328349
96.0	30.980958964368753	31.370577515239113	12.882548859423112	24.75963049079369	0.006284170175328349
97.0	30.980958964368753	31.420850876641737	12.869980519072458	24.72192546974172	0.006284170175328349
98.0	30.955822283667437	31.408282536291082	12.89511719977377	24.734493810092378	0.006284170175328349
99.0	31.012379815245396	31.32030415383649	12.920253880475082	24.740777980267705	0.006284170175328349
100.0	30.99352730471941	31.401998366115752	12.888833029598443	24.709357129391062	0.006284170175328349
101.0	31.04380066612204	31.32030415383649	12.901401369949097	24.728209639917047	0.006284170175328349
102.0	30.943253943316783	31.43970338716772	12.882548859423112	24.728209639917047	0.006284170175328349
103.0	30.9683906240181	31.401998366115752	12.81970715766983	24.80361968202099	0.006284170175328349
104.0	31.00609564507007	31.389430025765098	12.876264689247785	24.72192546974172	0.006284170175328349
105.0	31.012379815245396	31.332872494187143	12.89511719977377	24.753346320618363	0.006284170175328349
106.0	31.03123232577138	31.383145855589767	12.89511719977377	24.68422044868975	0.006284170175328349
107.0	31.00609564507007	31.383145855589767	12.882548859423112	24.72192546974172	0.006284170175328349
108.0	30.943253943316783	31.339156664362473	12.926538050650413	24.784767171495005	0.006284170175328349
109.0	31.131779048576636	31.3014516433105	12.832275498020488	24.728209639917047	0.006284170175328349
110.0	31.024948155596054	31.389430025765098	12.800854647143844	24.778483001319675	0.006284170175328349
111.0	30.99352730471941	31.332872494187143	12.888833029598443	24.778483001319675	0.006284170175328349
112.0	31.11292653805065	31.39571419594043	12.851128008546473	24.633947087287122	0.006284170175328349
113.0	31.056369006472696	31.332872494187143	12.8574121787218	24.747062150443032	0.006284170175328349
114.0	31.03751649594671	31.339156664362473	12.888833029598443	24.728209639917047	0.006284170175328349
115.0	31.062653176648027	31.364293345063782	12.844843838371142	24.72192546974172	0.006284170175328349
116.0	31.03751649594671	31.389430025765098	12.882548859423112	24.68422044868975	0.006284170175328349
117.0	31.056369006472696	31.370577515239113	12.869980519072458	24.696788789040408	0.006284170175328349
118.0	30.999811474894738	31.401998366115752	12.844843838371142	24.747062150443032	0.006284170175328349
119.0	31.062653176648027	31.351725004713128	12.832275498020488	24.747062150443032	0.006284170175328349
120.0	31.11292653805065	31.326588324011812	12.901401369949097	24.652799597813107	0.006284170175328349
121.0	31.056369006472696	31.408282536291082	12.794570476968516	24.734493810092378	0.006284170175328349
122.0	31.081505687174012	31.376861685414443	12.844843838371142	24.690504618865077	0.006284170175328349
123.0	31.00609564507007	31.427135046817067	12.869980519072458	24.690504618865077	0.006284170175328349
124.0	31.018663985420723	31.39571419594043	12.863696348897127	24.715641299566393	0.006284170175328349
125.0	31.11921070822598	31.389430025765098	12.794570476968516	24.690504618865077	0.006284170175328349
126.0	31.018663985420723	31.282599132784515	12.907685540124428	24.784767171495005	0.006284170175328349
127.0	31.10664236787532	31.408282536291082	12.794570476968516	24.68422044868975	0.006284170175328349
128.0	31.06893734682335	31.345440834537797	12.8574121787218	24.72192546974172	0.006284170175328349
129.0	31.018663985420723	31.32030415383649	12.882548859423112	24.772198831144348	0.006284170175328349
130.0	31.11921070822598	31.383145855589767	12.813422987494501	24.677936278514423	0.006284170175328349
131.0	31.050084836297366	31.383145855589767	12.794570476968516	24.765914660969017	0.006284170175328349
132.0	31.081505687174012	31.39571419594043	12.8574121787218	24.659083767988438	0.006284170175328349
133.0	30.999811474894738	31.351725004713128	12.832275498020488	24.809903852196317	0.006284170175328349
134.0	31.07522151699868	31.364293345063782	12.863696348897127	24.690504618865077	0.006284170175328349
135.0	31.06893734682335	31.35800917488846	12.844843838371142	24.72192546974172	0.006284170175328349
136.0	31.062653176648027	31.370577515239113	12.775717966442532	24.784767171495005	0.006284170175328349
137.0	31.125494878401305	31.32030415383649	12.876264689247785	24.671652108339092	0.006284170175328349
138.0	31.100358197699997	31.370577515239113	12.807138817319172	24.715641299566393	0.006284170175328349
139.0	31.094074027524666	31.345440834537797	12.869980519072458	24.68422044868975	0.006284170175328349
140.0	31.07522151699868	31.364293345063782	12.876264689247785	24.677936278514423	0.006284170175328349
141.0	31.062653176648027	31.351725004713128	12.907685540124428	24.671652108339092	0.006284170175328349
142.0	31.024948155596054	31.414566706466413	12.851128008546473	24.703072959215735	0.006284170175328349
143.0	31.024948155596054	31.351725004713128	12.863696348897127	24.753346320618363	0.006284170175328349
144.0	31.175768239803936	31.326588324011812	12.81970715766983	24.671652108339092	0.006284170175328349
145.0	31.056369006472696	31.32030415383649	12.901401369949097	24.715641299566393	0.006284170175328349
146.0	31.131779048576636	31.351725004713128	12.807138817319172	24.703072959215735	0.006284170175328349
147.0	31.056369006472696	31.370577515239113	12.876264689247785	24.690504618865077	0.006284170175328349
148.0	31.087789857349335	31.339156664362473	12.89511719977377	24.671652108339092	0.006284170175328349
149.0	31.06893734682335	31.370577515239113	12.888833029598443	24.665367938163765	0.006284170175328349
