# Position (bp)	A	C	G	T	N
0.0	30.986623123783207	31.30063430258117	12.962381460780003	24.744080889279658	0.006280223575959304
1.0	30.980342900207248	31.363436538340768	12.868178107140615	24.781762230735414	0.006280223575959304
2.0	30.980342900207248	31.39483765622056	12.893299001444452	24.725240218551782	0.006280223575959304
3.0	30.94894178232745	31.33203542046097	12.949821013628085	24.762921560007538	0.006280223575959304
4.0	30.917540664447657	31.40111787979652	12.887018777868493	24.788042454311373	0.006280223575959304
5.0	30.974062676631288	31.40739810337248	12.874458330716573	24.7378006657037	0.006280223575959304
6.0	30.95522200590341	31.33203542046097	12.949821013628085	24.756641336431574	0.006280223575959304
7.0	30.898699993719774	31.43251899767632	12.893299001444452	24.769201783583494	0.006280223575959304
8.0	30.923820888023613	31.419958550524395	12.949821013628085	24.700119324247943	0.006280223575959304
9.0	30.94894178232745	31.457639891980154	12.861897883564655	24.725240218551782	0.006280223575959304
10.0	30.96778245305533	31.33831564403693	12.89957922502041	24.788042454311373	0.006280223575959304
11.0	30.911260440871697	31.382277209068643	12.962381460780003	24.7378006657037	0.006280223575959304
12.0	30.923820888023613	31.445079444828234	12.905859448596372	24.71895999497582	0.006280223575959304
13.0	30.898699993719774	31.344595867612885	12.930980342900208	24.81944357219117	0.006280223575959304
14.0	30.94894178232745	31.375996985492684	12.937260566476166	24.73152044212774	0.006280223575959304
15.0	30.8484582051121	31.40739810337248	12.974941907931923	24.762921560007538	0.006280223575959304
16.0	30.930101111599573	31.36971676191672	12.930980342900208	24.762921560007538	0.006280223575959304
17.0	30.886139546567858	31.40111787979652	12.962381460780003	24.744080889279658	0.006280223575959304
18.0	30.923820888023613	31.33831564403693	12.962381460780003	24.769201783583494	0.006280223575959304
19.0	30.861018652264022	31.388557432644603	12.937260566476166	24.80688312503925	0.006280223575959304
20.0	30.898699993719774	31.39483765622056	12.962381460780003	24.7378006657037	0.006280223575959304
21.0	30.917540664447657	31.269233184701374	13.00006280223576	24.80688312503925	0.006280223575959304
22.0	30.823337310808263	31.451359668404194	12.98750235508384	24.73152044212774	0.006280223575959304
23.0	30.930101111599573	31.32575519688501	13.012623249387678	24.725240218551782	0.006280223575959304
24.0	30.823337310808263	31.363436538340768	12.949821013628085	24.857124913646924	0.006280223575959304
25.0	30.930101111599573	31.363436538340768	12.943540790052127	24.756641336431574	0.006280223575959304
26.0	30.829617534384223	31.357156314764804	13.056584814419395	24.750361112855618	0.006280223575959304
27.0	30.842177981536146	31.36971676191672	13.031463920115558	24.750361112855618	0.006280223575959304
28.0	30.804496640080387	31.413678326948443	12.98750235508384	24.788042454311373	0.006280223575959304
29.0	30.842177981536146	31.375996985492684	13.044024367267475	24.73152044212774	0.006280223575959304
30.0	30.810776863656347	31.350876091188844	13.00006280223576	24.83200401934309	0.006280223575959304
31.0	30.835897757960183	31.445079444828234	13.00634302581172	24.706399547823903	0.006280223575959304
32.0	30.86729887583998	31.40739810337248	13.031463920115558	24.687558877096023	0.006280223575959304
33.0	30.879859322991898	31.33831564403693	13.050304590843433	24.725240218551782	0.006280223575959304
34.0	30.798216416504427	31.457639891980154	13.01890347296364	24.71895999497582	0.006280223575959304
35.0	30.89241977014382	31.33203542046097	13.037744143691516	24.73152044212774	0.006280223575959304
36.0	30.835897757960183	31.43251899767632	13.025183696539596	24.700119324247943	0.006280223575959304
37.0	30.886139546567858	31.413678326948443	13.012623249387678	24.681278653520064	0.006280223575959304
38.0	30.86729887583998	31.313194749733093	13.044024367267475	24.769201783583494	0.006280223575959304
39.0	30.817057087232307	31.40111787979652	13.00006280223576	24.775482007159454	0.006280223575959304
40.0	30.810776863656347	31.419958550524395	12.993782578659802	24.769201783583494	0.006280223575959304
41.0	30.842177981536146	31.375996985492684	13.025183696539596	24.750361112855618	0.006280223575959304
42.0	30.86729887583998	31.388557432644603	12.98750235508384	24.750361112855618	0.006280223575959304
43.0	30.773095522200588	31.33203542046097	13.056584814419395	24.83200401934309	0.006280223575959304
44.0	30.886139546567858	31.39483765622056	13.037744143691516	24.674998429944107	0.006280223575959304
45.0	30.936381335175533	31.306914526157133	13.012623249387678	24.7378006657037	0.006280223575959304
46.0	30.911260440871697	31.388557432644603	13.00006280223576	24.693839100671983	0.006280223575959304
47.0	30.873579099415938	31.438799221252278	13.025183696539596	24.656157759216228	0.006280223575959304
48.0	30.930101111599573	31.344595867612885	12.962381460780003	24.756641336431574	0.006280223575959304
49.0	30.873579099415938	31.306914526157133	13.031463920115558	24.781762230735414	0.006280223575959304
50.0	30.911260440871697	31.363436538340768	13.025183696539596	24.693839100671983	0.006280223575959304
51.0	30.974062676631288	31.382277209068643	13.01890347296364	24.61847641776047	0.006280223575959304
52.0	30.842177981536146	31.350876091188844	12.98750235508384	24.813163348615213	0.006280223575959304
53.0	30.861018652264022	31.375996985492684	13.00634302581172	24.750361112855618	0.006280223575959304
54.0	30.854738428688062	31.40111787979652	13.069145261571313	24.668718206368144	0.006280223575959304
55.0	30.886139546567858	31.357156314764804	13.01890347296364	24.73152044212774	0.006280223575959304
56.0	30.89241977014382	31.40739810337248	13.025183696539596	24.668718206368144	0.006280223575959304
57.0	30.835897757960183	31.426238774100355	13.062865037995353	24.668718206368144	0.006280223575959304
58.0	30.898699993719774	31.382277209068643	13.050304590843433	24.662437982792188	0.006280223575959304
59.0	30.898699993719774	31.36971676191672	13.050304590843433	24.674998429944107	0.006280223575959304
60.0	30.86729887583998	31.426238774100355	13.00006280223576	24.700119324247943	0.006280223575959304
61.0	30.911260440871697	31.39483765622056	13.081705708723232	24.605915970608553	0.006280223575959304
62.0	30.886139546567858	31.47648056270803	13.00006280223576	24.63103686491239	0.006280223575959304
63.0	30.86729887583998	31.419958550524395	13.025183696539596	24.681278653520064	0.006280223575959304
64.0	30.942661558751496	31.40739810337248	13.025183696539596	24.61847641776047	0.006280223575959304
65.0	30.879859322991898	31.388557432644603	13.01890347296364	24.706399547823903	0.006280223575959304
66.0	30.95522200590341	31.413678326948443	13.01890347296364	24.605915970608553	0.006280223575959304
67.0	30.879859322991898	31.363436538340768	13.044024367267475	24.706399547823903	0.006280223575959304
68.0	30.930101111599573	31.40111787979652	13.00634302581172	24.656157759216228	0.006280223575959304
69.0	30.974062676631288	31.357156314764804	13.00006280223576	24.662437982792188	0.006280223575959304
70.0	30.86729887583998	31.47020033913207	12.981222131507883	24.674998429944107	0.006280223575959304
71.0	30.930101111599573	31.33203542046097	13.050304590843433	24.681278653520064	0.006280223575959304
72.0	30.974062676631288	31.33203542046097	13.00634302581172	24.681278653520064	0.006280223575959304
73.0	30.873579099415938	31.451359668404194	13.00634302581172	24.662437982792188	0.006280223575959304
74.0	30.930101111599573	31.36971676191672	12.956101237204045	24.7378006657037	0.006280223575959304
75.0	30.911260440871697	31.40111787979652	13.031463920115558	24.649877535640268	0.006280223575959304
76.0	30.879859322991898	31.457639891980154	12.930980342900208	24.725240218551782	0.006280223575959304
77.0	30.923820888023613	31.363436538340768	13.025183696539596	24.681278653520064	0.006280223575959304
78.0	30.904980217295737	31.36971676191672	13.00634302581172	24.712679771399863	0.006280223575959304
79.0	30.923820888023613	31.39483765622056	13.00634302581172	24.668718206368144	0.006280223575959304
80.0	30.898699993719774	31.375996985492684	13.031463920115558	24.687558877096023	0.006280223575959304
81.0	30.930101111599573	31.382277209068643	12.968661684355965	24.712679771399863	0.006280223575959304
82.0	30.89241977014382	31.463920115556114	12.968661684355965	24.668718206368144	0.006280223575959304
83.0	30.879859322991898	31.438799221252278	13.025183696539596	24.649877535640268	0.006280223575959304
84.0	30.879859322991898	31.451359668404194	12.981222131507883	24.681278653520064	0.006280223575959304
85.0	30.86729887583998	31.40111787979652	13.031463920115558	24.693839100671983	0.006280223575959304
86.0	30.95522200590341	31.445079444828234	12.968661684355965	24.624756641336432	0.006280223575959304
87.0	30.898699993719774	31.438799221252278	12.943540790052127	24.712679771399863	0.006280223575959304
88.0	30.823337310808263	31.451359668404194	13.00006280223576	24.71895999497582	0.006280223575959304
89.0	30.842177981536146	31.457639891980154	13.00006280223576	24.693839100671983	0.006280223575959304
90.0	30.8484582051121	31.482760786283993	12.968661684355965	24.693839100671983	0.006280223575959304
91.0	30.942661558751496	31.419958550524395	12.943540790052127	24.687558877096023	0.006280223575959304
92.0	30.823337310808263	31.463920115556114	13.01890347296364	24.687558877096023	0.006280223575959304
93.0	30.917540664447657	31.413678326948443	12.981222131507883	24.681278653520064	0.006280223575959304
94.0	30.817057087232307	31.520442127739745	12.880738554292535	24.775482007159454	0.006280223575959304
95.0	30.911260440871697	31.47020033913207	12.949821013628085	24.662437982792188	0.006280223575959304
96.0	30.904980217295737	31.426238774100355	12.949821013628085	24.712679771399863	0.006280223575959304
97.0	30.904980217295737	31.482760786283993	12.91841989574829	24.687558877096023	0.006280223575959304
98.0	30.879859322991898	31.47648056270803	12.937260566476166	24.700119324247943	0.006280223575959304
99.0	30.923820888023613	31.39483765622056	12.962381460780003	24.712679771399863	0.006280223575959304
100.0	30.911260440871697	31.47648056270803	12.924700119324248	24.681278653520064	0.006280223575959304
101.0	30.974062676631288	31.388557432644603	12.930980342900208	24.700119324247943	0.006280223575959304
102.0	30.86729887583998	31.520442127739745	12.91213967217233	24.693839100671983	0.006280223575959304
103.0	30.911260440871697	31.457639891980154	12.849337436412736	24.775482007159454	0.006280223575959304
104.0	30.94894178232745	31.457639891980154	12.89957922502041	24.687558877096023	0.006280223575959304
105.0	30.936381335175533	31.413678326948443	12.91841989574829	24.725240218551782	0.006280223575959304
106.0	30.974062676631288	31.451359668404194	12.91213967217233	24.656157759216228	0.006280223575959304
107.0	30.936381335175533	31.457639891980154	12.91841989574829	24.681278653520064	0.006280223575959304
108.0	30.873579099415938	31.40739810337248	12.974941907931923	24.7378006657037	0.006280223575959304
109.0	31.074546253846634	31.357156314764804	12.868178107140615	24.693839100671983	0.006280223575959304
110.0	30.961502229479372	31.445079444828234	12.843057212836777	24.744080889279658	0.006280223575959304
111.0	30.923820888023613	31.388557432644603	12.937260566476166	24.744080889279658	0.006280223575959304
112.0	31.036864912390882	31.463920115556114	12.880738554292535	24.612196194184513	0.006280223575959304
113.0	30.980342900207248	31.388557432644603	12.893299001444452	24.73152044212774	0.006280223575959304
114.0	30.96778245305533	31.388557432644603	12.924700119324248	24.712679771399863	0.006280223575959304
115.0	30.992903347359167	31.419958550524395	12.887018777868493	24.693839100671983	0.006280223575959304
116.0	30.96778245305533	31.43251899767632	12.930980342900208	24.662437982792188	0.006280223575959304
117.0	30.974062676631288	31.438799221252278	12.91841989574829	24.662437982792188	0.006280223575959304
118.0	30.930101111599573	31.463920115556114	12.887018777868493	24.712679771399863	0.006280223575959304
119.0	30.999183570935124	31.40111787979652	12.868178107140615	24.725240218551782	0.006280223575959304
120.0	31.05570558311876	31.388557432644603	12.930980342900208	24.61847641776047	0.006280223575959304
121.0	30.974062676631288	31.489041009859953	12.83049676568486	24.700119324247943	0.006280223575959304
122.0	31.005463794511083	31.451359668404194	12.880738554292535	24.656157759216228	0.006280223575959304
123.0	30.936381335175533	31.50160145701187	12.89957922502041	24.656157759216228	0.006280223575959304
124.0	30.936381335175533	31.47020033913207	12.893299001444452	24.693839100671983	0.006280223575959304
125.0	31.0494253595428	31.457639891980154	12.81793631853294	24.668718206368144	0.006280223575959304
126.0	30.95522200590341	31.33831564403693	12.943540790052127	24.756641336431574	0.006280223575959304
127.0	31.036864912390882	31.47020033913207	12.83049676568486	24.656157759216228	0.006280223575959304
128.0	31.005463794511083	31.40739810337248	12.89957922502041	24.681278653520064	0.006280223575959304
129.0	30.936381335175533	31.382277209068643	12.930980342900208	24.744080889279658	0.006280223575959304
130.0	31.043145135966842	31.451359668404194	12.855617659988697	24.64359731206431	0.006280223575959304
131.0	30.961502229479372	31.463920115556114	12.836776989260818	24.73152044212774	0.006280223575959304
132.0	30.980342900207248	31.489041009859953	12.89957922502041	24.624756641336432	0.006280223575959304
133.0	30.923820888023613	31.426238774100355	12.861897883564655	24.781762230735414	0.006280223575959304
134.0	30.986623123783207	31.438799221252278	12.905859448596372	24.662437982792188	0.006280223575959304
135.0	30.986623123783207	31.43251899767632	12.887018777868493	24.687558877096023	0.006280223575959304
136.0	30.986623123783207	31.43251899767632	12.81793631853294	24.756641336431574	0.006280223575959304
137.0	31.0494253595428	31.39483765622056	12.91841989574829	24.63103686491239	0.006280223575959304
138.0	31.036864912390882	31.438799221252278	12.843057212836777	24.674998429944107	0.006280223575959304
139.0	31.011744018087047	31.419958550524395	12.905859448596372	24.656157759216228	0.006280223575959304
140.0	31.005463794511083	31.43251899767632	12.91213967217233	24.64359731206431	0.006280223575959304
141.0	30.992903347359167	31.413678326948443	12.937260566476166	24.649877535640268	0.006280223575959304
142.0	30.936381335175533	31.482760786283993	12.893299001444452	24.681278653520064	0.006280223575959304
143.0	30.94894178232745	31.43251899767632	12.89957922502041	24.712679771399863	0.006280223575959304
144.0	31.099667148150473	31.39483765622056	12.855617659988697	24.64359731206431	0.006280223575959304
145.0	30.974062676631288	31.39483765622056	12.937260566476166	24.687558877096023	0.006280223575959304
146.0	31.05570558311876	31.40739810337248	12.849337436412736	24.681278653520064	0.006280223575959304
147.0	30.986623123783207	31.43251899767632	12.91213967217233	24.662437982792188	0.006280223575959304
148.0	31.030584688814923	31.388557432644603	12.924700119324248	24.649877535640268	0.006280223575959304
149.0	30.992903347359167	31.438799221252278	12.91841989574829	24.64359731206431	0.006280223575959304
