# Position (bp)	A	C	G	T	N
0.0	31.066223472257736	31.373050370749166	12.918690871899772	24.63564305804142	0.006392227051904884
1.0	30.880848887752492	31.39861927895679	13.040143185885963	24.67399642035285	0.006392227051904884
2.0	31.00869342879059	31.36665814369726	12.963436461263104	24.654819739197137	0.006392227051904884
3.0	30.900025568908205	31.43697264126822	13.033750958834059	24.622858603937612	0.006392227051904884
4.0	31.00869342879059	31.4114037330606	12.944259780107389	24.629250830989516	0.006392227051904884
5.0	30.8936333418563	31.360265916645357	13.040143185885963	24.69956532856047	0.006392227051904884
6.0	31.09818460751726	31.430580414216315	12.93147532600358	24.533367425210944	0.006392227051904884
7.0	30.906417795960113	31.424188187164408	13.008182050626438	24.654819739197137	0.006392227051904884
8.0	31.04704679110202	31.36665814369726	12.918690871899772	24.66121196624904	0.006392227051904884
9.0	30.81692661723344	31.43697264126822	13.02735873178215	24.71234978266428	0.006392227051904884
10.0	31.07261569930964	31.328304781385835	12.925083098951676	24.667604193300946	0.006392227051904884
11.0	30.842495525441066	31.373050370749166	13.040143185885963	24.7379186908719	0.006392227051904884
12.0	31.034262336998207	31.360265916645357	12.925083098951676	24.67399642035285	0.006392227051904884
13.0	30.887241114804397	31.36665814369726	13.072104321145487	24.667604193300946	0.006392227051904884
14.0	31.002301201738685	31.296343646126314	12.963436461263104	24.731526463819993	0.006392227051904884
15.0	30.906417795960113	31.34748146254155	13.052927639989772	24.68678087445666	0.006392227051904884
16.0	30.96394783942726	31.328304781385835	13.008182050626438	24.693173101508563	0.006392227051904884
17.0	30.887241114804397	31.33469700843774	13.040143185885963	24.731526463819993	0.006392227051904884
18.0	30.93198670416773	31.302735873178218	13.001789823574534	24.757095372027614	0.006392227051904884
19.0	30.970340066479164	31.302735873178218	13.072104321145487	24.648427512145233	0.006392227051904884
20.0	30.912810023012018	31.34748146254155	13.033750958834059	24.69956532856047	0.006392227051904884
21.0	30.8936333418563	31.23242137560726	13.040143185885963	24.82740986959857	0.006392227051904884
22.0	31.04065456405011	31.264382510866785	13.02735873178215	24.66121196624904	0.006392227051904884
23.0	30.900025568908205	31.28995141907441	13.046535412937867	24.757095372027614	0.006392227051904884
24.0	30.99590897468678	31.238813602659164	13.033750958834059	24.72513423676809	0.006392227051904884
25.0	30.912810023012018	31.309128100230122	13.072104321145487	24.69956532856047	0.006392227051904884
26.0	30.983124520582972	31.27077473791869	13.001789823574534	24.7379186908719	0.006392227051904884
27.0	30.95116338532345	31.32191255433393	13.014574277678342	24.705957555612375	0.006392227051904884
28.0	30.925594477115826	31.353873689593453	12.98261314241882	24.731526463819993	0.006392227051904884
29.0	31.00869342879059	31.27077473791869	13.014574277678342	24.69956532856047	0.006392227051904884
30.0	30.925594477115826	31.315520327282027	13.040143185885963	24.71234978266428	0.006392227051904884
31.0	30.976732293531068	31.24520582971107	13.046535412937867	24.72513423676809	0.006392227051904884
32.0	30.989516747634877	31.309128100230122	13.020966504730247	24.67399642035285	0.006392227051904884
33.0	30.95116338532345	31.28995141907441	13.072104321145487	24.680388647404754	0.006392227051904884
34.0	31.053439018153924	31.206852467399642	13.052927639989772	24.680388647404754	0.006392227051904884
35.0	30.8936333418563	31.385834824852978	13.020966504730247	24.693173101508563	0.006392227051904884
36.0	30.99590897468678	31.27077473791869	13.020966504730247	24.705957555612375	0.006392227051904884
37.0	30.95116338532345	31.251598056762976	13.020966504730247	24.769879826131426	0.006392227051904884
38.0	31.002301201738685	31.33469700843774	12.976220915366914	24.680388647404754	0.006392227051904884
39.0	30.96394783942726	31.238813602659164	13.014574277678342	24.77627205318333	0.006392227051904884
40.0	31.053439018153924	31.251598056762976	12.963436461263104	24.72513423676809	0.006392227051904884
41.0	30.976732293531068	31.23242137560726	13.129634364612631	24.654819739197137	0.006392227051904884
42.0	31.05983124520583	31.25799028381488	12.93147532600358	24.744310917923805	0.006392227051904884
43.0	30.976732293531068	31.296343646126314	13.040143185885963	24.680388647404754	0.006392227051904884
44.0	30.989516747634877	31.360265916645357	12.925083098951676	24.718742009716184	0.006392227051904884
45.0	30.983124520582972	31.251598056762976	12.989005369470725	24.769879826131426	0.006392227051904884
46.0	30.970340066479164	31.315520327282027	13.020966504730247	24.68678087445666	0.006392227051904884
47.0	30.925594477115826	31.25799028381488	13.040143185885963	24.769879826131426	0.006392227051904884
48.0	31.034262336998207	31.23242137560726	13.008182050626438	24.718742009716184	0.006392227051904884
49.0	31.0214778828944	31.25799028381488	13.052927639989772	24.66121196624904	0.006392227051904884
50.0	31.034262336998207	31.162106878036305	13.001789823574534	24.795448734339043	0.006392227051904884
51.0	31.002301201738685	31.25799028381488	12.957044234211198	24.77627205318333	0.006392227051904884
52.0	31.002301201738685	31.25799028381488	12.976220915366914	24.757095372027614	0.006392227051904884
53.0	30.983124520582972	31.302735873178218	12.989005369470725	24.718742009716184	0.006392227051904884
54.0	31.015085655842494	31.25799028381488	12.969828688315008	24.75070314497571	0.006392227051904884
55.0	30.96394783942726	31.302735873178218	12.989005369470725	24.7379186908719	0.006392227051904884
56.0	30.983124520582972	31.238813602659164	12.99539759652263	24.77627205318333	0.006392227051904884
57.0	30.989516747634877	31.309128100230122	13.001789823574534	24.693173101508563	0.006392227051904884
58.0	31.002301201738685	31.36665814369726	12.944259780107389	24.680388647404754	0.006392227051904884
59.0	31.015085655842494	31.200460240347738	13.020966504730247	24.757095372027614	0.006392227051904884
60.0	31.002301201738685	31.405011506008695	12.93147532600358	24.654819739197137	0.006392227051904884
61.0	30.957555612375355	31.33469700843774	12.957044234211198	24.744310917923805	0.006392227051904884
62.0	31.002301201738685	31.328304781385835	12.950652007159293	24.71234978266428	0.006392227051904884
63.0	30.99590897468678	31.309128100230122	12.944259780107389	24.744310917923805	0.006392227051904884
64.0	31.0214778828944	31.34748146254155	12.873945282536436	24.75070314497571	0.006392227051904884
65.0	30.99590897468678	31.34748146254155	12.976220915366914	24.67399642035285	0.006392227051904884
66.0	30.96394783942726	31.385834824852978	12.944259780107389	24.69956532856047	0.006392227051904884
67.0	31.015085655842494	31.36665814369726	12.976220915366914	24.63564305804142	0.006392227051904884
68.0	30.919202250063922	31.33469700843774	12.937867553055485	24.801840961390948	0.006392227051904884
69.0	31.079007926361545	31.341089235489644	12.918690871899772	24.654819739197137	0.006392227051904884
70.0	31.027870109946303	31.28995141907441	12.937867553055485	24.7379186908719	0.006392227051904884
71.0	31.00869342879059	31.405011506008695	12.912298644847864	24.667604193300946	0.006392227051904884
72.0	30.944771158271543	31.43697264126822	12.93147532600358	24.680388647404754	0.006392227051904884
73.0	31.015085655842494	31.4114037330606	12.912298644847864	24.654819739197137	0.006392227051904884
74.0	30.906417795960113	31.4114037330606	12.99539759652263	24.680388647404754	0.006392227051904884
75.0	31.04704679110202	31.2835591920225	12.925083098951676	24.7379186908719	0.006392227051904884
76.0	30.983124520582972	31.315520327282027	12.989005369470725	24.705957555612375	0.006392227051904884
77.0	31.00869342879059	31.315520327282027	12.976220915366914	24.693173101508563	0.006392227051904884
78.0	31.04065456405011	31.315520327282027	12.950652007159293	24.68678087445666	0.006392227051904884
79.0	30.976732293531068	31.277166964970593	12.944259780107389	24.795448734339043	0.006392227051904884
80.0	30.906417795960113	31.392227051904886	12.989005369470725	24.705957555612375	0.006392227051904884
81.0	31.034262336998207	31.23242137560726	12.957044234211198	24.769879826131426	0.006392227051904884
82.0	30.86167220659678	31.37944259780107	13.033750958834059	24.718742009716184	0.006392227051904884
83.0	31.027870109946303	31.36665814369726	12.944259780107389	24.654819739197137	0.006392227051904884
84.0	30.900025568908205	31.309128100230122	13.008182050626438	24.77627205318333	0.006392227051904884
85.0	30.99590897468678	31.392227051904886	12.90590641779596	24.69956532856047	0.006392227051904884
86.0	30.93198670416773	31.373050370749166	13.001789823574534	24.68678087445666	0.006392227051904884
87.0	30.976732293531068	31.34748146254155	12.912298644847864	24.757095372027614	0.006392227051904884
88.0	30.842495525441066	31.43697264126822	13.02735873178215	24.68678087445666	0.006392227051904884
89.0	30.989516747634877	31.417795960112503	12.925083098951676	24.66121196624904	0.006392227051904884
90.0	30.880848887752492	31.353873689593453	13.046535412937867	24.71234978266428	0.006392227051904884
91.0	30.96394783942726	31.360265916645357	12.957044234211198	24.71234978266428	0.006392227051904884
92.0	30.900025568908205	31.405011506008695	12.989005369470725	24.69956532856047	0.006392227051904884
93.0	30.96394783942726	31.456149322423933	12.861160828432627	24.71234978266428	0.006392227051904884
94.0	30.938378931219635	31.328304781385835	12.98261314241882	24.744310917923805	0.006392227051904884
95.0	30.976732293531068	31.443364868320124	12.873945282536436	24.69956532856047	0.006392227051904884
96.0	30.874456660700588	31.36665814369726	12.976220915366914	24.77627205318333	0.006392227051904884
97.0	30.906417795960113	31.526463819994888	12.89312196369215	24.667604193300946	0.006392227051904884
98.0	30.921178802020073	31.426197021031772	12.957872530844467	24.69475164610369	0.0
