# Position (bp)	A	C	G	T	N
0.0	31.055186509964233	31.39371486969852	12.883239652529383	24.661471640265713	0.006387327542156362
1.0	30.876341338783853	31.43203883495146	13.017373530914666	24.667858967807867	0.006387327542156362
2.0	30.991313234542666	31.387327542156363	12.934338272866633	24.68063362289218	0.006387327542156362
3.0	30.88272866632601	31.463975472662238	13.030148185998977	24.616760347470617	0.006387327542156362
4.0	30.98492590700051	31.43842616249361	12.92156361778232	24.648696985181402	0.006387327542156362
5.0	30.908277976494634	31.39371486969852	13.01098620337251	24.68063362289218	0.006387327542156362
6.0	31.06796116504854	31.444813490035767	12.934338272866633	24.546499744506896	0.006387327542156362
7.0	30.92105263157895	31.43203883495146	12.99182422074604	24.648696985181402	0.006387327542156362
8.0	31.02324987225345	31.387327542156363	12.896014307613695	24.687020950434338	0.006387327542156362
9.0	30.806080735820135	31.489524782830863	13.004598875830354	24.693408277976495	0.006387327542156362
10.0	31.029637199795605	31.361778231987735	12.915176290240163	24.687020950434338	0.006387327542156362
11.0	30.831630045988756	31.412876852324988	13.02376085845682	24.725344915687273	0.006387327542156362
12.0	30.997700562084823	31.387327542156363	12.902401635155849	24.70618293306081	0.006387327542156362
13.0	30.8252427184466	31.43203883495146	13.055697496167603	24.68063362289218	0.006387327542156362
14.0	30.959376596831884	31.31067961165049	12.953500255493102	24.770056208482373	0.006387327542156362
15.0	30.85717935615738	31.400102197240678	13.042922841083291	24.693408277976495	0.006387327542156362
16.0	30.908277976494634	31.342616249361267	13.004598875830354	24.738119570771588	0.006387327542156362
17.0	30.88272866632601	31.361778231987735	13.017373530914666	24.73173224322943	0.006387327542156362
18.0	30.91466530403679	31.329841594276953	12.99182422074604	24.75728155339806	0.006387327542156362
19.0	30.94021461420542	31.329841594276953	13.06208482370976	24.661471640265713	0.006387327542156362
20.0	30.90189064895248	31.380940214614206	13.01098620337251	24.699795605518652	0.006387327542156362
21.0	30.850792028615224	31.28513030148186	13.030148185998977	24.82754215636178	0.006387327542156362
22.0	31.00408788962698	31.30429228410833	12.998211548288197	24.687020950434338	0.006387327542156362
23.0	30.876341338783853	31.34900357690342	13.02376085845682	24.744506898313745	0.006387327542156362
24.0	30.959376596831884	31.28513030148186	13.01098620337251	24.738119570771588	0.006387327542156362
25.0	30.88272866632601	31.342616249361267	13.055697496167603	24.712570260602966	0.006387327542156362
26.0	30.94660194174757	31.323454266734796	12.985436893203882	24.738119570771588	0.006387327542156362
27.0	30.895503321410324	31.400102197240678	12.985436893203882	24.712570260602966	0.006387327542156362
28.0	30.88272866632601	31.380940214614206	12.966274910577413	24.763668880940216	0.006387327542156362
29.0	30.991313234542666	31.329841594276953	12.979049565661727	24.693408277976495	0.006387327542156362
30.0	30.90189064895248	31.361778231987735	13.02376085845682	24.70618293306081	0.006387327542156362
31.0	30.927439959121106	31.31067961165049	13.004598875830354	24.7508942258559	0.006387327542156362
32.0	30.96576392437404	31.37455288707205	12.979049565661727	24.674246295350024	0.006387327542156362
33.0	30.908277976494634	31.368165559529892	13.06208482370976	24.655084312723556	0.006387327542156362
34.0	30.98492590700051	31.278742973939703	13.02376085845682	24.70618293306081	0.006387327542156362
35.0	30.85717935615738	31.444813490035767	12.979049565661727	24.712570260602966	0.006387327542156362
36.0	30.94660194174757	31.34900357690342	13.004598875830354	24.693408277976495	0.006387327542156362
37.0	30.895503321410324	31.31706693919264	12.998211548288197	24.782830863566684	0.006387327542156362
38.0	30.978538579458352	31.387327542156363	12.953500255493102	24.674246295350024	0.006387327542156362
39.0	30.90189064895248	31.31706693919264	12.99182422074604	24.782830863566684	0.006387327542156362
40.0	31.016862544711294	31.31067961165049	12.94072560040879	24.725344915687273	0.006387327542156362
41.0	30.908277976494634	31.278742973939703	13.132345426673481	24.674246295350024	0.006387327542156362
42.0	31.010475217169137	31.323454266734796	12.94072560040879	24.71895758814512	0.006387327542156362
43.0	30.91466530403679	31.329841594276953	13.030148185998977	24.71895758814512	0.006387327542156362
44.0	30.94660194174757	31.412876852324988	12.927950945324476	24.70618293306081	0.006387327542156362
45.0	30.933827286663263	31.30429228410833	12.985436893203882	24.770056208482373	0.006387327542156362
46.0	30.91466530403679	31.361778231987735	13.02376085845682	24.693408277976495	0.006387327542156362
47.0	30.90189064895248	31.297904956566175	13.030148185998977	24.763668880940216	0.006387327542156362
48.0	31.010475217169137	31.278742973939703	12.998211548288197	24.70618293306081	0.006387327542156362
49.0	30.952989269289727	31.33622892181911	13.042922841083291	24.661471640265713	0.006387327542156362
50.0	31.029637199795605	31.202095043433825	12.99182422074604	24.770056208482373	0.006387327542156362
51.0	30.933827286663263	31.31067961165049	12.953500255493102	24.795605518650994	0.006387327542156362
52.0	30.978538579458352	31.31067961165049	12.97266223811957	24.73173224322943	0.006387327542156362
53.0	30.94021461420542	31.342616249361267	12.97266223811957	24.738119570771588	0.006387327542156362
54.0	30.991313234542666	31.297904956566175	12.966274910577413	24.738119570771588	0.006387327542156362
55.0	30.933827286663263	31.323454266734796	12.979049565661727	24.75728155339806	0.006387327542156362
56.0	30.9721512519162	31.278742973939703	12.985436893203882	24.75728155339806	0.006387327542156362
57.0	30.927439959121106	31.368165559529892	13.01098620337251	24.687020950434338	0.006387327542156362
58.0	30.96576392437404	31.412876852324988	12.915176290240163	24.699795605518652	0.006387327542156362
59.0	30.96576392437404	31.265968318855393	13.017373530914666	24.744506898313745	0.006387327542156362
60.0	30.952989269289727	31.451200817577924	12.94072560040879	24.648696985181402	0.006387327542156362
61.0	30.876341338783853	31.387327542156363	12.966274910577413	24.763668880940216	0.006387327542156362
62.0	30.952989269289727	31.37455288707205	12.959887583035258	24.70618293306081	0.006387327542156362
63.0	30.92105263157895	31.355390904445578	12.959887583035258	24.75728155339806	0.006387327542156362
64.0	30.978538579458352	31.400102197240678	12.870464997445069	24.744506898313745	0.006387327542156362
65.0	30.96576392437404	31.368165559529892	12.959887583035258	24.699795605518652	0.006387327542156362
66.0	30.94021461420542	31.412876852324988	12.947112927950947	24.693408277976495	0.006387327542156362
67.0	30.94660194174757	31.39371486969852	12.959887583035258	24.693408277976495	0.006387327542156362
68.0	30.927439959121106	31.368165559529892	12.927950945324476	24.770056208482373	0.006387327542156362
69.0	31.02324987225345	31.34900357690342	12.92156361778232	24.699795605518652	0.006387327542156362
70.0	30.959376596831884	31.329841594276953	12.947112927950947	24.75728155339806	0.006387327542156362
71.0	30.94660194174757	31.43203883495146	12.915176290240163	24.699795605518652	0.006387327542156362
72.0	30.91466530403679	31.444813490035767	12.953500255493102	24.68063362289218	0.006387327542156362
73.0	30.952989269289727	31.425651507409302	12.908788962698006	24.70618293306081	0.006387327542156362
74.0	30.91466530403679	31.425651507409302	12.979049565661727	24.674246295350024	0.006387327542156362
75.0	30.98492590700051	31.30429228410833	12.94072560040879	24.763668880940216	0.006387327542156362
76.0	30.978538579458352	31.31706693919264	12.97266223811957	24.725344915687273	0.006387327542156362
77.0	30.9721512519162	31.368165559529892	12.953500255493102	24.699795605518652	0.006387327542156362
78.0	31.00408788962698	31.34900357690342	12.959887583035258	24.68063362289218	0.006387327542156362
79.0	30.908277976494634	31.329841594276953	12.934338272866633	24.821154828819623	0.006387327542156362
80.0	30.889115993868167	31.40648952478283	12.979049565661727	24.71895758814512	0.006387327542156362
81.0	30.978538579458352	31.278742973939703	12.94072560040879	24.795605518650994	0.006387327542156362
82.0	30.84440470107307	31.412876852324988	13.01098620337251	24.725344915687273	0.006387327542156362
83.0	30.9721512519162	31.387327542156363	12.94072560040879	24.693408277976495	0.006387327542156362
84.0	30.876341338783853	31.342616249361267	12.985436893203882	24.789218191108837	0.006387327542156362
85.0	30.96576392437404	31.412876852324988	12.876852324987226	24.738119570771588	0.006387327542156362
86.0	30.94021461420542	31.39371486969852	12.985436893203882	24.674246295350024	0.006387327542156362
87.0	30.94660194174757	31.361778231987735	12.896014307613695	24.789218191108837	0.006387327542156362
88.0	30.84440470107307	31.470362800204395	12.998211548288197	24.68063362289218	0.006387327542156362
89.0	30.9721512519162	31.419264179867145	12.889626980071538	24.712570260602966	0.006387327542156362
90.0	30.876341338783853	31.342616249361267	13.055697496167603	24.71895758814512	0.006387327542156362
91.0	30.94660194174757	31.368165559529892	12.94072560040879	24.738119570771588	0.006387327542156362
92.0	30.908277976494634	31.419264179867145	12.959887583035258	24.70618293306081	0.006387327542156362
93.0	30.933827286663263	31.444813490035767	12.8513030148186	24.763668880940216	0.006387327542156362
94.0	30.9721512519162	31.297904956566175	12.959887583035258	24.763668880940216	0.006387327542156362
95.0	30.952989269289727	31.451200817577924	12.857690342360756	24.73173224322943	0.006387327542156362
96.0	30.876341338783853	31.34900357690342	12.979049565661727	24.789218191108837	0.006387327542156362
97.0	30.90189064895248	31.540623403168116	12.857690342360756	24.693408277976495	0.006387327542156362
98.0	30.935803257745132	31.408495688278503	12.941552219738103	24.714148834238262	0.0
