#Mapping quality	mapping quality
2.0	65.0
3.0	227.0
4.0	16.0
5.0	19.0
6.0	22.0
7.0	20.0
8.0	20.0
9.0	29.0
10.0	21.0
11.0	28.0
12.0	22.0
13.0	42.0
14.0	28.0
15.0	32.0
16.0	30.0
17.0	29.0
18.0	55.0
19.0	37.0
20.0	34.0
21.0	36.0
22.0	36.0
23.0	37.0
24.0	38.0
25.0	42.0
26.0	41.0
27.0	49.0
28.0	40.0
29.0	50.0
30.0	44.0
31.0	46.0
32.0	54.0
33.0	55.0
34.0	85.0
35.0	107.0
36.0	79.0
37.0	144.0
38.0	101.0
39.0	127.0
40.0	109.0
41.0	109.0
42.0	194.0
43.0	130.0
44.0	117.0
45.0	188.0
46.0	342.0
47.0	155.0
48.0	186.0
49.0	173.0
50.0	274.0
51.0	272.0
52.0	199.0
53.0	204.0
54.0	243.0
55.0	317.0
56.0	388.0
57.0	493.0
58.0	371.0
59.0	727.0
60.0	9389.0
