#Mapping quality	mapping quality
1.0	29.0
2.0	25.0
3.0	21.0
4.0	67.0
5.0	127.0
6.0	218.0
7.0	230.0
8.0	163.0
9.0	174.0
10.0	126.0
11.0	140.0
12.0	131.0
13.0	232.0
14.0	175.0
15.0	149.0
16.0	195.0
17.0	243.0
18.0	153.0
19.0	254.0
20.0	183.0
21.0	193.0
22.0	110.0
23.0	134.0
24.0	149.0
25.0	185.0
26.0	129.0
27.0	117.0
28.0	182.0
29.0	105.0
30.0	111.0
31.0	108.0
32.0	163.0
33.0	132.0
34.0	137.0
35.0	105.0
36.0	176.0
37.0	207.0
38.0	113.0
39.0	89.0
40.0	90.0
41.0	122.0
42.0	124.0
43.0	164.0
44.0	157.0
45.0	130.0
46.0	176.0
47.0	174.0
48.0	152.0
49.0	199.0
50.0	218.0
51.0	240.0
52.0	263.0
53.0	177.0
54.0	371.0
55.0	413.0
56.0	235.0
57.0	241.0
58.0	583.0
59.0	779.0
60.0	5880.0
