# Position (bp)	A	C	G	T	N
0.0	31.06789926681543	31.354797577303156	12.897672935926044	24.673254701944533	0.006375518010838381
1.0	30.889384762511956	31.399426203379026	13.037934332164488	24.666879183933695	0.006375518010838381
2.0	30.97864201466369	31.367548613324832	12.948677080012752	24.69875677398789	0.006375518010838381
3.0	30.889384762511956	31.45043034746573	13.031558814153648	24.622250557857825	0.006375518010838381
4.0	30.997768568696205	31.4121772394007	12.935926043991074	24.64775262990118	0.006375518010838381
5.0	30.895760280522794	31.373924131335674	13.031558814153648	24.692381255977047	0.006375518010838381
6.0	31.061523748804593	31.43130379343322	12.935926043991074	24.56487089576028	0.006375518010838381
7.0	30.895760280522794	31.43130379343322	12.999681224099458	24.666879183933695	0.006375518010838381
8.0	31.004144086707047	31.373924131335674	12.923175007969398	24.692381255977047	0.006375518010838381
9.0	30.81925406439273	31.437679311444057	13.037934332164488	24.69875677398789	0.006375518010838381
10.0	31.05514823079375	31.322919987248966	12.923175007969398	24.692381255977047	0.006375518010838381
11.0	30.844756136436086	31.38029964934651	13.037934332164488	24.73063436404208	0.006375518010838381
12.0	31.023270640739558	31.3292955052598	12.935926043991074	24.705132291998723	0.006375518010838381
13.0	30.876633726490276	31.38029964934651	13.07618744022952	24.660503665922857	0.006375518010838381
14.0	30.991393050685367	31.28466687918393	12.96142811603443	24.756136436085434	0.006375518010838381
15.0	30.895760280522794	31.38029964934651	13.037934332164488	24.67963021995537	0.006375518010838381
16.0	30.94038890659866	31.33567102327064	13.006056742110298	24.711507810009564	0.006375518010838381
17.0	30.876633726490276	31.354797577303156	13.031558814153648	24.73063436404208	0.006375518010838381
18.0	30.927637870576984	31.29741791520561	12.99330570608862	24.775262990117948	0.006375518010838381
19.0	30.95313994262034	31.316544469238128	13.06981192221868	24.65412814791202	0.006375518010838381
20.0	30.90851131654447	31.354797577303156	13.025183296142812	24.705132291998723	0.006375518010838381
21.0	30.889384762511956	31.246413771118903	13.044309850175326	24.813516098182976	0.006375518010838381
22.0	31.010519604717885	31.278291361173093	13.018807778131974	24.68600573796621	0.006375518010838381
23.0	30.889384762511956	31.30379343321645	13.037934332164488	24.76251195409627	0.006375518010838381
24.0	30.98501753267453	31.23366273509723	13.031558814153648	24.743385400063755	0.006375518010838381
25.0	30.90213579853363	31.316544469238128	13.057060886197004	24.717883328020402	0.006375518010838381
26.0	30.965890978642012	31.28466687918393	12.99330570608862	24.749760918074593	0.006375518010838381
27.0	30.927637870576984	31.361173095313994	12.99330570608862	24.711507810009564	0.006375518010838381
28.0	30.914886834555304	31.348422059292318	12.974179152056104	24.756136436085434	0.006375518010838381
29.0	30.991393050685367	31.30379343321645	12.999681224099458	24.69875677398789	0.006375518010838381
30.0	30.92126235256615	31.3292955052598	13.031558814153648	24.711507810009564	0.006375518010838381
31.0	30.959515460631177	31.271915843162258	13.037934332164488	24.72425884603124	0.006375518010838381
32.0	30.98501753267453	31.342046541281476	13.006056742110298	24.660503665922857	0.006375518010838381
33.0	30.959515460631177	31.322919987248966	13.057060886197004	24.65412814791202	0.006375518010838381
34.0	31.036021676761237	31.23366273509723	13.050685368186166	24.673254701944533	0.006375518010838381
35.0	30.889384762511956	31.399426203379026	13.012432260121134	24.692381255977047	0.006375518010838381
36.0	30.997768568696205	31.29741791520561	13.012432260121134	24.68600573796621	0.006375518010838381
37.0	30.94038890659866	31.278291361173093	13.018807778131974	24.756136436085434	0.006375518010838381
38.0	31.010519604717885	31.354797577303156	12.974179152056104	24.65412814791202	0.006375518010838381
39.0	30.9467644246095	31.259164807140582	13.006056742110298	24.781638508128786	0.006375518010838381
40.0	31.05514823079375	31.28466687918393	12.948677080012752	24.705132291998723	0.006375518010838381
41.0	30.9467644246095	31.25278928912974	13.127191584316225	24.666879183933695	0.006375518010838381
42.0	31.048772712782913	31.278291361173093	12.942301562001912	24.72425884603124	0.006375518010838381
43.0	30.9467644246095	31.316544469238128	13.031558814153648	24.69875677398789	0.006375518010838381
44.0	30.965890978642012	31.386675167357346	12.935926043991074	24.705132291998723	0.006375518010838381
45.0	30.965890978642012	31.271915843162258	12.98693018807778	24.76888747210711	0.006375518010838381
46.0	30.965890978642012	31.33567102327064	13.018807778131974	24.673254701944533	0.006375518010838381
47.0	30.914886834555304	31.271915843162258	13.037934332164488	24.76888747210711	0.006375518010838381
48.0	31.042397194772075	31.240038253108064	12.999681224099458	24.711507810009564	0.006375518010838381
49.0	31.010519604717885	31.28466687918393	13.044309850175326	24.65412814791202	0.006375518010838381
50.0	31.042397194772075	31.16990755498884	13.006056742110298	24.775262990117948	0.006375518010838381
51.0	30.959515460631177	31.28466687918393	12.96142811603443	24.788014026139624	0.006375518010838381
52.0	31.023270640739558	31.271915843162258	12.974179152056104	24.72425884603124	0.006375518010838381
53.0	30.97226649665285	31.310168951227286	12.980554670066944	24.73063436404208	0.006375518010838381
54.0	31.016895122728723	31.28466687918393	12.967803634045266	24.72425884603124	0.006375518010838381
55.0	30.9467644246095	31.30379343321645	12.99330570608862	24.749760918074593	0.006375518010838381
56.0	30.97226649665285	31.25278928912974	13.006056742110298	24.76251195409627	0.006375518010838381
57.0	30.965890978642012	31.3292955052598	13.018807778131974	24.67963021995537	0.006375518010838381
58.0	30.997768568696205	31.38029964934651	12.948677080012752	24.666879183933695	0.006375518010838381
59.0	30.991393050685367	31.22091169907555	13.037934332164488	24.743385400063755	0.006375518010838381
60.0	30.991393050685367	31.4121772394007	12.942301562001912	24.64775262990118	0.006375518010838381
61.0	30.94038890659866	31.348422059292318	12.974179152056104	24.73063436404208	0.006375518010838381
62.0	30.997768568696205	31.33567102327064	12.967803634045266	24.692381255977047	0.006375518010838381
63.0	30.965890978642012	31.322919987248966	12.96142811603443	24.743385400063755	0.006375518010838381
64.0	31.036021676761237	31.361173095313994	12.891297417915206	24.705132291998723	0.006375518010838381
65.0	30.97864201466369	31.348422059292318	12.974179152056104	24.692381255977047	0.006375518010838381
66.0	30.959515460631177	31.405801721389864	12.95505259802359	24.673254701944533	0.006375518010838381
67.0	30.98501753267453	31.373924131335674	12.974179152056104	24.660503665922857	0.006375518010838381
68.0	30.927637870576984	31.361173095313994	12.935926043991074	24.76888747210711	0.006375518010838381
69.0	31.042397194772075	31.348422059292318	12.923175007969398	24.67963021995537	0.006375518010838381
70.0	31.016895122728723	31.310168951227286	12.95505259802359	24.711507810009564	0.006375518010838381
71.0	30.97864201466369	31.41855275741154	12.923175007969398	24.673254701944533	0.006375518010838381
72.0	30.965890978642012	31.43130379343322	12.935926043991074	24.660503665922857	0.006375518010838381
73.0	30.991393050685367	31.41855275741154	12.916799489958558	24.666879183933695	0.006375518010838381
74.0	30.927637870576984	31.4121772394007	12.99330570608862	24.660503665922857	0.006375518010838381
75.0	31.029646158750396	31.291042397194772	12.929550525980234	24.743385400063755	0.006375518010838381
76.0	31.004144086707047	31.29741791520561	12.99330570608862	24.69875677398789	0.006375518010838381
77.0	30.98501753267453	31.348422059292318	12.967803634045266	24.692381255977047	0.006375518010838381
78.0	31.042397194772075	31.322919987248966	12.948677080012752	24.67963021995537	0.006375518010838381
79.0	30.95313994262034	31.29741791520561	12.935926043991074	24.80714058017214	0.006375518010838381
80.0	30.93401338858782	31.373924131335674	12.99330570608862	24.692381255977047	0.006375518010838381
81.0	31.016895122728723	31.259164807140582	12.942301562001912	24.775262990117948	0.006375518010838381
82.0	30.876633726490276	31.386675167357346	13.025183296142812	24.705132291998723	0.006375518010838381
83.0	30.997768568696205	31.367548613324832	12.948677080012752	24.67963021995537	0.006375518010838381
84.0	30.90851131654447	31.316544469238128	12.99330570608862	24.775262990117948	0.006375518010838381
85.0	30.98501753267453	31.38029964934651	12.90404845393688	24.72425884603124	0.006375518010838381
86.0	30.93401338858782	31.38029964934651	12.999681224099458	24.67963021995537	0.006375518010838381
87.0	30.959515460631177	31.342046541281476	12.897672935926044	24.794389544150462	0.006375518010838381
88.0	30.87025820847944	31.43130379343322	13.025183296142812	24.666879183933695	0.006375518010838381
89.0	30.98501753267453	31.399426203379026	12.923175007969398	24.68600573796621	0.006375518010838381
90.0	30.90213579853363	31.342046541281476	13.044309850175326	24.705132291998723	0.006375518010838381
91.0	30.965890978642012	31.361173095313994	12.95505259802359	24.711507810009564	0.006375518010838381
92.0	30.914886834555304	31.4121772394007	12.980554670066944	24.68600573796621	0.006375518010838381
93.0	30.95313994262034	31.444054829454892	12.853044309850176	24.743385400063755	0.006375518010838381
94.0	30.97864201466369	31.310168951227286	12.96142811603443	24.743385400063755	0.006375518010838381
95.0	30.965890978642012	31.444054829454892	12.859419827861013	24.72425884603124	0.006375518010838381
96.0	30.90213579853363	31.348422059292318	12.967803634045266	24.775262990117948	0.006375518010838381
97.0	30.914886834555304	31.526936563595793	12.865795345871852	24.68600573796621	0.006375518010838381
98.0	30.961489415965314	31.407804131599082	12.930374904361134	24.70033154807447	0.0
