# Position (bp)	A	C	G	T	N
0.0	31.02160244039096	31.295523874743196	12.9925916702982	24.68405652742327	0.006225487144369047
1.0	31.02160244039096	31.36400423333126	12.892983875988296	24.715183963145115	0.006225487144369047
2.0	31.015376953246594	31.382680694764364	12.93033679885451	24.665380065990163	0.006225487144369047
3.0	30.97802403038038	31.320425823320676	12.9925916702982	24.702732988856376	0.006225487144369047
4.0	30.953122081802903	31.401357156197474	12.917885824565772	24.721409450289485	0.006225487144369047
5.0	31.00292597895785	31.401357156197474	12.911660337421404	24.677831040278903	0.006225487144369047
6.0	30.990475004669115	31.314200336176306	12.9925916702982	24.69650750171201	0.006225487144369047
7.0	30.928220133225427	31.420033617630576	12.93033679885451	24.715183963145115	0.006225487144369047
8.0	30.959347568947273	31.401357156197474	12.980140696009462	24.652929091701424	0.006225487144369047
9.0	30.98424951752475	31.438710079063686	12.886758388843928	24.68405652742327	0.006225487144369047
10.0	30.990475004669115	31.326651310465042	12.93033679885451	24.74631139886696	0.006225487144369047
11.0	30.940671107514163	31.370229720475628	12.986366183153834	24.69650750171201	0.006225487144369047
12.0	30.96557305609164	31.43248459191932	12.92411131171014	24.671605553134533	0.006225487144369047
13.0	30.94689659465853	31.33287679760941	12.949013260287618	24.76498786030007	0.006225487144369047
14.0	30.996700491813485	31.36400423333126	12.955238747431984	24.677831040278903	0.006225487144369047
15.0	30.89709269750358	31.388906181908734	12.986366183153834	24.721409450289485	0.006225487144369047
16.0	30.98424951752475	31.357778746186888	12.949013260287618	24.702732988856376	0.006225487144369047
17.0	30.940671107514163	31.388906181908734	12.980140696009462	24.68405652742327	0.006225487144369047
18.0	30.971798543236005	31.326651310465042	12.986366183153834	24.70895847600075	0.006225487144369047
19.0	30.915769158936683	31.382680694764364	12.949013260287618	24.74631139886696	0.006225487144369047
20.0	30.94689659465853	31.388906181908734	12.980140696009462	24.677831040278903	0.006225487144369047
21.0	30.96557305609164	31.258170951876984	13.011268131731308	24.758762373155697	0.006225487144369047
22.0	30.88464172321484	31.438710079063686	12.986366183153834	24.68405652742327	0.006225487144369047
23.0	30.971798543236005	31.314200336176306	13.023719106020046	24.68405652742327	0.006225487144369047
24.0	30.85973977463737	31.36400423333126	12.961464234576356	24.808566270310653	0.006225487144369047
25.0	30.990475004669115	31.357778746186888	12.949013260287618	24.69650750171201	0.006225487144369047
26.0	30.89709269750358	31.345327771898152	13.05484654174189	24.69650750171201	0.006225487144369047
27.0	30.909543671792317	31.351553259042518	13.029944593164416	24.702732988856376	0.006225487144369047
28.0	30.87841623607047	31.376455207619998	12.9925916702982	24.74631139886696	0.006225487144369047
29.0	30.915769158936683	31.351553259042518	13.042395567453152	24.68405652742327	0.006225487144369047
30.0	30.87841623607047	31.326651310465042	13.00504264458694	24.783664321733177	0.006225487144369047
31.0	30.903318184647947	31.40758264334184	13.017493618875678	24.665380065990163	0.006225487144369047
32.0	30.934445620369793	31.370229720475628	13.029944593164416	24.659154578845794	0.006225487144369047
33.0	30.953122081802903	31.295523874743196	13.061072028886262	24.68405652742327	0.006225487144369047
34.0	30.872190748926105	31.40758264334184	13.023719106020046	24.69028201456764	0.006225487144369047
35.0	30.96557305609164	31.28929838759883	13.042395567453152	24.69650750171201	0.006225487144369047
36.0	30.915769158936683	31.382680694764364	13.029944593164416	24.665380065990163	0.006225487144369047
37.0	30.959347568947273	31.370229720475628	13.017493618875678	24.646703604557057	0.006225487144369047
38.0	30.94689659465853	31.251945464732618	13.05484654174189	24.74008591172259	0.006225487144369047
39.0	30.89709269750358	31.33287679760941	13.017493618875678	24.74631139886696	0.006225487144369047
40.0	30.890867210359215	31.36400423333126	12.998817157442568	24.74008591172259	0.006225487144369047
41.0	30.921994646081057	31.314200336176306	13.036170080308784	24.721409450289485	0.006225487144369047
42.0	30.953122081802903	31.320425823320676	12.986366183153834	24.733860424578225	0.006225487144369047
43.0	30.85973977463737	31.264396439021354	13.05484654174189	24.81479175745502	0.006225487144369047
44.0	30.971798543236005	31.320425823320676	13.048621054597524	24.652929091701424	0.006225487144369047
45.0	31.015376953246594	31.233269003299508	13.023719106020046	24.721409450289485	0.006225487144369047
46.0	30.97802403038038	31.320425823320676	13.00504264458694	24.69028201456764	0.006225487144369047
47.0	30.953122081802903	31.36400423333126	13.036170080308784	24.640478117412687	0.006225487144369047
48.0	31.015376953246594	31.27062192616572	12.967689721720724	24.74008591172259	0.006225487144369047
49.0	30.96557305609164	31.233269003299508	13.036170080308784	24.758762373155697	0.006225487144369047
50.0	30.990475004669115	31.295523874743196	13.036170080308784	24.671605553134533	0.006225487144369047
51.0	31.046504388968437	31.30797484903194	13.029944593164416	24.60935068169084	0.006225487144369047
52.0	30.915769158936683	31.28307290045446	12.998817157442568	24.796115296021913	0.006225487144369047
53.0	30.928220133225427	31.30797484903194	13.011268131731308	24.74631139886696	0.006225487144369047
54.0	30.934445620369793	31.326651310465042	13.06729751603063	24.665380065990163	0.006225487144369047
55.0	30.97802403038038	31.27062192616572	13.023719106020046	24.721409450289485	0.006225487144369047
56.0	30.97802403038038	31.320425823320676	13.036170080308784	24.659154578845794	0.006225487144369047
57.0	30.921994646081057	31.345327771898152	13.061072028886262	24.665380065990163	0.006225487144369047
58.0	30.97802403038038	31.301749361887566	13.048621054597524	24.665380065990163	0.006225487144369047
59.0	30.97802403038038	31.28929838759883	13.048621054597524	24.677831040278903	0.006225487144369047
60.0	30.953122081802903	31.351553259042518	12.9925916702982	24.69650750171201	0.006225487144369047
61.0	31.00292597895785	31.30797484903194	13.079748490319368	24.603125194546475	0.006225487144369047
62.0	30.971798543236005	31.376455207619998	13.00504264458694	24.640478117412687	0.006225487144369047
63.0	30.953122081802903	31.33287679760941	13.029944593164416	24.677831040278903	0.006225487144369047
64.0	31.015376953246594	31.326651310465042	13.029944593164416	24.62180165597958	0.006225487144369047
65.0	30.953122081802903	31.30797484903194	13.023719106020046	24.70895847600075	0.006225487144369047
66.0	31.027827927535327	31.326651310465042	13.023719106020046	24.61557616883521	0.006225487144369047
67.0	30.953122081802903	31.28307290045446	13.048621054597524	24.70895847600075	0.006225487144369047
68.0	30.996700491813485	31.314200336176306	13.011268131731308	24.671605553134533	0.006225487144369047
69.0	31.046504388968437	31.276847413310094	13.00504264458694	24.665380065990163	0.006225487144369047
70.0	30.934445620369793	31.382680694764364	12.986366183153834	24.69028201456764	0.006225487144369047
71.0	31.009151466102225	31.245719977588248	13.061072028886262	24.677831040278903	0.006225487144369047
72.0	31.04027890182407	31.251945464732618	13.017493618875678	24.68405652742327	0.006225487144369047
73.0	30.940671107514163	31.376455207619998	13.011268131731308	24.665380065990163	0.006225487144369047
74.0	30.990475004669115	31.28307290045446	12.967689721720724	24.75253688601133	0.006225487144369047
75.0	30.971798543236005	31.326651310465042	13.042395567453152	24.652929091701424	0.006225487144369047
76.0	30.959347568947273	31.370229720475628	12.936562285998878	24.727634937433855	0.006225487144369047
77.0	30.98424951752475	31.28307290045446	13.023719106020046	24.702732988856376	0.006225487144369047
78.0	30.96557305609164	31.28929838759883	13.017493618875678	24.721409450289485	0.006225487144369047
79.0	30.971798543236005	31.320425823320676	13.017493618875678	24.68405652742327	0.006225487144369047
80.0	30.940671107514163	31.295523874743196	13.042395567453152	24.715183963145115	0.006225487144369047
81.0	30.96557305609164	31.30797484903194	12.986366183153834	24.733860424578225	0.006225487144369047
82.0	30.940671107514163	31.395131669053107	12.973915208865094	24.68405652742327	0.006225487144369047
83.0	30.928220133225427	31.370229720475628	13.023719106020046	24.671605553134533	0.006225487144369047
84.0	30.928220133225427	31.376455207619998	12.980140696009462	24.70895847600075	0.006225487144369047
85.0	30.89709269750358	31.326651310465042	13.048621054597524	24.721409450289485	0.006225487144369047
86.0	30.990475004669115	31.382680694764364	12.973915208865094	24.646703604557057	0.006225487144369047
87.0	30.940671107514163	31.370229720475628	12.94278777314325	24.74008591172259	0.006225487144369047
88.0	30.865965261781735	31.382680694764364	12.998817157442568	24.74631139886696	0.006225487144369047
89.0	30.88464172321484	31.395131669053107	12.998817157442568	24.715183963145115	0.006225487144369047
90.0	30.88464172321484	31.41380813048621	12.973915208865094	24.721409450289485	0.006225487144369047
91.0	30.971798543236005	31.345327771898152	12.961464234576356	24.715183963145115	0.006225487144369047
92.0	30.85973977463737	31.401357156197474	13.011268131731308	24.721409450289485	0.006225487144369047
93.0	30.959347568947273	31.345327771898152	12.986366183153834	24.702732988856376	0.006225487144369047
94.0	30.84106331320426	31.451161053352422	12.892983875988296	24.808566270310653	0.006225487144369047
95.0	30.940671107514163	31.401357156197474	12.955238747431984	24.69650750171201	0.006225487144369047
96.0	30.934445620369793	31.357778746186888	12.949013260287618	24.75253688601133	0.006225487144369047
97.0	30.940671107514163	31.40758264334184	12.93033679885451	24.715183963145115	0.006225487144369047
98.0	30.915769158936683	31.395131669053107	12.949013260287618	24.733860424578225	0.006225487144369047
99.0	30.971798543236005	31.30797484903194	12.973915208865094	24.74008591172259	0.006225487144369047
100.0	30.959347568947273	31.388906181908734	12.936562285998878	24.70895847600075	0.006225487144369047
101.0	31.009151466102225	31.301749361887566	12.949013260287618	24.733860424578225	0.006225487144369047
102.0	30.909543671792317	31.420033617630576	12.93033679885451	24.733860424578225	0.006225487144369047
103.0	30.940671107514163	31.382680694764364	12.86808192741082	24.802340783166283	0.006225487144369047
104.0	30.97802403038038	31.370229720475628	12.917885824565772	24.727634937433855	0.006225487144369047
105.0	30.97802403038038	31.320425823320676	12.936562285998878	24.758762373155697	0.006225487144369047
106.0	30.996700491813485	31.370229720475628	12.936562285998878	24.69028201456764	0.006225487144369047
107.0	30.971798543236005	31.36400423333126	12.93033679885451	24.727634937433855	0.006225487144369047
108.0	30.915769158936683	31.320425823320676	12.973915208865094	24.783664321733177	0.006225487144369047
109.0	31.10253377326776	31.28307290045446	12.880532901699556	24.727634937433855	0.006225487144369047
110.0	30.996700491813485	31.370229720475628	12.849405465977712	24.777438834588807	0.006225487144369047
111.0	30.959347568947273	31.320425823320676	12.936562285998878	24.777438834588807	0.006225487144369047
112.0	31.077631824690283	31.382680694764364	12.892983875988296	24.640478117412687	0.006225487144369047
113.0	31.02160244039096	31.320425823320676	12.899209363132666	24.75253688601133	0.006225487144369047
114.0	31.00292597895785	31.320425823320676	12.93033679885451	24.74008591172259	0.006225487144369047
115.0	31.027827927535327	31.339102284753785	12.892983875988296	24.733860424578225	0.006225487144369047
116.0	31.00292597895785	31.36400423333126	12.936562285998878	24.69028201456764	0.006225487144369047
117.0	31.015376953246594	31.351553259042518	12.92411131171014	24.702732988856376	0.006225487144369047
118.0	30.96557305609164	31.382680694764364	12.892983875988296	24.75253688601133	0.006225487144369047
119.0	31.034053414679697	31.33287679760941	12.874307414555188	24.75253688601133	0.006225487144369047
120.0	31.08385731183465	31.30797484903194	12.94278777314325	24.659154578845794	0.006225487144369047
121.0	31.02160244039096	31.388906181908734	12.836954491688973	24.74631139886696	0.006225487144369047
122.0	31.046504388968437	31.351553259042518	12.892983875988296	24.702732988856376	0.006225487144369047
123.0	30.971798543236005	31.401357156197474	12.917885824565772	24.702732988856376	0.006225487144369047
124.0	30.98424951752475	31.376455207619998	12.905434850277034	24.727634937433855	0.006225487144369047
125.0	31.08385731183465	31.36400423333126	12.836954491688973	24.70895847600075	0.006225487144369047
126.0	30.990475004669115	31.258170951876984	12.949013260287618	24.796115296021913	0.006225487144369047
127.0	31.077631824690283	31.376455207619998	12.843179978833344	24.69650750171201	0.006225487144369047
128.0	31.04027890182407	31.314200336176306	12.905434850277034	24.733860424578225	0.006225487144369047
129.0	30.98424951752475	31.28929838759883	12.93033679885451	24.789889808877543	0.006225487144369047
130.0	31.077631824690283	31.357778746186888	12.86185644026645	24.69650750171201	0.006225487144369047
131.0	31.009151466102225	31.36400423333126	12.836954491688973	24.783664321733177	0.006225487144369047
132.0	31.04027890182407	31.376455207619998	12.899209363132666	24.677831040278903	0.006225487144369047
133.0	30.959347568947273	31.33287679760941	12.874307414555188	24.82724273174376	0.006225487144369047
134.0	31.034053414679697	31.345327771898152	12.905434850277034	24.70895847600075	0.006225487144369047
135.0	31.034053414679697	31.33287679760941	12.886758388843928	24.74008591172259	0.006225487144369047
136.0	31.034053414679697	31.339102284753785	12.818278030255867	24.802340783166283	0.006225487144369047
137.0	31.096308286123392	31.28929838759883	12.917885824565772	24.69028201456764	0.006225487144369047
138.0	31.077631824690283	31.339102284753785	12.849405465977712	24.727634937433855	0.006225487144369047
139.0	31.071406337545916	31.314200336176306	12.911660337421404	24.69650750171201	0.006225487144369047
140.0	31.052729876112807	31.33287679760941	12.917885824565772	24.69028201456764	0.006225487144369047
141.0	31.04027890182407	31.326651310465042	12.949013260287618	24.677831040278903	0.006225487144369047
142.0	31.00292597895785	31.382680694764364	12.899209363132666	24.70895847600075	0.006225487144369047
143.0	31.00292597895785	31.320425823320676	12.911660337421404	24.758762373155697	0.006225487144369047
144.0	31.14611218327834	31.295523874743196	12.86808192741082	24.68405652742327	0.006225487144369047
145.0	31.027827927535327	31.28929838759883	12.949013260287618	24.727634937433855	0.006225487144369047
146.0	31.10253377326776	31.320425823320676	12.855630953122082	24.715183963145115	0.006225487144369047
147.0	31.027827927535327	31.339102284753785	12.92411131171014	24.702732988856376	0.006225487144369047
148.0	31.058955363257173	31.314200336176306	12.936562285998878	24.68405652742327	0.006225487144369047
149.0	31.034053414679697	31.351553259042518	12.93033679885451	24.677831040278903	0.006225487144369047
