# Position (bp)	A	C	G	T	N
0.0	30.998937964640472	31.286312238395702	13.006809520834633	24.70169300930843	0.006247266820765915
1.0	30.998937964640472	31.355032173424124	12.90685325170238	24.73292934341226	0.006247266820765915
2.0	31.005185231461237	31.367526707065657	12.938089585806209	24.68295120884613	0.006247266820765915
3.0	30.96770163053664	31.311301305678768	12.994314987193103	24.720434809770726	0.006247266820765915
4.0	30.930218029612043	31.392515774348723	12.931842318985442	24.739176610233024	0.006247266820765915
5.0	30.98019616417817	31.398763041169488	12.92559505216468	24.689198475666895	0.006247266820765915
6.0	30.973948897357406	31.311301305678768	12.994314987193103	24.714187542949958	0.006247266820765915
7.0	30.90522896232898	31.42375210845255	12.938089585806209	24.72668207659149	0.006247266820765915
8.0	30.936465296432807	31.411257574811017	12.98182045355157	24.664209408383833	0.006247266820765915
9.0	30.95520709689511	31.448741175735616	12.888111451240084	24.70169300930843	0.006247266820765915
10.0	30.95520709689511	31.336290372961827	12.938089585806209	24.764165677516086	0.006247266820765915
11.0	30.91147622914975	31.38002124070719	12.988067720372337	24.714187542949958	0.006247266820765915
12.0	30.930218029612043	31.436246642094083	12.931842318985442	24.695445742487664	0.006247266820765915
13.0	30.917723495970513	31.336290372961827	12.950584119447742	24.78915474479915	0.006247266820765915
14.0	30.96770163053664	31.373773973886426	12.950584119447742	24.70169300930843	0.006247266820765915
15.0	30.867745361404385	31.398763041169488	12.975573186730804	24.751671143874553	0.006247266820765915
16.0	30.95520709689511	31.367526707065657	12.938089585806209	24.73292934341226	0.006247266820765915
17.0	30.898981695508215	31.398763041169488	12.98182045355157	24.714187542949958	0.006247266820765915
18.0	30.930218029612043	31.336290372961827	12.988067720372337	24.739176610233024	0.006247266820765915
19.0	30.867745361404385	31.398763041169488	12.950584119447742	24.77666021115762	0.006247266820765915
20.0	30.898981695508215	31.405010307990256	12.98182045355157	24.707940276129193	0.006247266820765915
21.0	30.917723495970513	31.27381770475417	13.006809520834633	24.795402011619917	0.006247266820765915
22.0	30.836509027300558	31.448741175735616	12.988067720372337	24.720434809770726	0.006247266820765915
23.0	30.92397076279128	31.330043106141066	13.019304054476166	24.720434809770726	0.006247266820765915
24.0	30.811519960017492	31.38002124070719	12.956831386268508	24.845380146186045	0.006247266820765915
25.0	30.942712563253576	31.373773973886426	12.944336852626975	24.73292934341226	0.006247266820765915
26.0	30.84900356094209	31.355032173424124	13.056787655400761	24.73292934341226	0.006247266820765915
27.0	30.861498094583617	31.361279440244893	13.031798588117699	24.739176610233024	0.006247266820765915
28.0	30.83026176047979	31.392515774348723	12.988067720372337	24.782907477978384	0.006247266820765915
29.0	30.861498094583617	31.367526707065657	13.044293121759232	24.720434809770726	0.006247266820765915
30.0	30.836509027300558	31.3425376397826	12.994314987193103	24.82039107890298	0.006247266820765915
31.0	30.861498094583617	31.429999375273315	13.00056225401387	24.70169300930843	0.006247266820765915
32.0	30.89273442868745	31.38626850752796	13.019304054476166	24.695445742487664	0.006247266820765915
33.0	30.917723495970513	31.311301305678768	13.044293121759232	24.720434809770726	0.006247266820765915
34.0	30.83026176047979	31.42375210845255	13.0130567876554	24.72668207659149	0.006247266820765915
35.0	30.92397076279128	31.305054038858	13.031798588117699	24.73292934341226	0.006247266820765915
36.0	30.880239895045918	31.392515774348723	13.0130567876554	24.707940276129193	0.006247266820765915
37.0	30.917723495970513	31.38002124070719	13.006809520834633	24.689198475666895	0.006247266820765915
38.0	30.917723495970513	31.255075904291875	13.038045854938465	24.782907477978384	0.006247266820765915
39.0	30.861498094583617	31.3425376397826	13.00056225401387	24.78915474479915	0.006247266820765915
40.0	30.84900356094209	31.373773973886426	12.988067720372337	24.782907477978384	0.006247266820765915
41.0	30.880239895045918	31.323795839320294	13.025551321296932	24.764165677516086	0.006247266820765915
42.0	30.91147622914975	31.323795839320294	12.975573186730804	24.782907477978384	0.006247266820765915
43.0	30.824014493659025	31.261323171112636	13.044293121759232	24.86412194664834	0.006247266820765915
44.0	30.930218029612043	31.317548572499533	13.038045854938465	24.707940276129193	0.006247266820765915
45.0	30.98019616417817	31.223839570188044	13.0130567876554	24.77666021115762	0.006247266820765915
46.0	30.942712563253576	31.311301305678768	12.994314987193103	24.74542387705379	0.006247266820765915
47.0	30.917723495970513	31.361279440244893	13.025551321296932	24.689198475666895	0.006247266820765915
48.0	30.98644343099894	31.267570437933408	12.950584119447742	24.78915474479915	0.006247266820765915
49.0	30.942712563253576	31.23008683700881	13.019304054476166	24.80164927844068	0.006247266820765915
50.0	30.96770163053664	31.286312238395702	13.019304054476166	24.720434809770726	0.006247266820765915
51.0	31.02392703192353	31.292559505216467	13.019304054476166	24.65796214156307	0.006247266820765915
52.0	30.89273442868745	31.267570437933408	12.988067720372337	24.845380146186045	0.006247266820765915
53.0	30.90522896232898	31.292559505216467	12.994314987193103	24.80164927844068	0.006247266820765915
54.0	30.90522896232898	31.311301305678768	13.056787655400761	24.720434809770726	0.006247266820765915
55.0	30.942712563253576	31.255075904291875	13.019304054476166	24.77666021115762	0.006247266820765915
56.0	30.936465296432807	31.311301305678768	13.031798588117699	24.714187542949958	0.006247266820765915
57.0	30.880239895045918	31.336290372961827	13.056787655400761	24.720434809770726	0.006247266820765915
58.0	30.936465296432807	31.298806772037235	13.038045854938465	24.720434809770726	0.006247266820765915
59.0	30.936465296432807	31.280064971574934	13.044293121759232	24.73292934341226	0.006247266820765915
60.0	30.917723495970513	31.336290372961827	12.988067720372337	24.751671143874553	0.006247266820765915
61.0	30.96770163053664	31.292559505216467	13.07552945586306	24.65796214156307	0.006247266820765915
62.0	30.936465296432807	31.361279440244893	13.006809520834633	24.689198475666895	0.006247266820765915
63.0	30.917723495970513	31.311301305678768	13.031798588117699	24.73292934341226	0.006247266820765915
64.0	30.98644343099894	31.305054038858	13.025551321296932	24.676703942025362	0.006247266820765915
65.0	30.92397076279128	31.286312238395702	13.019304054476166	24.764165677516086	0.006247266820765915
66.0	30.998937964640472	31.311301305678768	13.019304054476166	24.664209408383833	0.006247266820765915
67.0	30.92397076279128	31.267570437933408	13.044293121759232	24.75791841069532	0.006247266820765915
68.0	30.96770163053664	31.298806772037235	13.006809520834633	24.720434809770726	0.006247266820765915
69.0	31.01767976510277	31.261323171112636	13.00056225401387	24.714187542949958	0.006247266820765915
70.0	30.91147622914975	31.367526707065657	12.975573186730804	24.739176610233024	0.006247266820765915
71.0	30.98644343099894	31.23008683700881	13.050540388579995	24.72668207659149	0.006247266820765915
72.0	31.01767976510277	31.236334103829577	13.006809520834633	24.73292934341226	0.006247266820765915
73.0	30.92397076279128	31.361279440244893	13.00056225401387	24.707940276129193	0.006247266820765915
74.0	30.973948897357406	31.267570437933408	12.956831386268508	24.795402011619917	0.006247266820765915
75.0	30.94895983007434	31.311301305678768	13.038045854938465	24.695445742487664	0.006247266820765915
76.0	30.936465296432807	31.361279440244893	12.931842318985442	24.764165677516086	0.006247266820765915
77.0	30.96770163053664	31.267570437933408	13.019304054476166	24.739176610233024	0.006247266820765915
78.0	30.94895983007434	31.27381770475417	13.0130567876554	24.75791841069532	0.006247266820765915
79.0	30.961454363715873	31.305054038858	13.0130567876554	24.714187542949958	0.006247266820765915
80.0	30.92397076279128	31.280064971574934	13.038045854938465	24.751671143874553	0.006247266820765915
81.0	30.95520709689511	31.292559505216467	12.98182045355157	24.764165677516086	0.006247266820765915
82.0	30.930218029612043	31.38626850752796	12.969325919910037	24.707940276129193	0.006247266820765915
83.0	30.917723495970513	31.367526707065657	13.019304054476166	24.689198475666895	0.006247266820765915
84.0	30.917723495970513	31.373773973886426	12.975573186730804	24.72668207659149	0.006247266820765915
85.0	30.89273442868745	31.323795839320294	13.044293121759232	24.73292934341226	0.006247266820765915
86.0	30.98644343099894	31.38002124070719	12.975573186730804	24.6517148747423	0.006247266820765915
87.0	30.930218029612043	31.367526707065657	12.950584119447742	24.74542387705379	0.006247266820765915
88.0	30.855250827762852	31.38002124070719	13.006809520834633	24.751671143874553	0.006247266820765915
89.0	30.87399262822515	31.392515774348723	13.006809520834633	24.720434809770726	0.006247266820765915
90.0	30.880239895045918	31.411257574811017	12.98182045355157	24.720434809770726	0.006247266820765915
91.0	30.96770163053664	31.3425376397826	12.969325919910037	24.714187542949958	0.006247266820765915
92.0	30.84900356094209	31.405010307990256	13.019304054476166	24.720434809770726	0.006247266820765915
93.0	30.95520709689511	31.34878490660336	12.988067720372337	24.70169300930843	0.006247266820765915
94.0	30.83026176047979	31.46123570937715	12.894358718060847	24.80789654526145	0.006247266820765915
95.0	30.930218029612043	31.411257574811017	12.956831386268508	24.695445742487664	0.006247266820765915
96.0	30.92397076279128	31.373773973886426	12.944336852626975	24.751671143874553	0.006247266820765915
97.0	30.936465296432807	31.42375210845255	12.92559505216468	24.707940276129193	0.006247266820765915
98.0	30.91147622914975	31.41750484163179	12.944336852626975	24.720434809770726	0.006247266820765915
99.0	30.96770163053664	31.336290372961827	12.969325919910037	24.720434809770726	0.006247266820765915
100.0	30.961454363715873	31.41750484163179	12.931842318985442	24.68295120884613	0.006247266820765915
101.0	31.011432498281998	31.336290372961827	12.944336852626975	24.70169300930843	0.006247266820765915
102.0	30.91147622914975	31.46123570937715	12.92559505216468	24.695445742487664	0.006247266820765915
103.0	30.942712563253576	31.42375210845255	12.863122383957018	24.764165677516086	0.006247266820765915
104.0	30.98019616417817	31.405010307990256	12.919347785343913	24.689198475666895	0.006247266820765915
105.0	30.98019616417817	31.355032173424124	12.938089585806209	24.720434809770726	0.006247266820765915
106.0	30.998937964640472	31.411257574811017	12.938089585806209	24.645467607921535	0.006247266820765915
107.0	30.973948897357406	31.405010307990256	12.931842318985442	24.68295120884613	0.006247266820765915
108.0	30.92397076279128	31.361279440244893	12.969325919910037	24.739176610233024	0.006247266820765915
109.0	31.111388767414255	31.317548572499533	12.881864184419317	24.68295120884613	0.006247266820765915
110.0	31.005185231461237	31.405010307990256	12.850627850315488	24.73292934341226	0.006247266820765915
111.0	30.973948897357406	31.355032173424124	12.931842318985442	24.73292934341226	0.006247266820765915
112.0	31.09889423377272	31.41750484163179	12.881864184419317	24.595489473355407	0.006247266820765915
113.0	31.036421565565064	31.355032173424124	12.894358718060847	24.707940276129193	0.006247266820765915
114.0	31.01767976510277	31.355032173424124	12.931842318985442	24.689198475666895	0.006247266820765915
115.0	31.042668832385832	31.38002124070719	12.894358718060847	24.676703942025362	0.006247266820765915
116.0	31.01767976510277	31.411257574811017	12.938089585806209	24.626725807459238	0.006247266820765915
117.0	31.0301742987443	31.398763041169488	12.92559505216468	24.639220341100767	0.006247266820765915
118.0	30.98019616417817	31.429999375273315	12.894358718060847	24.689198475666895	0.006247266820765915
119.0	31.048916099206597	31.38002124070719	12.87561691759855	24.689198475666895	0.006247266820765915
120.0	31.09889423377272	31.355032173424124	12.950584119447742	24.589242206534642	0.006247266820765915
121.0	31.042668832385832	31.436246642094083	12.838133316673956	24.676703942025362	0.006247266820765915
122.0	31.06141063284813	31.398763041169488	12.894358718060847	24.639220341100767	0.006247266820765915
123.0	30.992690697819704	31.448741175735616	12.913100518523146	24.639220341100767	0.006247266820765915
124.0	31.005185231461237	31.42375210845255	12.900605984881613	24.664209408383833	0.006247266820765915
125.0	31.10514150059349	31.405010307990256	12.838133316673956	24.645467607921535	0.006247266820765915
126.0	31.011432498281998	31.298806772037235	12.956831386268508	24.72668207659149	0.006247266820765915
127.0	31.09889423377272	31.41750484163179	12.856875117136251	24.620478540638473	0.006247266820765915
128.0	31.067657899668895	31.355032173424124	12.919347785343913	24.6517148747423	0.006247266820765915
129.0	31.011432498281998	31.330043106141066	12.944336852626975	24.707940276129193	0.006247266820765915
130.0	31.10514150059349	31.398763041169488	12.87561691759855	24.614231273817705	0.006247266820765915
131.0	31.042668832385832	31.398763041169488	12.850627850315488	24.70169300930843	0.006247266820765915
132.0	31.073905166489663	31.405010307990256	12.913100518523146	24.60173674017617	0.006247266820765915
133.0	30.98644343099894	31.367526707065657	12.888111451240084	24.751671143874553	0.006247266820765915
134.0	31.06141063284813	31.38002124070719	12.919347785343913	24.632973074280002	0.006247266820765915
135.0	31.06141063284813	31.367526707065657	12.900605984881613	24.664209408383833	0.006247266820765915
136.0	31.067657899668895	31.367526707065657	12.831886049853189	24.72668207659149	0.006247266820765915
137.0	31.130130567876552	31.311301305678768	12.931842318985442	24.620478540638473	0.006247266820765915
138.0	31.10514150059349	31.361279440244893	12.863122383957018	24.664209408383833	0.006247266820765915
139.0	31.09889423377272	31.336290372961827	12.919347785343913	24.639220341100767	0.006247266820765915
140.0	31.086399700131196	31.34878490660336	12.92559505216468	24.632973074280002	0.006247266820765915
141.0	31.073905166489663	31.336290372961827	12.956831386268508	24.626725807459238	0.006247266820765915
142.0	31.036421565565064	31.392515774348723	12.90685325170238	24.65796214156307	0.006247266820765915
143.0	31.036421565565064	31.330043106141066	12.919347785343913	24.707940276129193	0.006247266820765915
144.0	31.180108702442684	31.311301305678768	12.869369650777784	24.632973074280002	0.006247266820765915
145.0	31.06141063284813	31.305054038858	12.950584119447742	24.676703942025362	0.006247266820765915
146.0	31.13637783469732	31.330043106141066	12.856875117136251	24.670456675204598	0.006247266820765915
147.0	31.06141063284813	31.34878490660336	12.92559505216468	24.65796214156307	0.006247266820765915
148.0	31.09889423377272	31.317548572499533	12.938089585806209	24.639220341100767	0.006247266820765915
149.0	31.073905166489663	31.355032173424124	12.938089585806209	24.626725807459238	0.006247266820765915
