# Position (bp)	A	C	G	T	N
0.0	31.038779006385298	31.315994393396668	12.985516274723564	24.65659554586513	0.0031147796293412243
1.0	31.034697564318197	31.355509873543884	12.960194356195103	24.643368840715134	0.006229365227683299
2.0	31.025353516476674	31.32436304740547	12.985111817105837	24.65894225378434	0.006229365227683299
3.0	31.025353516476674	31.35862455615773	12.960194356195103	24.649598205942812	0.006229365227683299
4.0	31.025353516476674	31.321248364791625	12.991341182333521	24.655827571170498	0.006229365227683299
5.0	31.034697564318197	31.36173923877157	12.950850308353578	24.64648352332897	0.006229365227683299
6.0	31.037812246932038	31.302560269108575	12.98822649971968	24.66517161901202	0.006229365227683299
7.0	31.034697564318197	31.352395190930043	12.957079673581262	24.649598205942812	0.006229365227683299
8.0	31.02223883386283	31.311904316950102	12.98822649971968	24.671400984239707	0.006229365227683299
9.0	31.034697564318197	31.352395190930043	12.953964990967421	24.652712888556653	0.006229365227683299
10.0	31.019124151248988	31.302560269108575	12.981997134491996	24.690089079922757	0.006229365227683299
11.0	31.040926929545883	31.34305114308852	12.950850308353578	24.65894225378434	0.006229365227683299
12.0	31.009780103407465	31.302560269108575	12.991341182333521	24.690089079922757	0.006229365227683299
13.0	31.019124151248988	31.35862455615773	12.960194356195103	24.655827571170498	0.006229365227683299
14.0	30.997321372952097	31.299445586494734	13.003799912788889	24.693203762536598	0.006229365227683299
15.0	31.040926929545883	31.336821777860834	12.972653086650471	24.643368840715134	0.006229365227683299
16.0	30.994206690338256	31.290101538653207	13.01002927801657	24.69943312776428	0.006229365227683299
17.0	31.044041612159724	31.336821777860834	12.96953840403663	24.643368840715134	0.006229365227683299
18.0	30.991092007724415	31.274528125584006	13.01002927801657	24.71812122344733	0.006229365227683299
19.0	31.040926929545883	31.32436304740547	12.975767769264312	24.652712888556653	0.006229365227683299
20.0	31.009780103407465	31.262069395128638	12.997570547561205	24.724350588675016	0.006229365227683299
21.0	31.037812246932038	31.318133682177784	12.978882451878155	24.65894225378434	0.006229365227683299
22.0	31.012894786021306	31.274528125584006	12.994455864947362	24.711891858219648	0.006229365227683299
23.0	31.040926929545883	31.318133682177784	12.978882451878155	24.655827571170498	0.006229365227683299
24.0	31.009780103407465	31.293216221267052	12.994455864947362	24.69631844515044	0.006229365227683299
25.0	31.025353516476674	31.330592412633152	12.981997134491996	24.655827571170498	0.006229365227683299
26.0	31.012894786021306	31.299445586494734	12.985111817105837	24.69631844515044	0.006229365227683299
27.0	31.028468199090515	31.330592412633152	12.981997134491996	24.652712888556653	0.006229365227683299
28.0	31.00355073817978	31.302560269108575	12.994455864947362	24.693203762536598	0.006229365227683299
29.0	31.034697564318197	31.333707095246993	12.981997134491996	24.643368840715134	0.006229365227683299
30.0	31.00355073817978	31.305674951722416	12.994455864947362	24.690089079922757	0.006229365227683299
31.0	31.034697564318197	31.318133682177784	12.985111817105837	24.655827571170498	0.006229365227683299
32.0	30.991092007724415	31.311904316950102	12.994455864947362	24.69631844515044	0.006229365227683299
33.0	31.034697564318197	31.321248364791625	12.985111817105837	24.652712888556653	0.006229365227683299
34.0	30.991092007724415	31.302560269108575	13.000685230175046	24.69943312776428	0.006229365227683299
35.0	31.040926929545883	31.311904316950102	12.972653086650471	24.668286301625862	0.006229365227683299
36.0	30.98797732511057	31.299445586494734	12.994455864947362	24.711891858219648	0.006229365227683299
37.0	31.034697564318197	31.32747773001931	12.96953840403663	24.66205693639818	0.006229365227683299
38.0	30.978633277269047	31.32436304740547	12.978882451878155	24.711891858219648	0.006229365227683299
39.0	31.037812246932038	31.32747773001931	12.966423721422787	24.66205693639818	0.006229365227683299
40.0	30.975518594655206	31.318133682177784	12.994455864947362	24.705662492991966	0.006229365227683299
41.0	31.037812246932038	31.321248364791625	12.975767769264312	24.65894225378434	0.006229365227683299
42.0	30.98486264249673	31.311904316950102	13.003799912788889	24.693203762536598	0.006229365227683299
43.0	31.040926929545883	31.318133682177784	12.975767769264312	24.65894225378434	0.006229365227683299
44.0	31.00355073817978	31.311904316950102	13.000685230175046	24.67763034946739	0.006229365227683299
45.0	31.040926929545883	31.315018999563943	12.985111817105837	24.652712888556653	0.006229365227683299
46.0	30.991092007724415	31.311904316950102	13.003799912788889	24.686974397308916	0.006229365227683299
47.0	31.034697564318197	31.32436304740547	12.985111817105837	24.649598205942812	0.006229365227683299
48.0	30.994206690338256	31.315018999563943	12.994455864947362	24.690089079922757	0.006229365227683299
49.0	31.037812246932038	31.311904316950102	12.98822649971968	24.655827571170498	0.006229365227683299
50.0	30.997321372952097	31.32747773001931	12.981997134491996	24.686974397308916	0.006229365227683299
51.0	31.047156294773565	31.311904316950102	12.972653086650471	24.66205693639818	0.006229365227683299
52.0	31.006665420793624	31.311904316950102	12.978882451878155	24.69631844515044	0.006229365227683299
53.0	31.037812246932038	31.315018999563943	12.975767769264312	24.66517161901202	0.006229365227683299
54.0	31.016009468635147	31.321248364791625	12.963309038808946	24.693203762536598	0.006229365227683299
55.0	31.037812246932038	31.315018999563943	12.96953840403663	24.671400984239707	0.006229365227683299
56.0	31.012894786021306	31.32436304740547	12.960194356195103	24.69631844515044	0.006229365227683299
57.0	31.025353516476674	31.339936460474675	12.957079673581262	24.671400984239707	0.006229365227683299
58.0	31.019124151248988	31.333707095246993	12.960194356195103	24.68074503208123	0.006229365227683299
59.0	31.025353516476674	31.336821777860834	12.957079673581262	24.674515666853548	0.006229365227683299
60.0	31.016009468635147	31.330592412633152	12.963309038808946	24.68385971469507	0.006229365227683299
61.0	31.028468199090515	31.339936460474675	12.963309038808946	24.66205693639818	0.006229365227683299
62.0	31.012894786021306	31.336821777860834	12.953964990967421	24.690089079922757	0.006229365227683299
63.0	31.040926929545883	31.336821777860834	12.960194356195103	24.655827571170498	0.006229365227683299
64.0	31.019124151248988	31.336821777860834	12.950850308353578	24.686974397308916	0.006229365227683299
65.0	31.050270977387406	31.339936460474675	12.960194356195103	24.643368840715134	0.006229365227683299
66.0	31.037812246932038	31.32747773001931	12.950850308353578	24.67763034946739	0.006229365227683299
67.0	31.047156294773565	31.349280508316202	12.960194356195103	24.637139475487448	0.006229365227683299
68.0	31.044041612159724	31.330592412633152	12.947735625739737	24.671400984239707	0.006229365227683299
69.0	31.044041612159724	31.352395190930043	12.947735625739737	24.649598205942812	0.006229365227683299
70.0	31.037812246932038	31.333707095246993	12.932162212670528	24.690089079922757	0.006229365227683299
71.0	31.065844390456615	31.349280508316202	12.938391577898212	24.64025415810129	0.006229365227683299
72.0	31.025353516476674	31.352395190930043	12.925932847442844	24.690089079922757	0.006229365227683299
73.0	31.062729707842774	31.333707095246993	12.944620943125894	24.652712888556653	0.006229365227683299
74.0	31.031582881704356	31.355509873543884	12.919703482215162	24.686974397308916	0.006229365227683299
75.0	31.059615025228933	31.339936460474675	12.941506260512053	24.652712888556653	0.006229365227683299
76.0	31.028468199090515	31.35862455615773	12.913474116987478	24.693203762536598	0.006229365227683299
77.0	31.053385660001247	31.352395190930043	12.941506260512053	24.64648352332897	0.006229365227683299
78.0	31.025353516476674	31.352395190930043	12.922818164829003	24.693203762536598	0.006229365227683299
79.0	31.044041612159724	31.352395190930043	12.932162212670528	24.66517161901202	0.006229365227683299
80.0	31.031582881704356	31.339936460474675	12.925932847442844	24.69631844515044	0.006229365227683299
81.0	31.037812246932038	31.371083286613093	12.932162212670528	24.652712888556653	0.006229365227683299
82.0	31.044041612159724	31.333707095246993	12.91658879960132	24.69943312776428	0.006229365227683299
83.0	31.040926929545883	31.37731265184078	12.919703482215162	24.655827571170498	0.006229365227683299
84.0	31.044041612159724	31.32747773001931	12.922818164829003	24.69943312776428	0.006229365227683299
85.0	31.044041612159724	31.371083286613093	12.919703482215162	24.65894225378434	0.006229365227683299
86.0	31.040926929545883	31.32747773001931	12.922818164829003	24.70254781037812	0.006229365227683299
87.0	31.034697564318197	31.36173923877157	12.922818164829003	24.674515666853548	0.006229365227683299
88.0	31.028468199090515	31.339936460474675	12.929047530056687	24.69631844515044	0.006229365227683299
89.0	31.028468199090515	31.38042733445462	12.913474116987478	24.671400984239707	0.006229365227683299
90.0	31.019124151248988	31.352395190930043	12.925932847442844	24.69631844515044	0.006229365227683299
91.0	31.028468199090515	31.36485392138541	12.91658879960132	24.68385971469507	0.006229365227683299
92.0	31.031582881704356	31.352395190930043	12.929047530056687	24.68074503208123	0.006229365227683299
93.0	31.037812246932038	31.3866566996823	12.904130069145955	24.66517161901202	0.006229365227683299
94.0	31.034697564318197	31.352395190930043	12.919703482215162	24.686974397308916	0.006229365227683299
95.0	31.047156294773565	31.392886064909987	12.888556656076746	24.66517161901202	0.006229365227683299
96.0	31.037812246932038	31.34616582570236	12.91658879960132	24.693203762536598	0.006229365227683299
97.0	31.053385660001247	31.38042733445462	12.885441973462905	24.674515666853548	0.006229365227683299
98.0	31.045008565643982	31.344027410060736	12.916991122878057	24.690858121787883	0.0031147796293412243
