# Position (bp)	A	C	G	T	N
0.0	31.063367222968218	31.357503676705672	12.86527271564678	24.707462113945905	0.006394270733422853
1.0	30.88432764243238	31.41505211330648	13.031523754715774	24.662702218811944	0.006394270733422853
2.0	30.986635974167147	31.37029221817252	12.922821152247584	24.713856384679328	0.006394270733422853
3.0	30.897116183899225	31.434234925506743	13.02512948398235	24.63712513587825	0.006394270733422853
4.0	30.986635974167147	31.466206279173857	12.897244069313896	24.643519406611674	0.006394270733422853
5.0	30.88432764243238	31.39586930110621	12.99955240104866	24.713856384679328	0.006394270733422853
6.0	31.06976149370164	31.427840654773327	12.910032610780743	24.58597097001087	0.006394270733422853
7.0	30.897116183899225	31.47260054990728	12.961186776648123	24.662702218811944	0.006394270733422853
8.0	31.018607327834257	31.35110940597225	12.910032610780743	24.713856384679328	0.006394270733422853
9.0	30.826779205831574	31.47260054990728	13.005946671782084	24.688279301745634	0.006394270733422853
10.0	31.06976149370164	31.331926593771982	12.871666986380204	24.72025065541275	0.006394270733422853
11.0	30.833173476564994	31.408657842573056	13.02512948398235	24.726644926146175	0.006394270733422853
12.0	31.018607327834257	31.363897947439096	12.884455527847049	24.726644926146175	0.006394270733422853
13.0	30.8907219131658	31.408657842573056	13.037918025449196	24.65630794807852	0.006394270733422853
14.0	31.005818786367417	31.274378157171174	12.942003964447855	24.771404821280132	0.006394270733422853
15.0	30.90351045463265	31.408657842573056	13.012340942515507	24.669096489545367	0.006394270733422853
16.0	30.980241703433727	31.319138052305135	12.967581047381547	24.726644926146175	0.006394270733422853
17.0	30.86514483023211	31.37029221817252	13.018735213248927	24.73943346761302	0.006394270733422853
18.0	30.94827034976661	31.32553232303856	12.935609693714431	24.78419336274698	0.006394270733422853
19.0	30.973847432700303	31.31274378157171	13.037918025449196	24.669096489545367	0.006394270733422853
20.0	30.909904725366072	31.37029221817252	12.986763859581815	24.726644926146175	0.006394270733422853
21.0	30.909904725366072	31.229618262037214	13.005946671782084	24.848136070081207	0.006394270733422853
22.0	31.037790140034527	31.274378157171174	12.993158130315239	24.688279301745634	0.006394270733422853
23.0	30.87793337169896	31.319138052305135	13.02512948398235	24.771404821280132	0.006394270733422853
24.0	31.018607327834257	31.24880107423748	12.973975318114968	24.752222009079862	0.006394270733422853
25.0	30.90351045463265	31.319138052305135	13.050706566916043	24.72025065541275	0.006394270733422853
26.0	30.980241703433727	31.29356096937144	12.961186776648123	24.758616279813285	0.006394270733422853
27.0	30.94827034976661	31.357503676705672	12.980369588848392	24.707462113945905	0.006394270733422853
28.0	30.935481808299762	31.357503676705672	12.967581047381547	24.7330391968796	0.006394270733422853
29.0	30.999424515633994	31.31274378157171	12.980369588848392	24.70106784321248	0.006394270733422853
30.0	30.935481808299762	31.344715135238825	12.993158130315239	24.72025065541275	0.006394270733422853
31.0	30.999424515633994	31.29356096937144	12.99955240104866	24.70106784321248	0.006394270733422853
32.0	30.99303024490057	31.32553232303856	12.973975318114968	24.70106784321248	0.006394270733422853
33.0	30.96745316196688	31.338320864505402	13.02512948398235	24.662702218811944	0.006394270733422853
34.0	31.095338576635335	31.229618262037214	12.993158130315239	24.67549076027879	0.006394270733422853
35.0	30.8907219131658	31.376686488905943	12.99955240104866	24.726644926146175	0.006394270733422853
36.0	31.01221305710084	31.31274378157171	12.967581047381547	24.70106784321248	0.006394270733422853
37.0	30.973847432700303	31.274378157171174	12.961186776648123	24.78419336274698	0.006394270733422853
38.0	31.031395869301104	31.357503676705672	12.935609693714431	24.669096489545367	0.006394270733422853
39.0	30.941876079033186	31.26798388643775	12.967581047381547	24.816164716414093	0.006394270733422853
40.0	31.108127118102182	31.287166698638018	12.897244069313896	24.70106784321248	0.006394270733422853
41.0	30.94827034976661	31.24880107423748	13.10825500351685	24.688279301745634	0.006394270733422853
42.0	31.08894430590191	31.274378157171174	12.884455527847049	24.745827738346442	0.006394270733422853
43.0	30.980241703433727	31.280772427904598	12.99955240104866	24.7330391968796	0.006394270733422853
44.0	30.96745316196688	31.427840654773327	12.890849798580472	24.707462113945905	0.006394270733422853
45.0	30.961058891233456	31.26798388643775	12.948398235181276	24.816164716414093	0.006394270733422853
46.0	31.01221305710084	31.32553232303856	12.967581047381547	24.688279301745634	0.006394270733422853
47.0	30.929087537566343	31.261589615704327	13.031523754715774	24.771404821280132	0.006394270733422853
48.0	31.04418441076795	31.255195344970904	12.961186776648123	24.7330391968796	0.006394270733422853
49.0	31.031395869301104	31.299955240104865	13.005946671782084	24.65630794807852	0.006394270733422853
50.0	31.037790140034527	31.17206982543641	12.986763859581815	24.796981904213826	0.006394270733422853
51.0	30.980241703433727	31.287166698638018	12.929215422981008	24.796981904213826	0.006394270733422853
52.0	31.031395869301104	31.29356096937144	12.942003964447855	24.726644926146175	0.006394270733422853
53.0	30.999424515633994	31.29356096937144	12.948398235181276	24.752222009079862	0.006394270733422853
54.0	31.02500159856768	31.274378157171174	12.948398235181276	24.745827738346442	0.006394270733422853
55.0	30.973847432700303	31.31274378157171	12.9547925059147	24.752222009079862	0.006394270733422853
56.0	30.973847432700303	31.242406803504057	12.993158130315239	24.78419336274698	0.006394270733422853
57.0	30.980241703433727	31.306349510838288	12.993158130315239	24.713856384679328	0.006394270733422853
58.0	31.01221305710084	31.37029221817252	12.916426881514163	24.694673572479058	0.006394270733422853
59.0	31.005818786367417	31.229618262037214	12.99955240104866	24.758616279813285	0.006394270733422853
60.0	31.018607327834257	31.402263571839633	12.922821152247584	24.649913677345097	0.006394270733422853
61.0	30.94827034976661	31.32553232303856	12.9547925059147	24.76501055054671	0.006394270733422853
62.0	31.031395869301104	31.319138052305135	12.9547925059147	24.688279301745634	0.006394270733422853
63.0	30.954664620500033	31.338320864505402	12.929215422981008	24.771404821280132	0.006394270733422853
64.0	31.050578681501374	31.363897947439096	12.858878444913358	24.72025065541275	0.006394270733422853
65.0	30.986635974167147	31.357503676705672	12.929215422981008	24.72025065541275	0.006394270733422853
66.0	30.973847432700303	31.376686488905943	12.942003964447855	24.70106784321248	0.006394270733422853
67.0	30.986635974167147	31.383080759639366	12.948398235181276	24.67549076027879	0.006394270733422853
68.0	30.929087537566343	31.338320864505402	12.922821152247584	24.803376174947246	0.006394270733422853
69.0	31.063367222968218	31.319138052305135	12.878061257113627	24.7330391968796	0.006394270733422853
70.0	31.02500159856768	31.319138052305135	12.935609693714431	24.713856384679328	0.006394270733422853
71.0	31.018607327834257	31.402263571839633	12.890849798580472	24.681885031012214	0.006394270733422853
72.0	30.96745316196688	31.408657842573056	12.942003964447855	24.67549076027879	0.006394270733422853
73.0	30.99303024490057	31.421446384039903	12.890849798580472	24.688279301745634	0.006394270733422853
74.0	30.941876079033186	31.408657842573056	12.986763859581815	24.65630794807852	0.006394270733422853
75.0	31.037790140034527	31.274378157171174	12.890849798580472	24.790587633480403	0.006394270733422853
76.0	31.02500159856768	31.306349510838288	12.980369588848392	24.681885031012214	0.006394270733422853
77.0	30.96745316196688	31.363897947439096	12.942003964447855	24.72025065541275	0.006394270733422853
78.0	31.082550035168488	31.319138052305135	12.942003964447855	24.649913677345097	0.006394270733422853
79.0	30.935481808299762	31.29356096937144	12.922821152247584	24.841741799347787	0.006394270733422853
80.0	30.941876079033186	31.389475030372786	12.993158130315239	24.669096489545367	0.006394270733422853
81.0	31.018607327834257	31.274378157171174	12.90363834004732	24.796981904213826	0.006394270733422853
82.0	30.897116183899225	31.363897947439096	13.005946671782084	24.726644926146175	0.006394270733422853
83.0	30.999424515633994	31.376686488905943	12.942003964447855	24.67549076027879	0.006394270733422853
84.0	30.929087537566343	31.32553232303856	12.980369588848392	24.758616279813285	0.006394270733422853
85.0	30.99303024490057	31.37029221817252	12.871666986380204	24.758616279813285	0.006394270733422853
86.0	30.935481808299762	31.39586930110621	12.99955240104866	24.662702218811944	0.006394270733422853
87.0	31.005818786367417	31.331926593771982	12.86527271564678	24.790587633480403	0.006394270733422853
88.0	30.84596201803184	31.453417737707014	13.005946671782084	24.688279301745634	0.006394270733422853
89.0	31.005818786367417	31.402263571839633	12.90363834004732	24.681885031012214	0.006394270733422853
90.0	30.909904725366072	31.344715135238825	13.018735213248927	24.72025065541275	0.006394270733422853
91.0	30.99303024490057	31.363897947439096	12.942003964447855	24.694673572479058	0.006394270733422853
92.0	30.929087537566343	31.421446384039903	12.961186776648123	24.681885031012214	0.006394270733422853
93.0	30.96745316196688	31.440629196240167	12.846089903446511	24.73943346761302	0.006394270733422853
94.0	30.973847432700303	31.32553232303856	12.9547925059147	24.73943346761302	0.006394270733422853
95.0	30.973847432700303	31.440629196240167	12.846089903446511	24.7330391968796	0.006394270733422853
96.0	30.916298996099496	31.35110940597225	12.942003964447855	24.78419336274698	0.006394270733422853
97.0	30.916298996099496	31.555726069441782	12.846089903446511	24.67549076027879	0.006394270733422853
98.0	30.963038751758535	31.385087607110883	12.936436884512087	24.715436756618494	0.0
