# Position (bp)	A	C	G	T	N
0.0	31.04635592679972	31.352419817636935	12.905694063635783	24.68915386086846	0.0063763310591085885
1.0	30.880571319262895	31.397054135050688	13.045973346936174	24.670024867691133	0.0063763310591085885
2.0	30.976216285149526	31.35879614869604	12.956704712108651	24.701906522986675	0.0063763310591085885
3.0	30.880571319262895	31.44806478352356	13.039597015877064	24.62539055027737	0.0063763310591085885
4.0	30.98259261620863	31.40980679716891	12.943952049990434	24.657272205572912	0.0063763310591085885
5.0	30.893323981381116	31.37154881081426	13.039597015877064	24.68915386086846	0.0063763310591085885
6.0	31.05273225785883	31.428935790346234	12.943952049990434	24.568003570745393	0.0063763310591085885
7.0	30.90607664349933	31.41618312822802	13.007715360581521	24.66364853663202	0.0063763310591085885
8.0	31.001721609385957	31.36517247975515	12.93119938787222	24.695530191927563	0.0063763310591085885
9.0	30.810431677612705	31.435312121405346	13.045973346936174	24.701906522986675	0.0063763310591085885
10.0	31.039979595740615	31.326914493400498	12.93119938787222	24.695530191927563	0.0063763310591085885
11.0	30.835937001849135	31.377925141873362	13.05234967799528	24.727411847223106	0.0063763310591085885
12.0	31.00809794044507	31.326914493400498	12.943952049990434	24.71465918510489	0.0063763310591085885
13.0	30.880571319262895	31.36517247975515	13.084231333290825	24.66364853663202	0.0063763310591085885
14.0	30.976216285149526	31.26952751386852	12.982210036345087	24.765669833577757	0.0063763310591085885
15.0	30.89970031244022	31.352419817636935	13.05234967799528	24.68915386086846	0.0063763310591085885
16.0	30.93795829879487	31.32053816234139	13.020468022699738	24.71465918510489	0.0063763310591085885
17.0	30.886947650322007	31.33329082445961	13.045973346936174	24.727411847223106	0.0063763310591085885
18.0	30.91245297455844	31.301409169164064	13.007715360581521	24.77204616463687	0.0063763310591085885
19.0	30.950710960913092	31.301409169164064	13.084231333290825	24.657272205572912	0.0063763310591085885
20.0	30.893323981381116	31.352419817636935	13.033220684817955	24.71465918510489	0.0063763310591085885
21.0	30.87419498820379	31.237645858572975	13.05234967799528	24.829433144168846	0.0063763310591085885
22.0	31.014474271504177	31.263151182809413	13.033220684817955	24.682777529809346	0.0063763310591085885
23.0	30.87419498820379	31.307785500223172	13.05234967799528	24.759293502518652	0.0063763310591085885
24.0	30.98259261620863	31.231269527513867	13.039597015877064	24.740164509341326	0.0063763310591085885
25.0	30.886947650322007	31.326914493400498	13.077855002231717	24.701906522986675	0.0063763310591085885
26.0	30.9570872919722	31.275903844927626	13.014091691640632	24.74654084040043	0.0063763310591085885
27.0	30.918829305617546	31.352419817636935	13.014091691640632	24.708282854045784	0.0063763310591085885
28.0	30.90607664349933	31.33329082445961	13.001339029522413	24.752917171459544	0.0063763310591085885
29.0	30.98259261620863	31.301409169164064	13.014091691640632	24.695530191927563	0.0063763310591085885
30.0	30.91245297455844	31.32053816234139	13.045973346936174	24.71465918510489	0.0063763310591085885
31.0	30.963463623031306	31.26952751386852	13.05234967799528	24.708282854045784	0.0063763310591085885
32.0	30.98259261620863	31.32053816234139	13.020468022699738	24.670024867691133	0.0063763310591085885
33.0	30.94433462985398	31.314161831282277	13.071478671172606	24.66364853663202	0.0063763310591085885
34.0	31.033603264681503	31.22489319645476	13.05872600905439	24.676401198750238	0.0063763310591085885
35.0	30.886947650322007	31.377925141873362	13.020468022699738	24.708282854045784	0.0063763310591085885
36.0	30.99534527832685	31.275903844927626	13.020468022699738	24.701906522986675	0.0063763310591085885
37.0	30.931581967735767	31.263151182809413	13.026844353758849	24.77204616463687	0.0063763310591085885
38.0	30.988968947267743	31.346043486577823	12.982210036345087	24.676401198750238	0.0063763310591085885
39.0	30.93795829879487	31.244022189632087	13.014091691640632	24.7975514888733	0.0063763310591085885
40.0	31.05273225785883	31.275903844927626	12.956704712108651	24.708282854045784	0.0063763310591085885
41.0	30.93795829879487	31.237645858572975	13.135241981763693	24.682777529809346	0.0063763310591085885
42.0	31.033603264681503	31.26952751386852	12.950328381049545	24.740164509341326	0.0063763310591085885
43.0	30.93795829879487	31.301409169164064	13.045973346936174	24.708282854045784	0.0063763310591085885
44.0	30.950710960913092	31.377925141873362	12.943952049990434	24.721035516164	0.0063763310591085885
45.0	30.94433462985398	31.275903844927626	12.994962698463306	24.778422495695978	0.0063763310591085885
46.0	30.93795829879487	31.339667155518715	13.033220684817955	24.682777529809346	0.0063763310591085885
47.0	30.893323981381116	31.282280175986738	13.05234967799528	24.765669833577757	0.0063763310591085885
48.0	31.014474271504177	31.250398520691192	13.014091691640632	24.71465918510489	0.0063763310591085885
49.0	30.99534527832685	31.301409169164064	13.05872600905439	24.638143212395587	0.0063763310591085885
50.0	31.014474271504177	31.180258879041002	13.020468022699738	24.778422495695978	0.0063763310591085885
51.0	30.94433462985398	31.29503283810495	12.96945737422687	24.784798826755086	0.0063763310591085885
52.0	30.99534527832685	31.282280175986738	12.988586367404196	24.727411847223106	0.0063763310591085885
53.0	30.950710960913092	31.307785500223172	13.001339029522413	24.733788178282218	0.0063763310591085885
54.0	30.99534527832685	31.275903844927626	12.988586367404196	24.733788178282218	0.0063763310591085885
55.0	30.93795829879487	31.301409169164064	13.007715360581521	24.74654084040043	0.0063763310591085885
56.0	30.9570872919722	31.250398520691192	13.014091691640632	24.77204616463687	0.0063763310591085885
57.0	30.93795829879487	31.33329082445961	13.026844353758849	24.695530191927563	0.0063763310591085885
58.0	30.98259261620863	31.36517247975515	12.956704712108651	24.68915386086846	0.0063763310591085885
59.0	30.963463623031306	31.231269527513867	13.045973346936174	24.752917171459544	0.0063763310591085885
60.0	30.988968947267743	31.40980679716891	12.950328381049545	24.644519543454695	0.0063763310591085885
61.0	30.91245297455844	31.352419817636935	12.982210036345087	24.74654084040043	0.0063763310591085885
62.0	30.988968947267743	31.326914493400498	12.975833705285977	24.701906522986675	0.0063763310591085885
63.0	30.950710960913092	31.32053816234139	12.96945737422687	24.752917171459544	0.0063763310591085885
64.0	31.014474271504177	31.35879614869604	12.899317732576677	24.721035516164	0.0063763310591085885
65.0	30.9570872919722	31.346043486577823	12.982210036345087	24.708282854045784	0.0063763310591085885
66.0	30.9570872919722	31.390677803991586	12.963081043167762	24.682777529809346	0.0063763310591085885
67.0	30.976216285149526	31.37154881081426	12.982210036345087	24.66364853663202	0.0063763310591085885
68.0	30.918829305617546	31.346043486577823	12.943952049990434	24.784798826755086	0.0063763310591085885
69.0	31.039979595740615	31.326914493400498	12.93119938787222	24.695530191927563	0.0063763310591085885
70.0	31.014474271504177	31.288656507045847	12.963081043167762	24.727411847223106	0.0063763310591085885
71.0	30.969839954090418	31.4034304661098	12.93119938787222	24.68915386086846	0.0063763310591085885
72.0	30.969839954090418	31.41618312822802	12.943952049990434	24.66364853663202	0.0063763310591085885
73.0	30.98259261620863	31.390677803991586	12.924823056813109	24.695530191927563	0.0063763310591085885
74.0	30.931581967735767	31.384301472932474	13.007715360581521	24.670024867691133	0.0063763310591085885
75.0	31.020850602563282	31.275903844927626	12.937575718931328	24.759293502518652	0.0063763310591085885
76.0	31.001721609385957	31.288656507045847	13.001339029522413	24.701906522986675	0.0063763310591085885
77.0	30.969839954090418	31.326914493400498	12.982210036345087	24.71465918510489	0.0063763310591085885
78.0	31.039979595740615	31.307785500223172	12.963081043167762	24.682777529809346	0.0063763310591085885
79.0	30.950710960913092	31.26952751386852	12.956704712108651	24.81668048205063	0.0063763310591085885
80.0	30.918829305617546	31.377925141873362	13.001339029522413	24.695530191927563	0.0063763310591085885
81.0	31.014474271504177	31.237645858572975	12.950328381049545	24.791175157814195	0.0063763310591085885
82.0	30.86781865714468	31.37154881081426	13.039597015877064	24.71465918510489	0.0063763310591085885
83.0	30.99534527832685	31.352419817636935	12.956704712108651	24.68915386086846	0.0063763310591085885
84.0	30.89970031244022	31.314161831282277	13.001339029522413	24.778422495695978	0.0063763310591085885
85.0	30.98259261620863	31.35879614869604	12.912070394694894	24.740164509341326	0.0063763310591085885
86.0	30.93795829879487	31.36517247975515	13.001339029522413	24.68915386086846	0.0063763310591085885
87.0	30.9570872919722	31.326914493400498	12.905694063635783	24.80392781993241	0.0063763310591085885
88.0	30.86781865714468	31.422559459287125	13.026844353758849	24.676401198750238	0.0063763310591085885
89.0	30.969839954090418	31.397054135050688	12.93119938787222	24.695530191927563	0.0063763310591085885
90.0	30.880571319262895	31.346043486577823	13.045973346936174	24.721035516164	0.0063763310591085885
91.0	30.9570872919722	31.352419817636935	12.963081043167762	24.721035516164	0.0063763310591085885
92.0	30.91245297455844	31.4034304661098	12.982210036345087	24.695530191927563	0.0063763310591085885
93.0	30.94433462985398	31.44168845246445	12.861059746222022	24.74654084040043	0.0063763310591085885
94.0	30.9570872919722	31.307785500223172	12.975833705285977	24.752917171459544	0.0063763310591085885
95.0	30.9570872919722	31.44168845246445	12.867436077281132	24.727411847223106	0.0063763310591085885
96.0	30.87419498820379	31.352419817636935	12.975833705285977	24.791175157814195	0.0063763310591085885
97.0	30.893323981381116	31.537333418351082	12.880188739399351	24.682777529809346	0.0063763310591085885
98.0	30.927177655911237	31.4118097181482	12.951154189516641	24.709858436423925	0.0
