# Position (bp)	A	C	G	T	N
0.0	31.026115829129687	31.383691973692613	12.904667645744205	24.67913926313773	0.006385288295766555
1.0	30.853713045143987	31.434774280058747	13.038758699955302	24.666368686546196	0.006385288295766555
2.0	30.94949236958049	31.39007726198838	12.942979375518803	24.711065704616566	0.006385288295766555
3.0	30.860098333439755	31.473086009833345	13.038758699955302	24.62167166847583	0.006385288295766555
4.0	30.96226294617202	31.44115956835451	12.936594087223039	24.653598109954665	0.006385288295766555
5.0	30.84732775684822	31.40923312687568	13.038758699955302	24.69829512802503	0.006385288295766555
6.0	31.038886405721218	31.44754485665028	12.930208798927273	24.576974650405468	0.006385288295766555
7.0	30.872868910031286	31.453930144946046	13.000446970180704	24.666368686546196	0.006385288295766555
8.0	30.98141881105932	31.39646255028414	12.923823510631504	24.691909839729263	0.006385288295766555
9.0	30.783474873890555	31.466700721537578	13.032373411659536	24.711065704616566	0.006385288295766555
10.0	31.026115829129687	31.345380243918015	12.923823510631504	24.69829512802503	0.006385288295766555
11.0	30.80901602707362	31.40923312687568	13.038758699955302	24.73660685779963	0.006385288295766555
12.0	30.98780409935509	31.364536108805314	12.923823510631504	24.71745099291233	0.006385288295766555
13.0	30.840942468552456	31.40923312687568	13.064299853138369	24.67913926313773	0.006385288295766555
14.0	30.96226294617202	31.30068322584765	12.955749952110338	24.77491858757423	0.006385288295766555
15.0	30.872868910031286	31.40923312687568	13.025988123363769	24.685524551433495	0.006385288295766555
16.0	30.917565928101652	31.364536108805314	13.000446970180704	24.711065704616566	0.006385288295766555
17.0	30.86648362173552	31.364536108805314	13.032373411659536	24.73022156950386	0.006385288295766555
18.0	30.923951216397423	31.319839090734945	12.98767639358917	24.762148010982695	0.006385288295766555
19.0	30.930336504693184	31.338994955622248	13.064299853138369	24.659983398250432	0.006385288295766555
20.0	30.872868910031286	31.377306685396846	13.025988123363769	24.71745099291233	0.006385288295766555
21.0	30.84732775684822	31.26875678436881	13.04514398825107	24.832386182236128	0.006385288295766555
22.0	30.98141881105932	31.30068322584765	13.019602835068003	24.691909839729263	0.006385288295766555
23.0	30.860098333439755	31.338994955622248	13.04514398825107	24.749377434391164	0.006385288295766555
24.0	30.943107081284722	31.281527360960347	13.04514398825107	24.723836281208097	0.006385288295766555
25.0	30.872868910031286	31.345380243918015	13.057914564842601	24.71745099291233	0.006385288295766555
26.0	30.923951216397423	31.319839090734945	13.00683225847647	24.742992146095396	0.006385288295766555
27.0	30.911180639805885	31.370921397101082	13.000446970180704	24.711065704616566	0.006385288295766555
28.0	30.885639486622825	31.377306685396846	12.98767639358917	24.742992146095396	0.006385288295766555
29.0	30.96226294617202	31.332609667326476	12.994061681884936	24.704680416320794	0.006385288295766555
30.0	30.892024774918585	31.358150820509543	13.038758699955302	24.704680416320794	0.006385288295766555
31.0	30.943107081284722	31.294297937551878	13.038758699955302	24.71745099291233	0.006385288295766555
32.0	30.98141881105932	31.351765532213776	13.000446970180704	24.659983398250432	0.006385288295766555
33.0	30.93672179298895	31.338994955622248	13.051529276546836	24.666368686546196	0.006385288295766555
34.0	31.013345252538155	31.25598620777728	13.04514398825107	24.67913926313773	0.006385288295766555
35.0	30.860098333439755	31.415618415171444	13.000446970180704	24.71745099291233	0.006385288295766555
36.0	30.96864823446779	31.313453802439177	13.00683225847647	24.704680416320794	0.006385288295766555
37.0	30.917565928101652	31.294297937551878	13.025988123363769	24.75576272268693	0.006385288295766555
38.0	30.97503352276355	31.377306685396846	12.974905816997637	24.666368686546196	0.006385288295766555
39.0	30.943107081284722	31.281527360960347	12.994061681884936	24.77491858757423	0.006385288295766555
40.0	31.045271694016986	31.30068322584765	12.930208798927273	24.71745099291233	0.006385288295766555
41.0	30.93672179298895	31.26237149607305	13.128152736096036	24.666368686546196	0.006385288295766555
42.0	31.045271694016986	31.294297937551878	12.930208798927273	24.723836281208097	0.006385288295766555
43.0	30.930336504693184	31.332609667326476	13.038758699955302	24.691909839729263	0.006385288295766555
44.0	30.943107081284722	31.415618415171444	12.930208798927273	24.704680416320794	0.006385288295766555
45.0	30.943107081284722	31.30068322584765	12.994061681884936	24.75576272268693	0.006385288295766555
46.0	30.943107081284722	31.358150820509543	13.013217546772237	24.67913926313773	0.006385288295766555
47.0	30.904795351510124	31.281527360960347	13.038758699955302	24.76853329927846	0.006385288295766555
48.0	31.006959964242387	31.25598620777728	13.000446970180704	24.73022156950386	0.006385288295766555
49.0	30.98780409935509	31.30068322584765	13.051529276546836	24.653598109954665	0.006385288295766555
50.0	31.013345252538155	31.179362748228083	13.019602835068003	24.781303875869995	0.006385288295766555
51.0	30.930336504693184	31.30068322584765	12.968520528701871	24.79407445246153	0.006385288295766555
52.0	31.00057467594662	31.281527360960347	12.981291105293405	24.73022156950386	0.006385288295766555
53.0	30.94949236958049	31.307068514143417	13.000446970180704	24.73660685779963	0.006385288295766555
54.0	30.99418938765085	31.281527360960347	12.981291105293405	24.73660685779963	0.006385288295766555
55.0	30.923951216397423	31.30068322584765	12.994061681884936	24.77491858757423	0.006385288295766555
56.0	30.96226294617202	31.26875678436881	12.98767639358917	24.77491858757423	0.006385288295766555
57.0	30.930336504693184	31.345380243918015	13.00683225847647	24.711065704616566	0.006385288295766555
58.0	30.96226294617202	31.402847838579913	12.942979375518803	24.685524551433495	0.006385288295766555
59.0	30.97503352276355	31.230445054594213	13.025988123363769	24.762148010982695	0.006385288295766555
60.0	30.99418938765085	31.42838899176298	12.930208798927273	24.640827533363133	0.006385288295766555
61.0	30.930336504693184	31.358150820509543	12.949364663814572	24.75576272268693	0.006385288295766555
62.0	30.97503352276355	31.364536108805314	12.955749952110338	24.69829512802503	0.006385288295766555
63.0	30.943107081284722	31.351765532213776	12.942979375518803	24.75576272268693	0.006385288295766555
64.0	31.00057467594662	31.39007726198838	12.879126492561138	24.723836281208097	0.006385288295766555
65.0	30.93672179298895	31.377306685396846	12.968520528701871	24.711065704616566	0.006385288295766555
66.0	30.94949236958049	31.415618415171444	12.949364663814572	24.67913926313773	0.006385288295766555
67.0	30.97503352276355	31.383691973692613	12.962135240406102	24.672753974841964	0.006385288295766555
68.0	30.923951216397423	31.338994955622248	12.930208798927273	24.800459740757294	0.006385288295766555
69.0	31.032501117425454	31.338994955622248	12.91105293403997	24.711065704616566	0.006385288295766555
70.0	31.00057467594662	31.307068514143417	12.949364663814572	24.73660685779963	0.006385288295766555
71.0	30.96864823446779	31.42200370346721	12.91743822233574	24.685524551433495	0.006385288295766555
72.0	30.93672179298895	31.44115956835451	12.936594087223039	24.67913926313773	0.006385288295766555
73.0	30.98780409935509	31.40923312687568	12.904667645744205	24.691909839729263	0.006385288295766555
74.0	30.930336504693184	31.39646255028414	12.98767639358917	24.67913926313773	0.006385288295766555
75.0	31.032501117425454	31.294297937551878	12.91743822233574	24.749377434391164	0.006385288295766555
76.0	30.99418938765085	31.307068514143417	12.981291105293405	24.711065704616566	0.006385288295766555
77.0	30.96864823446779	31.358150820509543	12.962135240406102	24.704680416320794	0.006385288295766555
78.0	31.038886405721218	31.338994955622248	12.942979375518803	24.672753974841964	0.006385288295766555
79.0	30.930336504693184	31.326224379030716	12.942979375518803	24.79407445246153	0.006385288295766555
80.0	30.93672179298895	31.39646255028414	12.974905816997637	24.685524551433495	0.006385288295766555
81.0	31.026115829129687	31.26237149607305	12.923823510631504	24.781303875869995	0.006385288295766555
82.0	30.904795351510124	31.364536108805314	13.013217546772237	24.711065704616566	0.006385288295766555
83.0	31.01973054083392	31.364536108805314	12.936594087223039	24.672753974841964	0.006385288295766555
84.0	30.911180639805885	31.326224379030716	12.98767639358917	24.76853329927846	0.006385288295766555
85.0	30.97503352276355	31.39007726198838	12.904667645744205	24.723836281208097	0.006385288295766555
86.0	30.943107081284722	31.383691973692613	12.994061681884936	24.672753974841964	0.006385288295766555
87.0	30.96226294617202	31.332609667326476	12.89828235744844	24.800459740757294	0.006385288295766555
88.0	30.885639486622825	31.415618415171444	13.025988123363769	24.666368686546196	0.006385288295766555
89.0	30.98780409935509	31.402847838579913	12.923823510631504	24.67913926313773	0.006385288295766555
90.0	30.904795351510124	31.338994955622248	13.038758699955302	24.711065704616566	0.006385288295766555
91.0	30.96226294617202	31.358150820509543	12.949364663814572	24.723836281208097	0.006385288295766555
92.0	30.930336504693184	31.402847838579913	12.98767639358917	24.672753974841964	0.006385288295766555
93.0	30.95587765787625	31.434774280058747	12.866355915969606	24.73660685779963	0.006385288295766555
94.0	30.96864823446779	31.294297937551878	12.974905816997637	24.75576272268693	0.006385288295766555
95.0	30.98141881105932	31.42200370346721	12.853585339378073	24.73660685779963	0.006385288295766555
96.0	30.917565928101652	31.332609667326476	12.968520528701871	24.77491858757423	0.006385288295766555
97.0	30.917565928101652	31.524168316199475	12.872741204265372	24.67913926313773	0.006385288295766555
98.0	30.94508301404853	31.417624521072796	12.950191570881225	24.687100893997446	0.0
