# Position (bp)	A	C	G	T	N
0.0	31.0369046098838	31.375303281828632	12.903843698122843	24.677563529561997	0.006384880602732728
1.0	30.87089771421274	31.41999744604776	13.037926190780233	24.66479376835653	0.006384880602732728
2.0	30.95390116204827	31.394457923636825	12.954922742944708	24.690333290767462	0.006384880602732728
3.0	30.87089771421274	31.47107649086962	13.0315413101775	24.6200996041374	0.006384880602732728
4.0	30.966670923253737	31.45192184906142	12.942152981739241	24.63286936534287	0.006384880602732728
5.0	30.877282594815476	31.394457923636825	13.025156429574766	24.696718171370197	0.006384880602732728
6.0	31.04967437108926	31.458306729664155	12.942152981739241	24.54348103690461	0.006384880602732728
7.0	30.883667475418207	31.445536968458686	12.999616907163835	24.66479376835653	0.006384880602732728
8.0	30.979440684459203	31.394457923636825	12.935768101136508	24.68394841016473	0.006384880602732728
9.0	30.76873962456902	31.477461371472355	13.050695951985697	24.696718171370197	0.006384880602732728
10.0	30.9985953262674	31.349763759417698	12.935768101136508	24.709487932575662	0.006384880602732728
11.0	30.81981866939088	31.407227684842294	13.044311071382966	24.722257693781128	0.006384880602732728
12.0	30.98582556506193	31.356148640020432	12.942152981739241	24.709487932575662	0.006384880602732728
13.0	30.851743072404545	31.407227684842294	13.076235474396627	24.6584088877538	0.006384880602732728
14.0	30.947516281445537	31.298684714595836	12.986847145958372	24.76056697739752	0.006384880602732728
15.0	30.87089771421274	31.40084280423956	13.044311071382966	24.677563529561997	0.006384880602732728
16.0	30.915591878431876	31.336993998212233	13.025156429574766	24.715872813178393	0.006384880602732728
17.0	30.85812795300728	31.362533520623163	13.044311071382966	24.72864257438386	0.006384880602732728
18.0	30.89005235602094	31.311454475801305	13.018771548972033	24.77333673860299	0.006384880602732728
19.0	30.93474652024007	31.32422423700677	13.076235474396627	24.6584088877538	0.006384880602732728
20.0	30.864512833610014	31.388073043034094	13.018771548972033	24.722257693781128	0.006384880602732728
21.0	30.85812795300728	31.260375430979444	13.037926190780233	24.837185544630316	0.006384880602732728
22.0	30.992210445664664	31.298684714595836	13.018771548972033	24.68394841016473	0.006384880602732728
23.0	30.87089771421274	31.32422423700677	13.044311071382966	24.754182096794793	0.006384880602732728
24.0	30.973055803856468	31.260375430979444	13.025156429574766	24.735027454986593	0.006384880602732728
25.0	30.877282594815476	31.336993998212233	13.069850593793896	24.709487932575662	0.006384880602732728
26.0	30.95390116204827	31.30506959519857	12.986847145958372	24.74779721619206	0.006384880602732728
27.0	30.928361639637338	31.362533520623163	12.999616907163835	24.703103051972928	0.006384880602732728
28.0	30.89005235602094	31.368918401225898	12.974077384752905	24.76056697739752	0.006384880602732728
29.0	30.960286042651003	31.330609117609498	12.999616907163835	24.703103051972928	0.006384880602732728
30.0	30.90920699782914	31.356148640020432	13.025156429574766	24.703103051972928	0.006384880602732728
31.0	30.95390116204827	31.298684714595836	13.044311071382966	24.696718171370197	0.006384880602732728
32.0	30.98582556506193	31.343378878814963	13.012386668369302	24.652024007151066	0.006384880602732728
33.0	30.960286042651003	31.336993998212233	13.069850593793896	24.626484484740136	0.006384880602732728
34.0	31.030519729281064	31.241220789171244	13.050695951985697	24.671178648959263	0.006384880602732728
35.0	30.89005235602094	31.40084280423956	13.012386668369302	24.690333290767462	0.006384880602732728
36.0	30.98582556506193	31.30506959519857	12.999616907163835	24.703103051972928	0.006384880602732728
37.0	30.93474652024007	31.28591495339037	13.012386668369302	24.76056697739752	0.006384880602732728
38.0	31.011365087472864	31.349763759417698	12.967692504150172	24.66479376835653	0.006384880602732728
39.0	30.93474652024007	31.266760311582175	13.00600178776657	24.78610649980845	0.006384880602732728
40.0	31.07521389350019	31.28591495339037	12.942152981739241	24.690333290767462	0.006384880602732728
41.0	30.95390116204827	31.25399055037671	13.10815987741029	24.677563529561997	0.006384880602732728
42.0	31.07521389350019	31.279530072787637	12.91661345932831	24.722257693781128	0.006384880602732728
43.0	30.966670923253737	31.298684714595836	13.012386668369302	24.715872813178393	0.006384880602732728
44.0	30.98582556506193	31.375303281828632	12.922998339931043	24.709487932575662	0.006384880602732728
45.0	30.966670923253737	31.279530072787637	12.967692504150172	24.779721619205723	0.006384880602732728
46.0	30.973055803856468	31.32422423700677	13.00600178776657	24.690333290767462	0.006384880602732728
47.0	30.921976759034607	31.279530072787637	13.025156429574766	24.766951858000255	0.006384880602732728
48.0	31.04967437108926	31.241220789171244	12.986847145958372	24.715872813178393	0.006384880602732728
49.0	31.030519729281064	31.292299833993102	13.025156429574766	24.645639126548332	0.006384880602732728
50.0	31.04967437108926	31.170987102541183	12.986847145958372	24.78610649980845	0.006384880602732728
51.0	30.98582556506193	31.292299833993102	12.929383220533778	24.78610649980845	0.006384880602732728
52.0	31.0369046098838	31.260375430979444	12.974077384752905	24.722257693781128	0.006384880602732728
53.0	30.98582556506193	31.30506959519857	12.974077384752905	24.72864257438386	0.006384880602732728
54.0	31.02413484867833	31.260375430979444	12.967692504150172	24.741412335589324	0.006384880602732728
55.0	30.966670923253737	31.292299833993102	12.980462265355639	24.754182096794793	0.006384880602732728
56.0	30.992210445664664	31.247605669773975	12.980462265355639	24.77333673860299	0.006384880602732728
57.0	30.979440684459203	31.336993998212233	12.980462265355639	24.696718171370197	0.006384880602732728
58.0	31.0177499680756	31.368918401225898	12.922998339931043	24.68394841016473	0.006384880602732728
59.0	31.00498020687013	31.228451027965775	13.012386668369302	24.74779721619206	0.006384880602732728
60.0	31.00498020687013	31.407227684842294	12.942152981739241	24.6392542459456	0.006384880602732728
61.0	30.941131400842803	31.343378878814963	12.967692504150172	24.741412335589324	0.006384880602732728
62.0	30.992210445664664	31.32422423700677	12.967692504150172	24.709487932575662	0.006384880602732728
63.0	30.973055803856468	31.292299833993102	12.948537862341974	24.779721619205723	0.006384880602732728
64.0	31.0369046098838	31.343378878814963	12.884689056314647	24.72864257438386	0.006384880602732728
65.0	30.973055803856468	31.330609117609498	12.96130762354744	24.72864257438386	0.006384880602732728
66.0	30.966670923253737	31.394457923636825	12.942152981739241	24.690333290767462	0.006384880602732728
67.0	30.992210445664664	31.362533520623163	12.96130762354744	24.677563529561997	0.006384880602732728
68.0	30.921976759034607	31.349763759417698	12.929383220533778	24.792491380411185	0.006384880602732728
69.0	31.05605925169199	31.317839356404036	12.922998339931043	24.696718171370197	0.006384880602732728
70.0	31.0177499680756	31.292299833993102	12.935768101136508	24.74779721619206	0.006384880602732728
71.0	30.973055803856468	31.381688162431367	12.929383220533778	24.709487932575662	0.006384880602732728
72.0	30.973055803856468	31.413612565445025	12.910228578725578	24.696718171370197	0.006384880602732728
73.0	30.973055803856468	31.40084280423956	12.91661345932831	24.703103051972928	0.006384880602732728
74.0	30.93474652024007	31.381688162431367	12.980462265355639	24.696718171370197	0.006384880602732728
75.0	31.00498020687013	31.30506959519857	12.91661345932831	24.766951858000255	0.006384880602732728
76.0	30.979440684459203	31.298684714595836	12.986847145958372	24.72864257438386	0.006384880602732728
77.0	30.960286042651003	31.349763759417698	12.967692504150172	24.715872813178393	0.006384880602732728
78.0	31.02413484867833	31.317839356404036	12.935768101136508	24.715872813178393	0.006384880602732728
79.0	30.93474652024007	31.28591495339037	12.948537862341974	24.82441578342485	0.006384880602732728
80.0	30.928361639637338	31.362533520623163	12.986847145958372	24.715872813178393	0.006384880602732728
81.0	31.00498020687013	31.247605669773975	12.935768101136508	24.805261141616654	0.006384880602732728
82.0	30.87089771421274	31.381688162431367	13.012386668369302	24.72864257438386	0.006384880602732728
83.0	30.992210445664664	31.362533520623163	12.935768101136508	24.703103051972928	0.006384880602732728
84.0	30.89005235602094	31.336993998212233	12.980462265355639	24.78610649980845	0.006384880602732728
85.0	30.9985953262674	31.362533520623163	12.884689056314647	24.74779721619206	0.006384880602732728
86.0	30.921976759034607	31.388073043034094	12.986847145958372	24.696718171370197	0.006384880602732728
87.0	30.947516281445537	31.32422423700677	12.903843698122843	24.818030902822116	0.006384880602732728
88.0	30.85812795300728	31.43915208785596	13.00600178776657	24.690333290767462	0.006384880602732728
89.0	30.966670923253737	31.394457923636825	12.922998339931043	24.709487932575662	0.006384880602732728
90.0	30.877282594815476	31.362533520623163	13.018771548972033	24.735027454986593	0.006384880602732728
91.0	30.960286042651003	31.368918401225898	12.935768101136508	24.72864257438386	0.006384880602732728
92.0	30.902822117226407	31.426382326650494	12.96130762354744	24.703103051972928	0.006384880602732728
93.0	30.947516281445537	31.464691610266886	12.833610011492786	24.74779721619206	0.006384880602732728
94.0	30.95390116204827	31.330609117609498	12.96130762354744	24.74779721619206	0.006384880602732728
95.0	30.947516281445537	31.464691610266886	12.852764653300982	24.72864257438386	0.006384880602732728
96.0	30.89005235602094	31.362533520623163	12.96130762354744	24.779721619205723	0.006384880602732728
97.0	30.89005235602094	31.560464819307875	12.852764653300982	24.690333290767462	0.006384880602732728
98.0	30.94949236958049	31.42200370346721	12.923823510631504	24.704680416320794	0.0
