# Position (bp)	A	C	G	T	N
0.0	31.047230543693033	31.365925170501622	12.907132385747976	24.673338007521192	0.0063738925361718395
1.0	30.875135445216394	31.404168525718656	13.047358021543756	24.66696411498502	0.0063738925361718395
2.0	30.97074383325897	31.365925170501622	12.958123526037351	24.69883357766588	0.0063738925361718395
3.0	30.881509337752565	31.44878577347186	13.040984129007585	24.62234686723182	0.0063738925361718395
4.0	30.983491618331314	31.416916310791	12.945375740965007	24.647842437376504	0.0063738925361718395
5.0	30.881509337752565	31.385046848110143	13.040984129007585	24.686085792593538	0.0063738925361718395
6.0	31.053604436229204	31.43603798839952	12.945375740965007	24.5586079418701	0.0063738925361718395
7.0	30.894257122824907	31.42966409586334	13.009114666326727	24.66059022244885	0.0063738925361718395
8.0	30.996239403403656	31.378672955573965	12.932627955892665	24.686085792593538	0.0063738925361718395
9.0	30.8050226273185	31.44878577347186	13.047358021543756	24.69245968512971	0.0063738925361718395
10.0	31.03448275862069	31.334055707820767	12.932627955892665	24.69245968512971	0.0063738925361718395
11.0	30.82414430492702	31.391420740646314	13.053731914079927	24.72432914781057	0.0063738925361718395
12.0	31.008987188476	31.340429600356938	12.945375740965007	24.69883357766588	0.0063738925361718395
13.0	30.862387660144048	31.385046848110143	13.085601376760788	24.66059022244885	0.0063738925361718395
14.0	30.97074383325897	31.283064567531394	12.98361909618204	24.756198610491428	0.0063738925361718395
15.0	30.881509337752565	31.378672955573965	13.053731914079927	24.679711900057367	0.0063738925361718395
16.0	30.93250047804194	31.327681815284596	13.02186245139907	24.711581362738226	0.0063738925361718395
17.0	30.868761552680223	31.34680349289311	13.047358021543756	24.73070304034674	0.0063738925361718395
18.0	30.91337880043342	31.302186245139907	13.009114666326727	24.76894639556377	0.0063738925361718395
19.0	30.938874370578112	31.31493403021225	13.085601376760788	24.65421632991268	0.0063738925361718395
20.0	30.887883230288736	31.35955127796545	13.034610236471414	24.711581362738226	0.0063738925361718395
21.0	30.868761552680223	31.25119510485053	13.053731914079927	24.819937535853146	0.0063738925361718395
22.0	30.996239403403656	31.276690674995223	13.034610236471414	24.686085792593538	0.0063738925361718395
23.0	30.875135445216394	31.30856013767608	13.053731914079927	24.756198610491428	0.0063738925361718395
24.0	30.97074383325897	31.24482121231436	13.040984129007585	24.73707693288291	0.0063738925361718395
25.0	30.881509337752565	31.32130792274842	13.079227484224615	24.711581362738226	0.0063738925361718395
26.0	30.945248263114284	31.289438460067565	13.015488558862899	24.74345082541908	0.0063738925361718395
27.0	30.91337880043342	31.35955127796545	13.015488558862899	24.705207470202055	0.0063738925361718395
28.0	30.894257122824907	31.34680349289311	13.002740773790553	24.749824717955253	0.0063738925361718395
29.0	30.97074383325897	31.30856013767608	13.015488558862899	24.69883357766588	0.0063738925361718395
30.0	30.90700490789725	31.334055707820767	13.047358021543756	24.705207470202055	0.0063738925361718395
31.0	30.951622155650455	31.270316782459044	13.053731914079927	24.717955255274397	0.0063738925361718395
32.0	30.97074383325897	31.334055707820767	13.02186245139907	24.66696411498502	0.0063738925361718395
33.0	30.938874370578112	31.32130792274842	13.072853591688444	24.66059022244885	0.0063738925361718395
34.0	31.021734973548348	31.23844731977819	13.060105806616102	24.673338007521192	0.0063738925361718395
35.0	30.875135445216394	31.397794633182485	13.02186245139907	24.69883357766588	0.0063738925361718395
36.0	30.983491618331314	31.295812352603736	13.02186245139907	24.69245968512971	0.0063738925361718395
37.0	30.92612658550577	31.276690674995223	13.02823634393524	24.7625725030276	0.0063738925361718395
38.0	30.98986551086749	31.35317738542928	12.98361909618204	24.66696411498502	0.0063738925361718395
39.0	30.93250047804194	31.263942889922873	13.015488558862899	24.781694180636116	0.0063738925361718395
40.0	31.047230543693033	31.283064567531394	12.958123526037351	24.705207470202055	0.0063738925361718395
41.0	30.93250047804194	31.25119510485053	13.136592517050163	24.673338007521192	0.0063738925361718395
42.0	31.04085665115686	31.276690674995223	12.951749633501178	24.72432914781057	0.0063738925361718395
43.0	30.938874370578112	31.30856013767608	13.047358021543756	24.69883357766588	0.0063738925361718395
44.0	30.957996048186626	31.385046848110143	12.945375740965007	24.705207470202055	0.0063738925361718395
45.0	30.951622155650455	31.276690674995223	12.996366881254382	24.76894639556377	0.0063738925361718395
46.0	30.945248263114284	31.340429600356938	13.034610236471414	24.673338007521192	0.0063738925361718395
47.0	30.90063101536108	31.276690674995223	13.053731914079927	24.7625725030276	0.0063738925361718395
48.0	31.021734973548348	31.25119510485053	13.015488558862899	24.705207470202055	0.0063738925361718395
49.0	30.98986551086749	31.295812352603736	13.060105806616102	24.647842437376504	0.0063738925361718395
50.0	31.02810886608452	31.174708394416474	13.02186245139907	24.76894639556377	0.0063738925361718395
51.0	30.951622155650455	31.289438460067565	12.970871311109693	24.781694180636116	0.0063738925361718395
52.0	31.008987188476	31.276690674995223	12.98999298871821	24.717955255274397	0.0063738925361718395
53.0	30.951622155650455	31.30856013767608	13.002740773790553	24.73070304034674	0.0063738925361718395
54.0	31.00261329593983	31.276690674995223	12.98999298871821	24.72432914781057	0.0063738925361718395
55.0	30.938874370578112	31.302186245139907	13.009114666326727	24.74345082541908	0.0063738925361718395
56.0	30.957996048186626	31.257568997386702	13.015488558862899	24.7625725030276	0.0063738925361718395
57.0	30.951622155650455	31.327681815284596	13.02823634393524	24.686085792593538	0.0063738925361718395
58.0	30.983491618331314	31.372299063037794	12.958123526037351	24.679711900057367	0.0063738925361718395
59.0	30.977117725795146	31.225699534705846	13.047358021543756	24.74345082541908	0.0063738925361718395
60.0	30.983491618331314	31.416916310791	12.951749633501178	24.641468544840333	0.0063738925361718395
61.0	30.92612658550577	31.34680349289311	12.98361909618204	24.73707693288291	0.0063738925361718395
62.0	30.983491618331314	31.340429600356938	12.977245203645865	24.69245968512971	0.0063738925361718395
63.0	30.951622155650455	31.327681815284596	12.970871311109693	24.74345082541908	0.0063738925361718395
64.0	31.015361081012173	31.365925170501622	12.900758493211805	24.711581362738226	0.0063738925361718395
65.0	30.957996048186626	31.35317738542928	12.98361909618204	24.69883357766588	0.0063738925361718395
66.0	30.951622155650455	31.404168525718656	12.964497418573522	24.673338007521192	0.0063738925361718395
67.0	30.97074383325897	31.378672955573965	12.98361909618204	24.66059022244885	0.0063738925361718395
68.0	30.91337880043342	31.35317738542928	12.945375740965007	24.781694180636116	0.0063738925361718395
69.0	31.03448275862069	31.340429600356938	12.932627955892665	24.686085792593538	0.0063738925361718395
70.0	31.00261329593983	31.30856013767608	12.964497418573522	24.717955255274397	0.0063738925361718395
71.0	30.964369940722797	31.416916310791	12.932627955892665	24.679711900057367	0.0063738925361718395
72.0	30.951622155650455	31.43603798839952	12.945375740965007	24.66059022244885	0.0063738925361718395
73.0	30.977117725795146	31.410542418254828	12.926254063356494	24.679711900057367	0.0063738925361718395
74.0	30.91337880043342	31.404168525718656	13.009114666326727	24.66696411498502	0.0063738925361718395
75.0	31.008987188476	31.295812352603736	12.939001848428836	24.749824717955253	0.0063738925361718395
76.0	30.983491618331314	31.302186245139907	13.002740773790553	24.705207470202055	0.0063738925361718395
77.0	30.964369940722797	31.34680349289311	12.98361909618204	24.69883357766588	0.0063738925361718395
78.0	31.02810886608452	31.32130792274842	12.964497418573522	24.679711900057367	0.0063738925361718395
79.0	30.93250047804194	31.302186245139907	12.958123526037351	24.80081585824463	0.0063738925361718395
80.0	30.91337880043342	31.385046848110143	13.002740773790553	24.69245968512971	0.0063738925361718395
81.0	31.008987188476	31.257568997386702	12.951749633501178	24.77532028809994	0.0063738925361718395
82.0	30.868761552680223	31.378672955573965	13.040984129007585	24.705207470202055	0.0063738925361718395
83.0	30.98986551086749	31.365925170501622	12.964497418573522	24.673338007521192	0.0063738925361718395
84.0	30.894257122824907	31.32130792274842	13.009114666326727	24.76894639556377	0.0063738925361718395
85.0	30.977117725795146	31.378672955573965	12.913506278284148	24.72432914781057	0.0063738925361718395
86.0	30.93250047804194	31.378672955573965	13.009114666326727	24.673338007521192	0.0063738925361718395
87.0	30.957996048186626	31.340429600356938	12.907132385747976	24.788068073172287	0.0063738925361718395
88.0	30.862387660144048	31.42966409586334	13.034610236471414	24.66696411498502	0.0063738925361718395
89.0	30.97074383325897	31.404168525718656	12.932627955892665	24.686085792593538	0.0063738925361718395
90.0	30.887883230288736	31.34680349289311	13.053731914079927	24.705207470202055	0.0063738925361718395
91.0	30.957996048186626	31.35955127796545	12.964497418573522	24.711581362738226	0.0063738925361718395
92.0	30.9197526929696	31.404168525718656	12.98999298871821	24.679711900057367	0.0063738925361718395
93.0	30.945248263114284	31.44878577347186	12.862515137994773	24.73707693288291	0.0063738925361718395
94.0	30.964369940722797	31.30856013767608	12.977245203645865	24.74345082541908	0.0063738925361718395
95.0	30.957996048186626	31.44241188093569	12.868889030530944	24.72432914781057	0.0063738925361718395
96.0	30.894257122824907	31.34680349289311	12.977245203645865	24.77532028809994	0.0063738925361718395
97.0	30.90700490789725	31.53164637644209	12.875262923067119	24.679711900057367	0.0063738925361718395
98.0	30.9535951045385	31.40617032126466	12.94620091789903	24.694033656297805	0.0
