# Position (bp)	A	C	G	T	N
0.0	31.0463443617487	31.277753455500658	13.027706548251924	24.64194133466758	0.006254299831133904
1.0	31.0275814622553	31.346550753643132	12.921383451122647	24.698230033147787	0.006254299831133904
2.0	31.021327162424168	31.371567952967666	12.965163549940584	24.63568703483645	0.006254299831133904
3.0	30.996309963099634	31.30902495465633	13.027706548251924	24.660704234160985	0.006254299831133904
4.0	30.958784164112828	31.3965851522922	12.946400650447181	24.691975733316653	0.006254299831133904
5.0	30.996309963099634	31.40283945212333	12.958909250109452	24.63568703483645	0.006254299831133904
6.0	31.0275814622553	31.296516354994058	13.033960848083057	24.63568703483645	0.006254299831133904
7.0	30.95252986428169	31.3965851522922	12.958909250109452	24.685721433485522	0.006254299831133904
8.0	30.97754706360623	31.38407655262993	13.027706548251924	24.60441553568078	0.006254299831133904
9.0	30.990055663268496	31.446619550941275	12.915129151291513	24.64194133466758	0.006254299831133904
10.0	30.990055663268496	31.32153355431859	12.965163549940584	24.71699293264119	0.006254299831133904
11.0	30.958784164112828	31.365313653136536	13.027706548251924	24.64194133466758	0.006254299831133904
12.0	30.97754706360623	31.434110951279003	12.958909250109452	24.623178435174182	0.006254299831133904
13.0	30.958784164112828	31.302770654825192	12.996435049096252	24.735755832134593	0.006254299831133904
14.0	31.040090061917567	31.352805053474263	12.996435049096252	24.60441553568078	0.006254299831133904
15.0	30.908749765463757	31.39033085246107	13.02145224842079	24.673212833823253	0.006254299831133904
16.0	31.008818562761896	31.359059353305398	12.971417849771719	24.654449934329854	0.006254299831133904
17.0	30.95252986428169	31.3965851522922	13.008943648758523	24.63568703483645	0.006254299831133904
18.0	30.965038463943962	31.340296453811995	13.015197948589655	24.673212833823253	0.006254299831133904
19.0	30.927512664957156	31.371567952967666	12.983926449433985	24.710738632810056	0.006254299831133904
20.0	30.97754706360623	31.40283945212333	13.002689348927387	24.610669835511914	0.006254299831133904
21.0	30.97754706360623	31.246481956344986	13.058978047407594	24.710738632810056	0.006254299831133904
22.0	30.927512664957156	31.427856651447872	13.002689348927387	24.63568703483645	0.006254299831133904
23.0	30.996309963099634	31.32778785414973	13.040215147914191	24.629432735005317	0.006254299831133904
24.0	30.87122396647695	31.346550753643132	13.002689348927387	24.773281631121396	0.006254299831133904
25.0	31.015072862593033	31.359059353305398	12.965163549940584	24.654449934329854	0.006254299831133904
26.0	30.902495465632622	31.371567952967666	13.077740946900995	24.64194133466758	0.006254299831133904
27.0	30.927512664957156	31.346550753643132	13.077740946900995	24.64194133466758	0.006254299831133904
28.0	30.883732566139223	31.3965851522922	13.002689348927387	24.710738632810056	0.006254299831133904
29.0	30.921258365126025	31.359059353305398	13.077740946900995	24.63568703483645	0.006254299831133904
30.0	30.902495465632622	31.302770654825192	13.027706548251924	24.760773031459127	0.006254299831133904
31.0	30.915004065294887	31.421602351616734	13.033960848083057	24.623178435174182	0.006254299831133904
32.0	30.94002126461943	31.371567952967666	13.046469447745324	24.63568703483645	0.006254299831133904
33.0	30.97754706360623	31.30902495465633	13.077740946900995	24.629432735005317	0.006254299831133904
34.0	30.86496966664582	31.421602351616734	13.046469447745324	24.660704234160985	0.006254299831133904
35.0	30.990055663268496	31.290262055162927	13.058978047407594	24.654449934329854	0.006254299831133904
36.0	30.921258365126025	31.3965851522922	13.040215147914191	24.63568703483645	0.006254299831133904
37.0	30.98380136343736	31.352805053474263	13.033960848083057	24.623178435174182	0.006254299831133904
38.0	30.965038463943962	31.258990556007255	13.058978047407594	24.710738632810056	0.006254299831133904
39.0	30.908749765463757	31.32778785414973	13.027706548251924	24.72950153230346	0.006254299831133904
40.0	30.902495465632622	31.359059353305398	13.002689348927387	24.72950153230346	0.006254299831133904
41.0	30.94002126461943	31.334042153980864	13.046469447745324	24.673212833823253	0.006254299831133904
42.0	30.958784164112828	31.32778785414973	13.002689348927387	24.704484332978925	0.006254299831133904
43.0	30.89624116580149	31.240227656513852	13.071486647069861	24.785790230783665	0.006254299831133904
44.0	30.965038463943962	31.340296453811995	13.065232347238725	24.623178435174182	0.006254299831133904
45.0	31.008818562761896	31.22146475702045	13.040215147914191	24.723247232472325	0.006254299831133904
46.0	30.996309963099634	31.32778785414973	13.008943648758523	24.660704234160985	0.006254299831133904
47.0	30.927512664957156	31.38407655262993	13.040215147914191	24.64194133466758	0.006254299831133904
48.0	31.008818562761896	31.246481956344986	12.996435049096252	24.742010131965728	0.006254299831133904
49.0	31.008818562761896	31.240227656513852	13.033960848083057	24.710738632810056	0.006254299831133904
50.0	30.98380136343736	31.302770654825192	13.046469447745324	24.660704234160985	0.006254299831133904
51.0	31.065107261242105	31.277753455500658	13.040215147914191	24.610669835511914	0.006254299831133904
52.0	30.921258365126025	31.28400775533179	13.015197948589655	24.773281631121396	0.006254299831133904
53.0	30.927512664957156	31.290262055162927	13.015197948589655	24.760773031459127	0.006254299831133904
54.0	30.921258365126025	31.32778785414973	13.090249546563262	24.654449934329854	0.006254299831133904
55.0	30.990055663268496	31.277753455500658	13.015197948589655	24.710738632810056	0.006254299831133904
56.0	30.98380136343736	31.302770654825192	13.040215147914191	24.66695853399212	0.006254299831133904
57.0	30.921258365126025	31.334042153980864	13.071486647069861	24.66695853399212	0.006254299831133904
58.0	30.98380136343736	31.290262055162927	13.065232347238725	24.654449934329854	0.006254299831133904
59.0	30.97754706360623	31.290262055162927	13.040215147914191	24.685721433485522	0.006254299831133904
60.0	30.971292763775093	31.32778785414973	13.008943648758523	24.685721433485522	0.006254299831133904
61.0	30.996309963099634	31.296516354994058	13.090249546563262	24.610669835511914	0.006254299831133904
62.0	30.97754706360623	31.371567952967666	13.015197948589655	24.629432735005317	0.006254299831133904
63.0	30.965038463943962	31.32153355431859	13.033960848083057	24.673212833823253	0.006254299831133904
64.0	31.002564262930765	31.32778785414973	13.046469447745324	24.616924135343048	0.006254299831133904
65.0	30.965038463943962	31.296516354994058	13.033960848083057	24.698230033147787	0.006254299831133904
66.0	31.05259866157984	31.296516354994058	13.027706548251924	24.616924135343048	0.006254299831133904
67.0	30.94002126461943	31.277753455500658	13.071486647069861	24.704484332978925	0.006254299831133904
68.0	31.040090061917567	31.277753455500658	13.027706548251924	24.64819563449872	0.006254299831133904
69.0	31.0463443617487	31.28400775533179	13.008943648758523	24.654449934329854	0.006254299831133904
70.0	30.93376696478829	31.359059353305398	13.015197948589655	24.685721433485522	0.006254299831133904
71.0	31.021327162424168	31.240227656513852	13.065232347238725	24.66695853399212	0.006254299831133904
72.0	31.033835762086436	31.25273625617612	13.015197948589655	24.691975733316653	0.006254299831133904
73.0	30.94627556445056	31.365313653136536	13.033960848083057	24.64819563449872	0.006254299831133904
74.0	30.98380136343736	31.277753455500658	12.99018074926512	24.742010131965728	0.006254299831133904
75.0	30.971292763775093	31.334042153980864	13.046469447745324	24.64194133466758	0.006254299831133904
76.0	30.971292763775093	31.346550753643132	12.965163549940584	24.710738632810056	0.006254299831133904
77.0	30.965038463943962	31.290262055162927	13.033960848083057	24.704484332978925	0.006254299831133904
78.0	30.965038463943962	31.290262055162927	13.02145224842079	24.71699293264119	0.006254299831133904
79.0	30.996309963099634	31.28400775533179	13.040215147914191	24.673212833823253	0.006254299831133904
80.0	30.908749765463757	31.302770654825192	13.065232347238725	24.71699293264119	0.006254299831133904
81.0	30.97754706360623	31.302770654825192	13.002689348927387	24.710738632810056	0.006254299831133904
82.0	30.93376696478829	31.39033085246107	12.99018074926512	24.679467133654388	0.006254299831133904
83.0	30.902495465632622	31.371567952967666	13.052723747576458	24.66695853399212	0.006254299831133904
84.0	30.93376696478829	31.365313653136536	12.99018074926512	24.704484332978925	0.006254299831133904
85.0	30.915004065294887	31.30902495465633	13.052723747576458	24.71699293264119	0.006254299831133904
86.0	30.97754706360623	31.371567952967666	13.002689348927387	24.64194133466758	0.006254299831133904
87.0	30.94002126461943	31.365313653136536	12.952654950278317	24.735755832134593	0.006254299831133904
88.0	30.85246106698355	31.377822252798797	13.02145224842079	24.742010131965728	0.006254299831133904
89.0	30.86496966664582	31.377822252798797	13.027706548251924	24.723247232472325	0.006254299831133904
90.0	30.89624116580149	31.39033085246107	12.983926449433985	24.723247232472325	0.006254299831133904
91.0	30.958784164112828	31.334042153980864	12.977672149602851	24.723247232472325	0.006254299831133904
92.0	30.85871536681469	31.39033085246107	13.033960848083057	24.710738632810056	0.006254299831133904
93.0	30.95252986428169	31.334042153980864	12.99018074926512	24.71699293264119	0.006254299831133904
94.0	30.808680968165614	31.440365251110137	12.915129151291513	24.8295703296016	0.006254299831133904
95.0	30.93376696478829	31.38407655262993	12.965163549940584	24.710738632810056	0.006254299831133904
96.0	30.915004065294887	31.32778785414973	12.971417849771719	24.77953593095253	0.006254299831133904
97.0	30.94002126461943	31.377822252798797	12.952654950278317	24.723247232472325	0.006254299831133904
98.0	30.915004065294887	31.365313653136536	12.977672149602851	24.735755832134593	0.006254299831133904
99.0	30.927512664957156	31.302770654825192	12.99018074926512	24.773281631121396	0.006254299831133904
100.0	30.95252986428169	31.38407655262993	12.952654950278317	24.704484332978925	0.006254299831133904
101.0	30.971292763775093	31.302770654825192	12.958909250109452	24.760773031459127	0.006254299831133904
102.0	30.89624116580149	31.3965851522922	12.933892050784914	24.76702733129026	0.006254299831133904
103.0	30.94627556445056	31.352805053474263	12.883857652135845	24.810807430108202	0.006254299831133904
104.0	30.94002126461943	31.352805053474263	12.92763775095378	24.773281631121396	0.006254299831133904
105.0	30.97754706360623	31.296516354994058	12.946400650447181	24.773281631121396	0.006254299831133904
106.0	30.996309963099634	31.352805053474263	12.94014635061605	24.704484332978925	0.006254299831133904
107.0	30.921258365126025	31.359059353305398	12.94014635061605	24.773281631121396	0.006254299831133904
108.0	30.908749765463757	31.271499155669524	12.983926449433985	24.8295703296016	0.006254299831133904
109.0	31.077615860904373	31.25273625617612	12.902620551629246	24.760773031459127	0.006254299831133904
110.0	30.97754706360623	31.32153355431859	12.852586152980175	24.84207892926387	0.006254299831133904
111.0	30.95252986428169	31.290262055162927	12.952654950278317	24.79829883044593	0.006254299831133904
112.0	31.09012446056664	31.340296453811995	12.896366251798112	24.66695853399212	0.006254299831133904
113.0	30.98380136343736	31.302770654825192	12.915129151291513	24.7920445306148	0.006254299831133904
114.0	30.996309963099634	31.302770654825192	12.921383451122647	24.773281631121396	0.006254299831133904
115.0	31.008818562761896	31.302770654825192	12.896366251798112	24.785790230783665	0.006254299831133904
116.0	30.971292763775093	31.31527925448746	12.958909250109452	24.74826443179686	0.006254299831133904
117.0	31.002564262930765	31.31527925448746	12.933892050784914	24.742010131965728	0.006254299831133904
118.0	30.94627556445056	31.346550753643132	12.902620551629246	24.79829883044593	0.006254299831133904
119.0	31.015072862593033	31.296516354994058	12.896366251798112	24.785790230783665	0.006254299831133904
120.0	31.077615860904373	31.265244855838386	12.933892050784914	24.71699293264119	0.006254299831133904
121.0	31.015072862593033	31.352805053474263	12.84633185314904	24.77953593095253	0.006254299831133904
122.0	31.0275814622553	31.296516354994058	12.908874851460379	24.760773031459127	0.006254299831133904
123.0	30.958784164112828	31.359059353305398	12.92763775095378	24.74826443179686	0.006254299831133904
124.0	30.965038463943962	31.359059353305398	12.915129151291513	24.754518731627996	0.006254299831133904
125.0	31.071361561073235	31.302770654825192	12.858840452811307	24.760773031459127	0.006254299831133904
126.0	30.971292763775093	31.227719056851583	12.958909250109452	24.835824629432736	0.006254299831133904
127.0	31.071361561073235	31.340296453811995	12.865094752642442	24.71699293264119	0.006254299831133904
128.0	31.0275814622553	31.277753455500658	12.915129151291513	24.773281631121396	0.006254299831133904
129.0	30.965038463943962	31.258990556007255	12.94014635061605	24.8295703296016	0.006254299831133904
130.0	31.05885296141097	31.346550753643132	12.871349052473576	24.71699293264119	0.006254299831133904
131.0	31.008818562761896	31.31527925448746	12.840077553317904	24.8295703296016	0.006254299831133904
132.0	31.008818562761896	31.352805053474263	12.915129151291513	24.71699293264119	0.006254299831133904
133.0	30.965038463943962	31.290262055162927	12.883857652135845	24.854587528926135	0.006254299831133904
134.0	31.0275814622553	31.302770654825192	12.908874851460379	24.754518731627996	0.006254299831133904
135.0	31.015072862593033	31.31527925448746	12.890111951966976	24.773281631121396	0.006254299831133904
136.0	31.0275814622553	31.302770654825192	12.833823253486774	24.8295703296016	0.006254299831133904
137.0	31.083870160735504	31.240227656513852	12.933892050784914	24.735755832134593	0.006254299831133904
138.0	31.0463443617487	31.31527925448746	12.877603352304709	24.754518731627996	0.006254299831133904
139.0	31.071361561073235	31.258990556007255	12.921383451122647	24.742010131965728	0.006254299831133904
140.0	31.040090061917567	31.296516354994058	12.92763775095378	24.72950153230346	0.006254299831133904
141.0	31.0463443617487	31.296516354994058	12.94014635061605	24.710738632810056	0.006254299831133904
142.0	31.008818562761896	31.346550753643132	12.890111951966976	24.74826443179686	0.006254299831133904
143.0	30.990055663268496	31.290262055162927	12.915129151291513	24.79829883044593	0.006254299831133904
144.0	31.14015885921571	31.265244855838386	12.877603352304709	24.710738632810056	0.006254299831133904
145.0	31.033835762086436	31.25273625617612	12.952654950278317	24.754518731627996	0.006254299831133904
146.0	31.102633060228907	31.290262055162927	12.865094752642442	24.735755832134593	0.006254299831133904
147.0	31.0275814622553	31.302770654825192	12.921383451122647	24.742010131965728	0.006254299831133904
148.0	31.077615860904373	31.290262055162927	12.92763775095378	24.698230033147787	0.006254299831133904
149.0	31.040090061917567	31.31527925448746	12.92763775095378	24.710738632810056	0.006254299831133904
