# Position (bp)	A	C	G	T	N
0.0	31.01286070765884	31.3903640667989	12.943886365090536	24.646490498432403	0.006398362019323054
1.0	30.865698381214408	31.40955915285687	13.084650329515643	24.633693774393755	0.006398362019323054
2.0	30.916885277368994	31.403160790837546	12.995073261245121	24.678482308529016	0.006398362019323054
3.0	30.852901657175764	31.46714441103078	13.065455243457674	24.60810032631646	0.006398362019323054
4.0	30.99366562160087	31.40955915285687	12.982276537206475	24.60810032631646	0.006398362019323054
5.0	30.83370657111779	31.422355876895512	13.071853605477	24.665685584490372	0.006398362019323054
6.0	31.025657431697486	31.46714441103078	12.969479813167828	24.531319982084586	0.006398362019323054
7.0	30.878495105253055	31.447949324972807	13.039861795380384	24.62729541237443	0.006398362019323054
8.0	30.974470535542903	31.377567342760255	12.963081451148506	24.678482308529016	0.006398362019323054
9.0	30.76332458890524	31.486339497088743	13.078251967496321	24.665685584490372	0.006398362019323054
10.0	31.01286070765884	31.358372256702282	12.943886365090536	24.678482308529016	0.006398362019323054
11.0	30.795316399001855	31.41595751487619	13.084650329515643	24.697677394586986	0.006398362019323054
12.0	30.94887708746561	31.383965704779577	12.963081451148506	24.697677394586986	0.006398362019323054
13.0	30.83370657111779	31.403160790837546	13.110243777592936	24.646490498432403	0.006398362019323054
14.0	30.929682001407638	31.319982084586346	12.995073261245121	24.748864290741572	0.006398362019323054
15.0	30.820909847079147	31.428754238914834	13.078251967496321	24.665685584490372	0.006398362019323054
16.0	30.89769019131102	31.345575532663638	13.052658519419028	24.697677394586986	0.006398362019323054
17.0	30.84650329515644	31.377567342760255	13.065455243457674	24.704075756606308	0.006398362019323054
18.0	30.84650329515644	31.35197389468296	13.033463433361058	24.761661014780216	0.006398362019323054
19.0	30.884893467272377	31.345575532663638	13.110243777592936	24.652888860451725	0.006398362019323054
20.0	30.872096743233733	31.3903640667989	13.046260157399706	24.68488067054834	0.006398362019323054
21.0	30.83370657111779	31.275193550451085	13.059056881438352	24.825644634973447	0.006398362019323054
22.0	30.942478725446286	31.307185360547702	13.046260157399706	24.697677394586986	0.006398362019323054
23.0	30.83370657111779	31.35197389468296	13.071853605477	24.736067566702925	0.006398362019323054
24.0	30.936080363426967	31.262396826412438	13.052658519419028	24.742465928722247	0.006398362019323054
25.0	30.820909847079147	31.371168980740933	13.091048691534969	24.71047411862563	0.006398362019323054
26.0	30.884893467272377	31.32638044660567	13.020666709322413	24.761661014780216	0.006398362019323054
27.0	30.872096743233733	31.422355876895512	13.01426834730309	24.68488067054834	0.006398362019323054
28.0	30.82730820909847	31.377567342760255	13.007869985283769	24.780856100838186	0.006398362019323054
29.0	30.910486915349672	31.339177170644316	13.033463433361058	24.71047411862563	0.006398362019323054
30.0	30.872096743233733	31.377567342760255	13.046260157399706	24.697677394586986	0.006398362019323054
31.0	30.910486915349672	31.281591912470407	13.065455243457674	24.736067566702925	0.006398362019323054
32.0	30.89769019131102	31.371168980740933	13.033463433361058	24.69127903256766	0.006398362019323054
33.0	30.936080363426967	31.339177170644316	13.078251967496321	24.640092136413077	0.006398362019323054
34.0	30.968072173523574	31.281591912470407	13.071853605477	24.672083946509694	0.006398362019323054
35.0	30.808113123040503	31.41595751487619	13.033463433361058	24.736067566702925	0.006398362019323054
36.0	30.974470535542903	31.307185360547702	13.039861795380384	24.672083946509694	0.006398362019323054
37.0	30.884893467272377	31.30078699852838	13.033463433361058	24.77445773881886	0.006398362019323054
38.0	30.916885277368994	31.3903640667989	12.9886748992258	24.697677394586986	0.006398362019323054
39.0	30.89769019131102	31.28799027448973	13.027065071341736	24.780856100838186	0.006398362019323054
40.0	31.032055793716808	31.28799027448973	12.969479813167828	24.704075756606308	0.006398362019323054
41.0	30.859300019195086	31.29438863650905	13.148633949708874	24.69127903256766	0.006398362019323054
42.0	31.019259069678164	31.281591912470407	12.963081451148506	24.729669204683603	0.006398362019323054
43.0	30.923283639388316	31.345575532663638	13.059056881438352	24.665685584490372	0.006398362019323054
44.0	30.910486915349672	31.3903640667989	12.950284727109858	24.742465928722247	0.006398362019323054
45.0	30.910486915349672	31.29438863650905	13.01426834730309	24.77445773881886	0.006398362019323054
46.0	30.94887708746561	31.358372256702282	13.046260157399706	24.640092136413077	0.006398362019323054
47.0	30.865698381214408	31.29438863650905	13.065455243457674	24.76805937679954	0.006398362019323054
48.0	30.99366562160087	31.262396826412438	13.027065071341736	24.71047411862563	0.006398362019323054
49.0	30.987267259581547	31.30078699852838	13.071853605477	24.633693774393755	0.006398362019323054
50.0	31.025657431697486	31.179218120161238	13.039861795380384	24.748864290741572	0.006398362019323054
51.0	30.916885277368994	31.28799027448973	12.975878175187153	24.812847910934803	0.006398362019323054
52.0	30.987267259581547	31.28799027448973	13.020666709322413	24.697677394586986	0.006398362019323054
53.0	30.936080363426967	31.32638044660567	13.020666709322413	24.71047411862563	0.006398362019323054
54.0	30.980868897562225	31.30078699852838	12.9886748992258	24.723270842664277	0.006398362019323054
55.0	30.936080363426967	31.307185360547702	13.020666709322413	24.729669204683603	0.006398362019323054
56.0	30.94887708746561	31.275193550451085	13.027065071341736	24.742465928722247	0.006398362019323054
57.0	30.95527544948493	31.345575532663638	13.01426834730309	24.678482308529016	0.006398362019323054
58.0	30.95527544948493	31.377567342760255	12.982276537206475	24.678482308529016	0.006398362019323054
59.0	31.00646234563952	31.23040501631582	13.052658519419028	24.704075756606308	0.006398362019323054
60.0	30.974470535542903	31.422355876895512	12.969479813167828	24.62729541237443	0.006398362019323054
61.0	30.910486915349672	31.358372256702282	12.9886748992258	24.736067566702925	0.006398362019323054
62.0	30.980868897562225	31.371168980740933	12.975878175187153	24.665685584490372	0.006398362019323054
63.0	30.961673811504255	31.332778808624994	12.963081451148506	24.736067566702925	0.006398362019323054
64.0	31.00006398362019	31.383965704779577	12.899097830955276	24.71047411862563	0.006398362019323054
65.0	30.936080363426967	31.377567342760255	12.982276537206475	24.697677394586986	0.006398362019323054
66.0	30.974470535542903	31.422355876895512	12.950284727109858	24.646490498432403	0.006398362019323054
67.0	30.95527544948493	31.3903640667989	12.963081451148506	24.68488067054834	0.006398362019323054
68.0	30.910486915349672	31.371168980740933	12.937488003071213	24.77445773881886	0.006398362019323054
69.0	31.038454155736133	31.35197389468296	12.93108964105189	24.672083946509694	0.006398362019323054
70.0	31.019259069678164	31.307185360547702	12.950284727109858	24.716872480644955	0.006398362019323054
71.0	30.94887708746561	31.422355876895512	12.937488003071213	24.68488067054834	0.006398362019323054
72.0	30.95527544948493	31.45434768699213	12.943886365090536	24.640092136413077	0.006398362019323054
73.0	30.968072173523574	31.41595751487619	12.918292917013243	24.69127903256766	0.006398362019323054
74.0	30.89769019131102	31.435152600934163	12.995073261245121	24.665685584490372	0.006398362019323054
75.0	31.01286070765884	31.313583722567024	12.918292917013243	24.748864290741572	0.006398362019323054
76.0	30.987267259581547	31.30078699852838	12.995073261245121	24.71047411862563	0.006398362019323054
77.0	30.95527544948493	31.345575532663638	12.969479813167828	24.723270842664277	0.006398362019323054
78.0	31.019259069678164	31.345575532663638	12.956683089129184	24.672083946509694	0.006398362019323054
79.0	30.923283639388316	31.307185360547702	12.950284727109858	24.812847910934803	0.006398362019323054
80.0	30.89769019131102	31.403160790837546	12.9886748992258	24.704075756606308	0.006398362019323054
81.0	31.01286070765884	31.268795188431763	12.93108964105189	24.780856100838186	0.006398362019323054
82.0	30.872096743233733	31.39676242881822	13.020666709322413	24.704075756606308	0.006398362019323054
83.0	30.99366562160087	31.35197389468296	12.937488003071213	24.71047411862563	0.006398362019323054
84.0	30.916885277368994	31.313583722567024	12.995073261245121	24.76805937679954	0.006398362019323054
85.0	30.968072173523574	31.377567342760255	12.899097830955276	24.748864290741572	0.006398362019323054
86.0	30.95527544948493	31.383965704779577	12.969479813167828	24.68488067054834	0.006398362019323054
87.0	30.961673811504255	31.32638044660567	12.9054961929746	24.800051186896155	0.006398362019323054
88.0	30.865698381214408	31.428754238914834	13.027065071341736	24.672083946509694	0.006398362019323054
89.0	30.974470535542903	31.39676242881822	12.9054961929746	24.716872480644955	0.006398362019323054
90.0	30.90408855333035	31.339177170644316	13.033463433361058	24.716872480644955	0.006398362019323054
91.0	30.961673811504255	31.35197389468296	12.956683089129184	24.723270842664277	0.006398362019323054
92.0	30.942478725446286	31.41595751487619	12.963081451148506	24.672083946509694	0.006398362019323054
93.0	30.980868897562225	31.41595751487619	12.84791093480069	24.748864290741572	0.006398362019323054
94.0	31.00006398362019	31.30078699852838	12.963081451148506	24.729669204683603	0.006398362019323054
95.0	30.980868897562225	31.403160790837546	12.854309296820013	24.755262652760894	0.006398362019323054
96.0	30.936080363426967	31.339177170644316	12.963081451148506	24.755262652760894	0.006398362019323054
97.0	30.916885277368994	31.499136221127394	12.879902744897306	24.697677394586986	0.006398362019323054
98.0	30.97005374968006	31.405170207320193	12.938315843358076	24.68646019964167	0.0
