# Position (bp)	A	C	G	T	N
0.0	31.044202434336967	31.428571428571427	12.869955156950672	24.650864830237026	0.0064061499039077515
1.0	30.858424087123637	31.441383728379247	13.030108904548365	24.663677130044842	0.0064061499039077515
2.0	30.980140935297882	31.422165278667517	12.921204356181933	24.670083279948752	0.0064061499039077515
3.0	30.871236386931457	31.492632927610508	13.023702754644459	24.606021780909675	0.0064061499039077515
4.0	30.986547085201792	31.46060217809097	12.927610506085843	24.618834080717487	0.0064061499039077515
5.0	30.864830237027547	31.434977578475337	13.010890454836643	24.68289557975657	0.0064061499039077515
6.0	31.037796284433057	31.473414477898782	12.93401665598975	24.548366431774504	0.0064061499039077515
7.0	30.9096732863549	31.473414477898782	12.972453555413196	24.63805253042921	0.0064061499039077515
8.0	30.986547085201792	31.422165278667517	12.914798206278027	24.670083279948752	0.0064061499039077515
9.0	30.813581037796283	31.486226777706598	13.01729660474055	24.67648942985266	0.0064061499039077515
10.0	31.031390134529147	31.370916079436256	12.901985906470212	24.689301729660475	0.0064061499039077515
11.0	30.839205637411915	31.409352978859705	13.036515054452275	24.708520179372197	0.0064061499039077515
12.0	31.005765534913515	31.390134529147986	12.908392056374119	24.689301729660475	0.0064061499039077515
13.0	30.864830237027547	31.409352978859705	13.062139654067906	24.657270980140936	0.0064061499039077515
14.0	30.986547085201792	31.31326073030109	12.94042280589366	24.753363228699552	0.0064061499039077515
15.0	30.871236386931457	31.4029468289558	13.04932735426009	24.670083279948752	0.0064061499039077515
16.0	30.94170403587444	31.358103779628443	12.991672005124922	24.702114029468287	0.0064061499039077515
17.0	30.864830237027547	31.364509929532353	13.030108904548365	24.73414477898783	0.0064061499039077515
18.0	30.92248558616272	31.33888532991672	12.978859705317106	24.753363228699552	0.0064061499039077515
19.0	30.954516335682253	31.319666880205	13.068545803971812	24.650864830237026	0.0064061499039077515
20.0	30.90326713645099	31.377322229340166	13.01729660474055	24.69570787956438	0.0064061499039077515
21.0	30.896860986547086	31.262011531069827	13.023702754644459	24.81101857783472	0.0064061499039077515
22.0	30.992953235105702	31.29404228058937	13.023702754644459	24.68289557975657	0.0064061499039077515
23.0	30.90326713645099	31.319666880205	13.01729660474055	24.753363228699552	0.0064061499039077515
24.0	30.980140935297882	31.262011531069827	13.023702754644459	24.72773862908392	0.0064061499039077515
25.0	30.90326713645099	31.3260730301089	13.055733504163996	24.708520179372197	0.0064061499039077515
26.0	30.954516335682253	31.306854580397182	12.991672005124922	24.740550928891736	0.0064061499039077515
27.0	30.92889173606662	31.370916079436256	12.998078155028828	24.69570787956438	0.0064061499039077515
28.0	30.92248558616272	31.364509929532353	12.972453555413196	24.73414477898783	0.0064061499039077515
29.0	30.980140935297882	31.31326073030109	13.004484304932735	24.69570787956438	0.0064061499039077515
30.0	30.91607943625881	31.358103779628443	13.01729660474055	24.702114029468287	0.0064061499039077515
31.0	30.980140935297882	31.27482383087764	13.030108904548365	24.708520179372197	0.0064061499039077515
32.0	30.96732863549007	31.34529147982063	12.991672005124922	24.689301729660475	0.0064061499039077515
33.0	30.954516335682253	31.33888532991672	13.04932735426009	24.650864830237026	0.0064061499039077515
34.0	31.05060858424087	31.242793081358105	13.030108904548365	24.670083279948752	0.0064061499039077515
35.0	30.88404868673927	31.409352978859705	12.991672005124922	24.708520179372197	0.0064061499039077515
36.0	31.005765534913515	31.31326073030109	12.991672005124922	24.68289557975657	0.0064061499039077515
37.0	30.94811018577835	31.27482383087764	13.004484304932735	24.766175528507368	0.0064061499039077515
38.0	31.018577834721334	31.364509929532353	12.96604740550929	24.64445868033312	0.0064061499039077515
39.0	30.94170403587444	31.268417680973737	12.991672005124922	24.791800128122997	0.0064061499039077515
40.0	31.063420884048686	31.29404228058937	12.94042280589366	24.69570787956438	0.0064061499039077515
41.0	30.960922485586163	31.255605381165918	13.113388853299169	24.663677130044842	0.0064061499039077515
42.0	31.069827033952595	31.28763613068546	12.93401665598975	24.702114029468287	0.0064061499039077515
43.0	30.960922485586163	31.319666880205	13.023702754644459	24.689301729660475	0.0064061499039077515
44.0	30.980140935297882	31.390134529147986	12.93401665598975	24.689301729660475	0.0064061499039077515
45.0	30.980140935297882	31.28763613068546	12.978859705317106	24.746957078795646	0.0064061499039077515
46.0	30.96732863549007	31.34529147982063	13.023702754644459	24.657270980140936	0.0064061499039077515
47.0	30.93529788597053	31.28763613068546	13.036515054452275	24.73414477898783	0.0064061499039077515
48.0	31.05701473414478	31.268417680973737	12.998078155028828	24.670083279948752	0.0064061499039077515
49.0	31.018577834721334	31.28763613068546	13.055733504163996	24.631646380525304	0.0064061499039077515
50.0	31.044202434336967	31.185137732222934	13.023702754644459	24.740550928891736	0.0064061499039077515
51.0	30.999359385009612	31.306854580397182	12.96604740550929	24.721332479180013	0.0064061499039077515
52.0	31.037796284433057	31.28763613068546	12.972453555413196	24.69570787956438	0.0064061499039077515
53.0	30.980140935297882	31.31326073030109	13.004484304932735	24.69570787956438	0.0064061499039077515
54.0	31.037796284433057	31.28763613068546	12.985265855221012	24.68289557975657	0.0064061499039077515
55.0	30.97373478539398	31.31326073030109	13.004484304932735	24.702114029468287	0.0064061499039077515
56.0	30.992953235105702	31.268417680973737	13.004484304932735	24.72773862908392	0.0064061499039077515
57.0	30.992953235105702	31.319666880205	13.030108904548365	24.650864830237026	0.0064061499039077515
58.0	31.024983984625244	31.358103779628443	12.96604740550929	24.64445868033312	0.0064061499039077515
59.0	31.012171684817424	31.217168481742476	13.055733504163996	24.708520179372197	0.0064061499039077515
60.0	31.018577834721334	31.422165278667517	12.946828955797566	24.606021780909675	0.0064061499039077515
61.0	30.96732863549007	31.34529147982063	12.985265855221012	24.69570787956438	0.0064061499039077515
62.0	31.024983984625244	31.34529147982063	12.972453555413196	24.650864830237026	0.0064061499039077515
63.0	30.992953235105702	31.319666880205	12.978859705317106	24.702114029468287	0.0064061499039077515
64.0	31.05701473414478	31.358103779628443	12.901985906470212	24.67648942985266	0.0064061499039077515
65.0	31.024983984625244	31.33888532991672	12.978859705317106	24.650864830237026	0.0064061499039077515
66.0	30.999359385009612	31.390134529147986	12.972453555413196	24.631646380525304	0.0064061499039077515
67.0	31.018577834721334	31.370916079436256	12.991672005124922	24.61242793081358	0.0064061499039077515
68.0	30.960922485586163	31.34529147982063	12.96604740550929	24.721332479180013	0.0064061499039077515
69.0	31.082639333760408	31.33888532991672	12.94042280589366	24.631646380525304	0.0064061499039077515
70.0	31.05060858424087	31.306854580397182	12.978859705317106	24.657270980140936	0.0064061499039077515
71.0	31.012171684817424	31.409352978859705	12.946828955797566	24.625240230621394	0.0064061499039077515
72.0	30.999359385009612	31.441383728379247	12.95964125560538	24.59320948110186	0.0064061499039077515
73.0	31.024983984625244	31.39654067905189	12.93401665598975	24.63805253042921	0.0064061499039077515
74.0	30.954516335682253	31.4029468289558	13.01729660474055	24.618834080717487	0.0064061499039077515
75.0	31.05701473414478	31.28122998078155	12.95964125560538	24.69570787956438	0.0064061499039077515
76.0	31.012171684817424	31.31326073030109	13.010890454836643	24.657270980140936	0.0064061499039077515
77.0	31.005765534913515	31.33888532991672	13.004484304932735	24.64445868033312	0.0064061499039077515
78.0	31.063420884048686	31.33247918001281	12.972453555413196	24.625240230621394	0.0064061499039077515
79.0	30.97373478539398	31.306854580397182	12.972453555413196	24.740550928891736	0.0064061499039077515
80.0	30.93529788597053	31.4029468289558	13.010890454836643	24.64445868033312	0.0064061499039077515
81.0	31.05060858424087	31.255605381165918	12.96604740550929	24.721332479180013	0.0064061499039077515
82.0	30.90326713645099	31.390134529147986	13.055733504163996	24.64445868033312	0.0064061499039077515
83.0	31.024983984625244	31.364509929532353	12.96604740550929	24.63805253042921	0.0064061499039077515
84.0	30.93529788597053	31.31326073030109	13.030108904548365	24.714926329276103	0.0064061499039077515
85.0	30.999359385009612	31.39654067905189	12.914798206278027	24.68289557975657	0.0064061499039077515
86.0	30.96732863549007	31.377322229340166	13.030108904548365	24.618834080717487	0.0064061499039077515
87.0	30.992953235105702	31.33888532991672	12.921204356181933	24.740550928891736	0.0064061499039077515
88.0	30.91607943625881	31.422165278667517	13.04932735426009	24.606021780909675	0.0064061499039077515
89.0	31.005765534913515	31.409352978859705	12.95964125560538	24.618834080717487	0.0064061499039077515
90.0	30.92248558616272	31.34529147982063	13.068545803971812	24.657270980140936	0.0064061499039077515
91.0	31.012171684817424	31.33247918001281	12.998078155028828	24.650864830237026	0.0064061499039077515
92.0	30.954516335682253	31.415759128763614	13.010890454836643	24.61242793081358	0.0064061499039077515
93.0	31.005765534913515	31.415759128763614	12.889173606662396	24.68289557975657	0.0064061499039077515
94.0	30.980140935297882	31.33247918001281	13.004484304932735	24.67648942985266	0.0064061499039077515
95.0	30.999359385009612	31.422165278667517	12.895579756566303	24.67648942985266	0.0064061499039077515
96.0	30.92889173606662	31.34529147982063	12.998078155028828	24.721332479180013	0.0064061499039077515
97.0	30.94811018577835	31.518257527226133	12.901985906470212	24.625240230621394	0.0064061499039077515
98.0	30.982125696713435	31.398552117368183	12.979691203792685	24.639630982125695	0.0
