# Position (bp)	A	C	G	T	N
0.0	31.03096074050431	31.375678263645067	12.90775614427067	24.679221193744016	0.006383657835939994
1.0	30.87136929460581	31.407596552824767	13.022661985317589	24.691988509415896	0.006383657835939994
2.0	30.96712416214491	31.369294605809127	12.952441749122249	24.704755825087776	0.006383657835939994
3.0	30.87136929460581	31.465049473348227	13.016278327481649	24.640919246728377	0.006383657835939994
4.0	30.96712416214491	31.439514842004467	12.939674433450369	24.647302904564317	0.006383657835939994
5.0	30.87136929460581	31.407596552824767	13.016278327481649	24.698372167251836	0.006383657835939994
6.0	31.05011171401213	31.445898499840407	12.933290775614429	24.564315352697093	0.006383657835939994
7.0	30.87775295244175	31.445898499840407	12.990743696137889	24.679221193744016	0.006383657835939994
8.0	30.97989147781679	31.394829237152887	12.933290775614429	24.685604851579956	0.006383657835939994
9.0	30.80753271624641	31.465049473348227	13.035429300989469	24.685604851579956	0.006383657835939994
10.0	31.03734439834025	31.330992658793487	12.926907117778489	24.698372167251836	0.006383657835939994
11.0	30.81391637408235	31.407596552824767	13.041812958825409	24.730290456431536	0.006383657835939994
12.0	31.00542610916055	31.362910947973187	12.933290775614429	24.691988509415896	0.006383657835939994
13.0	30.85860197893393	31.413980210660707	13.073731248005108	24.647302904564317	0.006383657835939994
14.0	30.96074050430897	31.305458027449728	12.977976380466009	24.749441429939356	0.006383657835939994
15.0	30.89690392594957	31.388445579316947	13.035429300989469	24.672837535908076	0.006383657835939994
16.0	30.94797318863709	31.330992658793487	13.022661985317589	24.691988509415896	0.006383657835939994
17.0	30.89052026811363	31.350143632301307	13.029045643153529	24.723906798595596	0.006383657835939994
18.0	30.92243855729333	31.305458027449728	13.003511011809769	24.762208745611236	0.006383657835939994
19.0	30.96712416214491	31.305458027449728	13.073731248005108	24.647302904564317	0.006383657835939994
20.0	30.90328758378551	31.356527290137247	13.029045643153529	24.704755825087776	0.006383657835939994
21.0	30.89052026811363	31.248005106926268	13.041812958825409	24.813278008298756	0.006383657835939994
22.0	31.01180976699649	31.273539738270028	13.035429300989469	24.672837535908076	0.006383657835939994
23.0	30.87775295244175	31.305458027449728	13.048196616661349	24.762208745611236	0.006383657835939994
24.0	30.97989147781679	31.248005106926268	13.048196616661349	24.717523140759656	0.006383657835939994
25.0	30.90967124162145	31.311841685285668	13.073731248005108	24.698372167251836	0.006383657835939994
26.0	30.97350781998085	31.267156080434088	13.016278327481649	24.736674114267476	0.006383657835939994
27.0	30.92882221512927	31.369294605809127	13.009894669645709	24.685604851579956	0.006383657835939994
28.0	30.91605489945739	31.343759974465367	12.997127353973829	24.736674114267476	0.006383657835939994
29.0	30.99265879348867	31.311841685285668	13.003511011809769	24.685604851579956	0.006383657835939994
30.0	30.93520587296521	31.318225343121608	13.035429300989469	24.704755825087776	0.006383657835939994
31.0	30.97989147781679	31.260772422598148	13.048196616661349	24.704755825087776	0.006383657835939994
32.0	30.99904245132461	31.299074369613788	13.022661985317589	24.672837535908076	0.006383657835939994
33.0	30.96712416214491	31.311841685285668	13.060963932333228	24.653686562400257	0.006383657835939994
34.0	31.04372805617619	31.235237791254388	13.041812958825409	24.672837535908076	0.006383657835939994
35.0	30.90328758378551	31.375678263645067	13.016278327481649	24.698372167251836	0.006383657835939994
36.0	31.00542610916055	31.273539738270028	13.016278327481649	24.698372167251836	0.006383657835939994
37.0	30.94158953080115	31.248005106926268	13.022661985317589	24.781359719119056	0.006383657835939994
38.0	31.01180976699649	31.337376316629427	12.977976380466009	24.666453878072137	0.006383657835939994
39.0	30.95435684647303	31.235237791254388	13.003511011809769	24.800510692626876	0.006383657835939994
40.0	31.08203000319183	31.241621449090328	12.958825406958189	24.711139482923716	0.006383657835939994
41.0	30.95435684647303	31.228854133418448	13.118416852856688	24.691988509415896	0.006383657835939994
42.0	31.06287902968401	31.248005106926268	12.939674433450369	24.743057772103416	0.006383657835939994
43.0	30.94797318863709	31.299074369613788	13.029045643153529	24.717523140759656	0.006383657835939994
44.0	30.98627513565273	31.369294605809127	12.92052345994255	24.717523140759656	0.006383657835939994
45.0	30.97350781998085	31.260772422598148	12.965209064794129	24.794127034790936	0.006383657835939994
46.0	30.97989147781679	31.299074369613788	13.022661985317589	24.691988509415896	0.006383657835939994
47.0	30.90967124162145	31.254388764762208	13.041812958825409	24.787743376954996	0.006383657835939994
48.0	31.05011171401213	31.222470475582508	13.003511011809769	24.717523140759656	0.006383657835939994
49.0	31.01180976699649	31.292690711777848	13.035429300989469	24.653686562400257	0.006383657835939994
50.0	31.03734439834025	31.16501755505905	12.997127353973829	24.794127034790936	0.006383657835939994
51.0	30.96712416214491	31.267156080434088	12.952441749122249	24.806894350462816	0.006383657835939994
52.0	31.04372805617619	31.254388764762208	12.965209064794129	24.730290456431536	0.006383657835939994
53.0	30.96074050430897	31.292690711777848	12.984360038301949	24.755825087775296	0.006383657835939994
54.0	31.02457708266837	31.267156080434088	12.971592722630069	24.730290456431536	0.006383657835939994
55.0	30.96712416214491	31.286307053941908	12.990743696137889	24.749441429939356	0.006383657835939994
56.0	30.98627513565273	31.228854133418448	13.003511011809769	24.774976061283116	0.006383657835939994
57.0	30.96712416214491	31.311841685285668	13.009894669645709	24.704755825087776	0.006383657835939994
58.0	31.00542610916055	31.375678263645067	12.933290775614429	24.679221193744016	0.006383657835939994
59.0	30.98627513565273	31.222470475582508	13.029045643153529	24.755825087775296	0.006383657835939994
60.0	31.01819342483243	31.420363868496647	12.92052345994255	24.634535588892437	0.006383657835939994
61.0	30.95435684647303	31.330992658793487	12.965209064794129	24.743057772103416	0.006383657835939994
62.0	31.01180976699649	31.324609000957548	12.971592722630069	24.685604851579956	0.006383657835939994
63.0	30.97350781998085	31.318225343121608	12.952441749122249	24.749441429939356	0.006383657835939994
64.0	31.03734439834025	31.369294605809127	12.888605170762846	24.698372167251836	0.006383657835939994
65.0	30.97989147781679	31.343759974465367	12.965209064794129	24.704755825087776	0.006383657835939994
66.0	30.97989147781679	31.388445579316947	12.946058091286309	24.679221193744016	0.006383657835939994
67.0	30.99904245132461	31.350143632301307	12.977976380466009	24.666453878072137	0.006383657835939994
68.0	30.94797318863709	31.343759974465367	12.933290775614429	24.768592403447176	0.006383657835939994
69.0	31.06287902968401	31.318225343121608	12.92052345994255	24.691988509415896	0.006383657835939994
70.0	31.02457708266837	31.311841685285668	12.958825406958189	24.698372167251836	0.006383657835939994
71.0	30.99265879348867	31.407596552824767	12.92052345994255	24.672837535908076	0.006383657835939994
72.0	30.97989147781679	31.433131184168527	12.939674433450369	24.640919246728377	0.006383657835939994
73.0	30.99265879348867	31.407596552824767	12.92052345994255	24.672837535908076	0.006383657835939994
74.0	30.93520587296521	31.426747526332587	12.990743696137889	24.640919246728377	0.006383657835939994
75.0	31.02457708266837	31.299074369613788	12.939674433450369	24.730290456431536	0.006383657835939994
76.0	31.02457708266837	31.305458027449728	12.997127353973829	24.666453878072137	0.006383657835939994
77.0	30.98627513565273	31.330992658793487	12.977976380466009	24.698372167251836	0.006383657835939994
78.0	31.06287902968401	31.311841685285668	12.958825406958189	24.660070220236197	0.006383657835939994
79.0	30.95435684647303	31.279923396105968	12.958825406958189	24.800510692626876	0.006383657835939994
80.0	30.94158953080115	31.388445579316947	12.990743696137889	24.672837535908076	0.006383657835939994
81.0	31.03096074050431	31.235237791254388	12.958825406958189	24.768592403447176	0.006383657835939994
82.0	30.90967124162145	31.356527290137247	13.041812958825409	24.685604851579956	0.006383657835939994
83.0	31.01180976699649	31.337376316629427	12.971592722630069	24.672837535908076	0.006383657835939994
84.0	30.92882221512927	31.311841685285668	13.009894669645709	24.743057772103416	0.006383657835939994
85.0	31.00542610916055	31.343759974465367	12.91413980210661	24.730290456431536	0.006383657835939994
86.0	30.96712416214491	31.362910947973187	13.009894669645709	24.653686562400257	0.006383657835939994
87.0	30.97350781998085	31.324609000957548	12.90775614427067	24.787743376954996	0.006383657835939994
88.0	30.89052026811363	31.413980210660707	13.035429300989469	24.653686562400257	0.006383657835939994
89.0	30.97989147781679	31.394829237152887	12.933290775614429	24.685604851579956	0.006383657835939994
90.0	30.90967124162145	31.343759974465367	13.054580274497289	24.685604851579956	0.006383657835939994
91.0	30.96712416214491	31.350143632301307	12.971592722630069	24.704755825087776	0.006383657835939994
92.0	30.95435684647303	31.382061921481007	12.990743696137889	24.666453878072137	0.006383657835939994
93.0	30.96074050430897	31.420363868496647	12.863070539419086	24.749441429939356	0.006383657835939994
94.0	30.98627513565273	31.299074369613788	12.977976380466009	24.730290456431536	0.006383657835939994
95.0	30.96712416214491	31.413980210660707	12.869454197255026	24.743057772103416	0.006383657835939994
96.0	30.92243855729333	31.337376316629427	12.977976380466009	24.755825087775296	0.006383657835939994
97.0	30.91605489945739	31.509735078199807	12.888605170762846	24.679221193744016	0.006383657835939994
98.0	30.981869254341166	31.37768130745659	12.953268641470888	24.687180796731358	0.0
