# Position (bp)	A	C	G	T	N
0.0	31.049907342322193	31.36302639146271	12.9017828615247	24.678893220014057	0.006390184676337147
1.0	30.883762540737425	31.37580676081539	13.042366924404114	24.691673589366733	0.006390184676337147
2.0	30.98600549555882	31.35024602211004	12.96568470828807	24.691673589366733	0.006390184676337147
3.0	30.890152725413767	31.407757684197072	13.061537478433127	24.6341619272797	0.006390184676337147
4.0	31.01156623426417	31.41414786887341	12.933733784906384	24.6341619272797	0.006390184676337147
5.0	30.90293309476644	31.37580676081539	13.016806185698767	24.69806377404307	0.006390184676337147
6.0	31.07546808102754	31.420538053549745	12.933733784906384	24.56386989583999	0.006390184676337147
7.0	30.90293309476644	31.394977314844397	13.023196370375103	24.67250303533772	0.006390184676337147
8.0	31.005176049587835	31.36302639146271	12.933733784906384	24.691673589366733	0.006390184676337147
9.0	30.80069013994504	31.458879161607772	13.029586555051441	24.70445395871941	0.006390184676337147
10.0	31.069077896351203	31.305514729375677	12.927343600230046	24.691673589366733	0.006390184676337147
11.0	30.832641063326733	31.369416576139052	13.05514729375679	24.73640488210109	0.006390184676337147
12.0	31.017956418940507	31.311904914052015	12.952904338935396	24.710844143395743	0.006390184676337147
13.0	30.877372356061088	31.388587130168062	13.048757109080453	24.678893220014057	0.006390184676337147
14.0	30.98600549555882	31.248003067288643	12.98485526231708	24.774745990159115	0.006390184676337147
15.0	30.8965429100901	31.35024602211004	13.05514729375679	24.691673589366733	0.006390184676337147
16.0	30.934884018148125	31.311904914052015	13.023196370375103	24.72362451274842	0.006390184676337147
17.0	30.890152725413767	31.32468528340469	13.035976739727777	24.74279506677743	0.006390184676337147
18.0	30.922103648795453	31.292734360023005	12.997635631669754	24.781136174835453	0.006390184676337147
19.0	30.9476643875008	31.299124544699342	13.080708032462137	24.666112850661385	0.006390184676337147
20.0	30.90293309476644	31.36302639146271	13.016806185698767	24.710844143395743	0.006390184676337147
21.0	30.8965429100901	31.23522269793597	13.016806185698767	24.845038021598825	0.006390184676337147
22.0	31.030736788293183	31.24161288261231	13.004025816346093	24.71723432807208	0.006390184676337147
23.0	30.8965429100901	31.28634417534667	13.042366924404114	24.768355805482777	0.006390184676337147
24.0	30.98600549555882	31.23522269793597	13.023196370375103	24.749185251453767	0.006390184676337147
25.0	30.909323279442773	31.318295098728356	13.048757109080453	24.71723432807208	0.006390184676337147
26.0	30.99239568023516	31.248003067288643	12.997635631669754	24.755575436130105	0.006390184676337147
27.0	30.94127420282446	31.337465652757363	12.98485526231708	24.730014697424753	0.006390184676337147
28.0	30.928493833471787	31.305514729375677	12.99124544699342	24.768355805482777	0.006390184676337147
29.0	31.01156623426417	31.267173621317657	12.99124544699342	24.72362451274842	0.006390184676337147
30.0	30.934884018148125	31.299124544699342	13.042366924404114	24.71723432807208	0.006390184676337147
31.0	30.979615310882487	31.248003067288643	13.042366924404114	24.72362451274842	0.006390184676337147
32.0	30.98600549555882	31.318295098728356	13.01041600102243	24.678893220014057	0.006390184676337147
33.0	30.966834941529807	31.299124544699342	13.061537478433127	24.666112850661385	0.006390184676337147
34.0	31.030736788293183	31.216052143906957	13.05514729375679	24.691673589366733	0.006390184676337147
35.0	30.890152725413767	31.388587130168062	13.023196370375103	24.691673589366733	0.006390184676337147
36.0	31.005176049587835	31.28634417534667	13.004025816346093	24.69806377404307	0.006390184676337147
37.0	30.9476643875008	31.260783436641322	13.016806185698767	24.768355805482777	0.006390184676337147
38.0	31.01156623426417	31.331075468081025	12.972074892964406	24.678893220014057	0.006390184676337147
39.0	30.934884018148125	31.23522269793597	13.029586555051441	24.79391654418813	0.006390184676337147
40.0	31.03712697296952	31.27995399067033	12.959294523611733	24.71723432807208	0.006390184676337147
41.0	30.966834941529807	31.228832513259636	13.138219694549171	24.659722665985047	0.006390184676337147
42.0	31.069077896351203	31.248003067288643	12.952904338935396	24.72362451274842	0.006390184676337147
43.0	30.954054572177135	31.299124544699342	13.048757109080453	24.691673589366733	0.006390184676337147
44.0	30.954054572177135	31.369416576139052	12.952904338935396	24.71723432807208	0.006390184676337147
45.0	30.979615310882487	31.248003067288643	12.99124544699342	24.774745990159115	0.006390184676337147
46.0	30.960444756853473	31.331075468081025	13.035976739727777	24.666112850661385	0.006390184676337147
47.0	30.915713464119115	31.260783436641322	13.05514729375679	24.761965620806443	0.006390184676337147
48.0	31.01156623426417	31.248003067288643	13.01041600102243	24.72362451274842	0.006390184676337147
49.0	31.01156623426417	31.27356380599399	13.061537478433127	24.646942296632375	0.006390184676337147
50.0	31.043517157645855	31.177711035848937	13.016806185698767	24.755575436130105	0.006390184676337147
51.0	30.960444756853473	31.299124544699342	12.972074892964406	24.761965620806443	0.006390184676337147
52.0	31.02434660361684	31.260783436641322	12.978465077640744	24.730014697424753	0.006390184676337147
53.0	30.979615310882487	31.28634417534667	13.004025816346093	24.72362451274842	0.006390184676337147
54.0	31.02434660361684	31.248003067288643	12.98485526231708	24.73640488210109	0.006390184676337147
55.0	30.954054572177135	31.292734360023005	13.016806185698767	24.730014697424753	0.006390184676337147
56.0	30.966834941529807	31.248003067288643	13.016806185698767	24.761965620806443	0.006390184676337147
57.0	30.979615310882487	31.299124544699342	13.035976739727777	24.678893220014057	0.006390184676337147
58.0	31.02434660361684	31.343855837433704	12.952904338935396	24.67250303533772	0.006390184676337147
59.0	31.017956418940507	31.209661959230623	13.042366924404114	24.72362451274842	0.006390184676337147
60.0	30.998785864911493	31.382196945491724	12.94651415425906	24.666112850661385	0.006390184676337147
61.0	30.9476643875008	31.318295098728356	12.99124544699342	24.73640488210109	0.006390184676337147
62.0	30.99239568023516	31.331075468081025	12.98485526231708	24.685283404690395	0.006390184676337147
63.0	30.979615310882487	31.299124544699342	12.96568470828807	24.749185251453767	0.006390184676337147
64.0	31.02434660361684	31.356636206786376	12.9017828615247	24.710844143395743	0.006390184676337147
65.0	30.979615310882487	31.32468528340469	12.99124544699342	24.69806377404307	0.006390184676337147
66.0	30.960444756853473	31.394977314844397	12.978465077640744	24.659722665985047	0.006390184676337147
67.0	30.97322512620615	31.388587130168062	12.997635631669754	24.6341619272797	0.006390184676337147
68.0	30.954054572177135	31.32468528340469	12.952904338935396	24.761965620806443	0.006390184676337147
69.0	31.056297526998527	31.32468528340469	12.94012396958272	24.67250303533772	0.006390184676337147
70.0	31.030736788293183	31.292734360023005	12.959294523611733	24.710844143395743	0.006390184676337147
71.0	30.954054572177135	31.433318422902424	12.94651415425906	24.659722665985047	0.006390184676337147
72.0	30.960444756853473	31.426928238226086	12.952904338935396	24.65333248130871	0.006390184676337147
73.0	31.017956418940507	31.407757684197072	12.92095341555371	24.646942296632375	0.006390184676337147
74.0	30.928493833471787	31.394977314844397	12.997635631669754	24.67250303533772	0.006390184676337147
75.0	31.01156623426417	31.318295098728356	12.927343600230046	24.73640488210109	0.006390184676337147
76.0	30.998785864911493	31.27995399067033	12.997635631669754	24.71723432807208	0.006390184676337147
77.0	30.99239568023516	31.337465652757363	12.98485526231708	24.678893220014057	0.006390184676337147
78.0	31.02434660361684	31.331075468081025	12.959294523611733	24.678893220014057	0.006390184676337147
79.0	30.934884018148125	31.311904914052015	12.94012396958272	24.8066969135408	0.006390184676337147
80.0	30.928493833471787	31.36302639146271	12.997635631669754	24.70445395871941	0.006390184676337147
81.0	31.030736788293183	31.248003067288643	12.94012396958272	24.774745990159115	0.006390184676337147
82.0	30.877372356061088	31.388587130168062	13.035976739727777	24.691673589366733	0.006390184676337147
83.0	30.98600549555882	31.401367499520738	12.959294523611733	24.646942296632375	0.006390184676337147
84.0	30.928493833471787	31.305514729375677	12.99124544699342	24.768355805482777	0.006390184676337147
85.0	31.005176049587835	31.36302639146271	12.9017828615247	24.72362451274842	0.006390184676337147
86.0	30.954054572177135	31.356636206786376	12.997635631669754	24.685283404690395	0.006390184676337147
87.0	30.9476643875008	31.35024602211004	12.89539267684836	24.800306728864463	0.006390184676337147
88.0	30.870982171384753	31.420538053549745	13.029586555051441	24.67250303533772	0.006390184676337147
89.0	30.998785864911493	31.394977314844397	12.927343600230046	24.67250303533772	0.006390184676337147
90.0	30.890152725413767	31.343855837433704	13.048757109080453	24.710844143395743	0.006390184676337147
91.0	30.960444756853473	31.36302639146271	12.96568470828807	24.70445395871941	0.006390184676337147
92.0	30.915713464119115	31.388587130168062	12.997635631669754	24.691673589366733	0.006390184676337147
93.0	30.960444756853473	31.433318422902424	12.869831938143012	24.730014697424753	0.006390184676337147
94.0	30.966834941529807	31.299124544699342	12.98485526231708	24.74279506677743	0.006390184676337147
95.0	30.960444756853473	31.426928238226086	12.87622212281935	24.730014697424753	0.006390184676337147
96.0	30.890152725413767	31.343855837433704	12.98485526231708	24.774745990159115	0.006390184676337147
97.0	30.909323279442773	31.522781008371144	12.87622212281935	24.685283404690395	0.006390184676337147
98.0	30.949642126789367	31.416155419222903	12.966513292433538	24.667689161554193	0.0
