# Position (bp)	A	C	G	T	N
0.0	31.006979062811563	31.293619142572282	12.992273180458625	24.700897308075774	0.006231306081754736
1.0	30.994516450648057	31.362163509471586	12.905034895314058	24.732053838484546	0.006231306081754736
2.0	31.006979062811563	31.38085742771685	12.936191425722832	24.669740777667	0.006231306081754736
3.0	30.969591226321036	31.318544366899303	12.992273180458625	24.713359920239284	0.006231306081754736
4.0	30.925972083748754	31.412013958125623	12.923728813559322	24.732053838484546	0.006231306081754736
5.0	30.9882851445663	31.399551345962113	12.917497507477568	24.68843469591226	0.006231306081754736
6.0	30.982053838484546	31.318544366899303	12.992273180458625	24.700897308075774	0.006231306081754736
7.0	30.913509471585243	31.43070787637089	12.929960119641077	24.719591226321036	0.006231306081754736
8.0	30.94466600199402	31.412013958125623	12.973579262213361	24.663509471585243	0.006231306081754736
9.0	30.969591226321036	31.44940179461615	12.886340977068794	24.68843469591226	0.006231306081754736
10.0	30.982053838484546	31.32477567298106	12.942422731804587	24.744516450648053	0.006231306081754736
11.0	30.938434695912264	31.38085742771685	12.973579262213361	24.700897308075774	0.006231306081754736
12.0	30.94466600199402	31.443170488534395	12.929960119641077	24.675972083748754	0.006231306081754736
13.0	30.93220338983051	31.337238285144565	12.954885343968096	24.769441674975074	0.006231306081754736
14.0	30.9882851445663	31.36839481555334	12.948654037886339	24.68843469591226	0.006231306081754736
15.0	30.901046859421733	31.38085742771685	12.98604187437687	24.72582253240279	0.006231306081754736
16.0	30.969591226321036	31.38085742771685	12.936191425722832	24.70712861415753	0.006231306081754736
17.0	30.938434695912264	31.399551345962113	12.979810568295115	24.675972083748754	0.006231306081754736
18.0	30.97582253240279	31.318544366899303	12.979810568295115	24.719591226321036	0.006231306081754736
19.0	30.907278165503488	31.387088733798603	12.948654037886339	24.75074775672981	0.006231306081754736
20.0	30.94466600199402	31.387088733798603	12.979810568295115	24.68220338983051	0.006231306081754736
21.0	30.96335992023928	31.268693918245265	13.004735792622132	24.756979062811567	0.006231306081754736
22.0	30.901046859421733	31.43070787637089	12.98604187437687	24.675972083748754	0.006231306081754736
23.0	30.97582253240279	31.312313060817548	13.017198404785644	24.68843469591226	0.006231306081754736
24.0	30.863659022931206	31.36839481555334	12.954885343968096	24.806829511465605	0.006231306081754736
25.0	31.006979062811563	31.35593220338983	12.942422731804587	24.68843469591226	0.006231306081754736
26.0	30.89481555333998	31.349700897308075	13.060817547357924	24.68843469591226	0.006231306081754736
27.0	30.919740777667	31.34346959122632	13.017198404785644	24.713359920239284	0.006231306081754736
28.0	30.888584247258226	31.387088733798603	12.979810568295115	24.7382851445663	0.006231306081754736
29.0	30.913509471585243	31.35593220338983	13.042123629112663	24.68220338983051	0.006231306081754736
30.0	30.89481555333998	31.331006979062813	12.992273180458625	24.77567298105683	0.006231306081754736
31.0	30.901046859421733	31.405782652043868	13.017198404785644	24.669740777667	0.006231306081754736
32.0	30.94466600199402	31.36839481555334	13.029661016949154	24.651046859421736	0.006231306081754736
33.0	30.957128614157526	31.299850448654038	13.067048853439681	24.669740777667	0.006231306081754736
34.0	30.863659022931206	31.412013958125623	13.023429710867399	24.69466600199402	0.006231306081754736
35.0	30.969591226321036	31.293619142572282	13.048354935194418	24.68220338983051	0.006231306081754736
36.0	30.913509471585243	31.387088733798603	13.035892323030907	24.65727816550349	0.006231306081754736
37.0	30.96335992023928	31.36839481555334	13.023429710867399	24.638584247258226	0.006231306081754736
38.0	30.94466600199402	31.256231306081755	13.060817547357924	24.732053838484546	0.006231306081754736
39.0	30.901046859421733	31.331006979062813	13.010967098703889	24.75074775672981	0.006231306081754736
40.0	30.89481555333998	31.362163509471586	13.010967098703889	24.72582253240279	0.006231306081754736
41.0	30.919740777667	31.318544366899303	13.035892323030907	24.719591226321036	0.006231306081754736
42.0	30.950897308075774	31.318544366899303	12.99850448654038	24.72582253240279	0.006231306081754736
43.0	30.85742771684945	31.27492522432702	13.060817547357924	24.800598205383846	0.006231306081754736
44.0	30.969591226321036	31.312313060817548	13.048354935194418	24.663509471585243	0.006231306081754736
45.0	31.02567298105683	31.243768693918245	13.023429710867399	24.700897308075774	0.006231306081754736
46.0	30.96335992023928	31.32477567298106	13.010967098703889	24.69466600199402	0.006231306081754736
47.0	30.950897308075774	31.38085742771685	13.029661016949154	24.63235294117647	0.006231306081754736
48.0	31.00074775672981	31.293619142572282	12.961116650049851	24.7382851445663	0.006231306081754736
49.0	30.957128614157526	31.243768693918245	13.035892323030907	24.756979062811567	0.006231306081754736
50.0	30.97582253240279	31.312313060817548	13.035892323030907	24.669740777667	0.006231306081754736
51.0	31.02567298105683	31.312313060817548	13.035892323030907	24.61989032901296	0.006231306081754736
52.0	30.919740777667	31.293619142572282	12.98604187437687	24.794366899302094	0.006231306081754736
53.0	30.925972083748754	31.306081754735793	13.023429710867399	24.7382851445663	0.006231306081754736
54.0	30.93220338983051	31.32477567298106	13.073280159521437	24.663509471585243	0.006231306081754736
55.0	30.96335992023928	31.281156530408772	13.023429710867399	24.72582253240279	0.006231306081754736
56.0	30.969591226321036	31.32477567298106	13.048354935194418	24.651046859421736	0.006231306081754736
57.0	30.925972083748754	31.349700897308075	13.073280159521437	24.64481555333998	0.006231306081754736
58.0	30.969591226321036	31.299850448654038	13.060817547357924	24.663509471585243	0.006231306081754736
59.0	30.957128614157526	31.299850448654038	13.054586241276173	24.68220338983051	0.006231306081754736
60.0	30.94466600199402	31.362163509471586	13.004735792622132	24.68220338983051	0.006231306081754736
61.0	30.994516450648057	31.299850448654038	13.098205383848455	24.6011964107677	0.006231306081754736
62.0	30.957128614157526	31.374626121635096	13.017198404785644	24.64481555333998	0.006231306081754736
63.0	30.93220338983051	31.337238285144565	13.042123629112663	24.68220338983051	0.006231306081754736
64.0	31.006979062811563	31.32477567298106	13.042123629112663	24.61989032901296	0.006231306081754736
65.0	30.938434695912264	31.312313060817548	13.035892323030907	24.70712861415753	0.006231306081754736
66.0	31.00074775672981	31.318544366899303	13.042123629112663	24.63235294117647	0.006231306081754736
67.0	30.93220338983051	31.281156530408772	13.067048853439681	24.713359920239284	0.006231306081754736
68.0	30.982053838484546	31.306081754735793	13.029661016949154	24.675972083748754	0.006231306081754736
69.0	31.031904287138584	31.26246261216351	13.017198404785644	24.68220338983051	0.006231306081754736
70.0	30.901046859421733	31.387088733798603	13.004735792622132	24.700897308075774	0.006231306081754736
71.0	31.006979062811563	31.218843469591228	13.085742771684943	24.68220338983051	0.006231306081754736
72.0	31.031904287138584	31.231306081754735	13.035892323030907	24.69466600199402	0.006231306081754736
73.0	30.919740777667	31.374626121635096	13.029661016949154	24.669740777667	0.006231306081754736
74.0	30.97582253240279	31.26246261216351	12.992273180458625	24.763210368893322	0.006231306081754736
75.0	30.969591226321036	31.306081754735793	13.054586241276173	24.663509471585243	0.006231306081754736
76.0	30.96335992023928	31.34346959122632	12.954885343968096	24.732053838484546	0.006231306081754736
77.0	30.97582253240279	31.27492522432702	13.035892323030907	24.70712861415753	0.006231306081754736
78.0	30.957128614157526	31.268693918245265	13.042123629112663	24.72582253240279	0.006231306081754736
79.0	30.969591226321036	31.299850448654038	13.035892323030907	24.68843469591226	0.006231306081754736
80.0	30.938434695912264	31.287387836490527	13.048354935194418	24.719591226321036	0.006231306081754736
81.0	30.950897308075774	31.299850448654038	13.010967098703889	24.732053838484546	0.006231306081754736
82.0	30.938434695912264	31.38085742771685	12.98604187437687	24.68843469591226	0.006231306081754736
83.0	30.93220338983051	31.34346959122632	13.048354935194418	24.669740777667	0.006231306081754736
84.0	30.919740777667	31.36839481555334	12.99850448654038	24.70712861415753	0.006231306081754736
85.0	30.89481555333998	31.318544366899303	13.060817547357924	24.719591226321036	0.006231306081754736
86.0	30.97582253240279	31.362163509471586	12.99850448654038	24.65727816550349	0.006231306081754736
87.0	30.950897308075774	31.35593220338983	12.961116650049851	24.72582253240279	0.006231306081754736
88.0	30.85742771684945	31.374626121635096	13.017198404785644	24.744516450648053	0.006231306081754736
89.0	30.876121635094716	31.38085742771685	13.010967098703889	24.72582253240279	0.006231306081754736
90.0	30.88235294117647	31.399551345962113	12.992273180458625	24.719591226321036	0.006231306081754736
91.0	30.97582253240279	31.32477567298106	12.979810568295115	24.713359920239284	0.006231306081754736
92.0	30.863659022931206	31.387088733798603	13.029661016949154	24.713359920239284	0.006231306081754736
93.0	30.94466600199402	31.349700897308075	12.992273180458625	24.70712861415753	0.006231306081754736
94.0	30.84496510468594	31.436939182452644	12.911266201395813	24.800598205383846	0.006231306081754736
95.0	30.94466600199402	31.393320039880358	12.973579262213361	24.68220338983051	0.006231306081754736
96.0	30.93220338983051	31.349700897308075	12.961116650049851	24.75074775672981	0.006231306081754736
97.0	30.938434695912264	31.412013958125623	12.942422731804587	24.700897308075774	0.006231306081754736
98.0	30.919740777667	31.387088733798603	12.961116650049851	24.72582253240279	0.006231306081754736
99.0	30.969591226321036	31.293619142572282	12.992273180458625	24.7382851445663	0.006231306081754736
100.0	30.957128614157526	31.387088733798603	12.942422731804587	24.70712861415753	0.006231306081754736
101.0	31.00074775672981	31.299850448654038	12.954885343968096	24.7382851445663	0.006231306081754736
102.0	30.907278165503488	31.405782652043868	12.948654037886339	24.732053838484546	0.006231306081754736
103.0	30.93220338983051	31.36839481555334	12.886340977068794	24.806829511465605	0.006231306081754736
104.0	30.96335992023928	31.374626121635096	12.929960119641077	24.72582253240279	0.006231306081754736
105.0	30.96335992023928	31.331006979062813	12.948654037886339	24.75074775672981	0.006231306081754736
106.0	30.9882851445663	31.349700897308075	12.954885343968096	24.700897308075774	0.006231306081754736
107.0	30.96335992023928	31.35593220338983	12.954885343968096	24.719591226321036	0.006231306081754736
108.0	30.901046859421733	31.32477567298106	12.98604187437687	24.781904287138584	0.006231306081754736
109.0	31.094217347956132	31.27492522432702	12.898803589232303	24.72582253240279	0.006231306081754736
110.0	30.982053838484546	31.362163509471586	12.861415752741776	24.78813559322034	0.006231306081754736
111.0	30.950897308075774	31.318544366899303	12.948654037886339	24.77567298105683	0.006231306081754736
112.0	31.06929212362911	31.38085742771685	12.905034895314058	24.638584247258226	0.006231306081754736
113.0	31.006979062811563	31.306081754735793	12.911266201395813	24.769441674975074	0.006231306081754736
114.0	30.9882851445663	31.312313060817548	12.948654037886339	24.744516450648053	0.006231306081754736
115.0	31.02567298105683	31.337238285144565	12.89257228315055	24.7382851445663	0.006231306081754736
116.0	30.994516450648057	31.35593220338983	12.948654037886339	24.69466600199402	0.006231306081754736
117.0	31.006979062811563	31.34346959122632	12.936191425722832	24.70712861415753	0.006231306081754736
118.0	30.950897308075774	31.387088733798603	12.898803589232303	24.756979062811567	0.006231306081754736
119.0	31.031904287138584	31.34346959122632	12.88010967098704	24.7382851445663	0.006231306081754736
120.0	31.075523429710866	31.299850448654038	12.948654037886339	24.669740777667	0.006231306081754736
121.0	31.006979062811563	31.387088733798603	12.848953140578265	24.75074775672981	0.006231306081754736
122.0	31.031904287138584	31.36839481555334	12.89257228315055	24.700897308075774	0.006231306081754736
123.0	30.96335992023928	31.399551345962113	12.917497507477568	24.713359920239284	0.006231306081754736
124.0	30.950897308075774	31.38085742771685	12.917497507477568	24.744516450648053	0.006231306081754736
125.0	31.056829511465605	31.374626121635096	12.836490528414757	24.72582253240279	0.006231306081754736
126.0	30.9882851445663	31.26246261216351	12.948654037886339	24.794366899302094	0.006231306081754736
127.0	31.063060817547356	31.38085742771685	12.836490528414757	24.713359920239284	0.006231306081754736
128.0	31.01321036889332	31.312313060817548	12.923728813559322	24.744516450648053	0.006231306081754736
129.0	30.957128614157526	31.306081754735793	12.936191425722832	24.794366899302094	0.006231306081754736
130.0	31.075523429710866	31.362163509471586	12.848953140578265	24.70712861415753	0.006231306081754736
131.0	31.00074775672981	31.36839481555334	12.830259222333002	24.794366899302094	0.006231306081754736
132.0	31.019441674975074	31.374626121635096	12.911266201395813	24.68843469591226	0.006231306081754736
133.0	30.938434695912264	31.35593220338983	12.873878364905284	24.825523429710866	0.006231306081754736
134.0	31.02567298105683	31.362163509471586	12.886340977068794	24.719591226321036	0.006231306081754736
135.0	31.01321036889332	31.34346959122632	12.88010967098704	24.756979062811567	0.006231306081754736
136.0	31.006979062811563	31.362163509471586	12.824027916251246	24.800598205383846	0.006231306081754736
137.0	31.075523429710866	31.306081754735793	12.911266201395813	24.700897308075774	0.006231306081754736
138.0	31.06929212362911	31.349700897308075	12.830259222333002	24.744516450648053	0.006231306081754736
139.0	31.056829511465605	31.312313060817548	12.917497507477568	24.70712861415753	0.006231306081754736
140.0	31.03813559322034	31.337238285144565	12.917497507477568	24.700897308075774	0.006231306081754736
141.0	31.019441674975074	31.337238285144565	12.948654037886339	24.68843469591226	0.006231306081754736
142.0	30.9882851445663	31.38085742771685	12.89257228315055	24.732053838484546	0.006231306081754736
143.0	30.9882851445663	31.32477567298106	12.917497507477568	24.763210368893322	0.006231306081754736
144.0	31.125373878364904	31.306081754735793	12.873878364905284	24.68843469591226	0.006231306081754736
145.0	31.01321036889332	31.293619142572282	12.942422731804587	24.744516450648053	0.006231306081754736
146.0	31.075523429710866	31.331006979062813	12.867647058823529	24.719591226321036	0.006231306081754736
147.0	30.994516450648057	31.34346959122632	12.936191425722832	24.719591226321036	0.006231306081754736
148.0	31.031904287138584	31.32477567298106	12.936191425722832	24.700897308075774	0.006231306081754736
149.0	31.019441674975074	31.35593220338983	12.929960119641077	24.68843469591226	0.006231306081754736
