# Position (bp)	A	C	G	T	N
0.0	31.057606335419596	31.389704943160048	12.90714012006642	24.639162089666623	0.006386511687316388
1.0	30.885170519862054	31.41525098990931	13.022097330438115	24.671094648103207	0.006386511687316388
2.0	31.000127730233746	31.38331843147273	12.939072678503003	24.671094648103207	0.006386511687316388
3.0	30.897943543236682	31.44079703665858	13.015710818750797	24.639162089666623	0.006386511687316388
4.0	31.0192872652957	31.41525098990931	12.939072678503003	24.620002554604675	0.006386511687316388
5.0	30.904330054924	31.376931919785413	13.022097330438115	24.690254183165155	0.006386511687316388
6.0	31.070379358794227	31.44718354834589	12.939072678503003	24.536977902669562	0.006386511687316388
7.0	30.923489589985948	31.41525098990931	13.002937795376166	24.651935113041258	0.006386511687316388
8.0	31.000127730233746	31.38331843147273	12.939072678503003	24.671094648103207	0.006386511687316388
9.0	30.83407842636352	31.428024013283945	13.047643377187379	24.683867671477838	0.006386511687316388
10.0	31.038446800357644	31.34499936134883	12.926299655128368	24.683867671477838	0.006386511687316388
11.0	30.846851449738153	31.38331843147273	13.041256865500065	24.72218674160174	0.006386511687316388
12.0	31.0192872652957	31.357772384723464	12.939072678503003	24.677481159790524	0.006386511687316388
13.0	30.885170519862054	31.376931919785413	13.085962447311278	24.64554860135394	0.006386511687316388
14.0	30.97458168348448	31.287520756162984	12.990164772001533	24.741346276663688	0.006386511687316388
15.0	30.891557031549365	31.38331843147273	13.054029888874696	24.66470813641589	0.006386511687316388
16.0	30.929876101673266	31.351385873036147	13.028483842125432	24.683867671477838	0.006386511687316388
17.0	30.878784008174737	31.351385873036147	13.034870353812748	24.728573253289056	0.006386511687316388
18.0	30.910716566611317	31.31306680291225	13.022097330438115	24.747732788351005	0.006386511687316388
19.0	30.949035636735218	31.306680291224932	13.085962447311278	24.651935113041258	0.006386511687316388
20.0	30.885170519862054	31.364158896410782	13.047643377187379	24.69664069485247	0.006386511687316388
21.0	30.878784008174737	31.23642866266445	13.047643377187379	24.830757440286117	0.006386511687316388
22.0	30.97458168348448	31.287520756162984	13.054029888874696	24.677481159790524	0.006386511687316388
23.0	30.891557031549365	31.30029377953762	13.054029888874696	24.747732788351005	0.006386511687316388
24.0	30.961808660109845	31.24281517435177	13.060416400562014	24.728573253289056	0.006386511687316388
25.0	30.904330054924	31.2939072678503	13.079575935623962	24.71580022991442	0.006386511687316388
26.0	30.9426491250479	31.26836122110103	13.034870353812748	24.747732788351005	0.006386511687316388
27.0	30.936262613360583	31.34499936134883	13.015710818750797	24.69664069485247	0.006386511687316388
28.0	30.878784008174737	31.351385873036147	13.009324307063483	24.75411930003832	0.006386511687316388
29.0	30.99374121854643	31.306680291224932	13.009324307063483	24.683867671477838	0.006386511687316388
30.0	30.891557031549365	31.338612849661512	13.047643377187379	24.71580022991442	0.006386511687316388
31.0	30.955422148422528	31.26836122110103	13.054029888874696	24.71580022991442	0.006386511687316388
32.0	30.955422148422528	31.332226337974202	13.015710818750797	24.690254183165155	0.006386511687316388
33.0	30.949035636735218	31.31306680291225	13.079575935623962	24.651935113041258	0.006386511687316388
34.0	31.006514241921064	31.22365563928982	13.073189423936645	24.690254183165155	0.006386511687316388
35.0	30.878784008174737	31.389704943160048	13.034870353812748	24.690254183165155	0.006386511687316388
36.0	30.961808660109845	31.287520756162984	13.028483842125432	24.71580022991442	0.006386511687316388
37.0	30.910716566611317	31.281134244475666	13.041256865500065	24.760505811725636	0.006386511687316388
38.0	30.961808660109845	31.338612849661512	12.990164772001533	24.703027206539787	0.006386511687316388
39.0	30.923489589985948	31.26197470941372	13.034870353812748	24.773278835100268	0.006386511687316388
40.0	31.032060288670326	31.26836122110103	12.964618725252267	24.728573253289056	0.006386511687316388
41.0	30.910716566611317	31.26836122110103	13.143441052497126	24.671094648103207	0.006386511687316388
42.0	31.032060288670326	31.249201686039086	12.951845701877634	24.760505811725636	0.006386511687316388
43.0	30.917103078298634	31.31306680291225	13.060416400562014	24.703027206539787	0.006386511687316388
44.0	30.955422148422528	31.364158896410782	12.939072678503003	24.73495976497637	0.006386511687316388
45.0	30.923489589985948	31.287520756162984	13.002937795376166	24.779665346787585	0.006386511687316388
46.0	30.936262613360583	31.31306680291225	13.034870353812748	24.709413718227104	0.006386511687316388
47.0	30.878784008174737	31.27474773278835	13.066802912249328	24.773278835100268	0.006386511687316388
48.0	31.006514241921064	31.24281517435177	13.009324307063483	24.73495976497637	0.006386511687316388
49.0	30.980968195171798	31.27474773278835	13.073189423936645	24.66470813641589	0.006386511687316388
50.0	31.0192872652957	31.15340401072934	13.022097330438115	24.798824881849534	0.006386511687316388
51.0	30.949035636735218	31.27474773278835	12.990164772001533	24.779665346787585	0.006386511687316388
52.0	31.000127730233746	31.255588197726404	12.996551283688849	24.741346276663688	0.006386511687316388
53.0	30.949035636735218	31.2939072678503	13.022097330438115	24.728573253289056	0.006386511687316388
54.0	31.000127730233746	31.26197470941372	12.996551283688849	24.73495976497637	0.006386511687316388
55.0	30.9426491250479	31.2939072678503	13.015710818750797	24.741346276663688	0.006386511687316388
56.0	30.97458168348448	31.230042150977138	13.015710818750797	24.773278835100268	0.006386511687316388
57.0	30.955422148422528	31.332226337974202	13.028483842125432	24.677481159790524	0.006386511687316388
58.0	31.006514241921064	31.351385873036147	12.951845701877634	24.683867671477838	0.006386511687316388
59.0	30.97458168348448	31.22365563928982	13.054029888874696	24.741346276663688	0.006386511687316388
60.0	31.006514241921064	31.389704943160048	12.958232213564951	24.639162089666623	0.006386511687316388
61.0	30.904330054924	31.357772384723464	13.002937795376166	24.728573253289056	0.006386511687316388
62.0	30.99374121854643	31.325839826286884	12.983778260314216	24.690254183165155	0.006386511687316388
63.0	30.9426491250479	31.332226337974202	12.977391748626902	24.741346276663688	0.006386511687316388
64.0	31.038446800357644	31.351385873036147	12.900753608379103	24.703027206539787	0.006386511687316388
65.0	30.955422148422528	31.34499936134883	12.996551283688849	24.69664069485247	0.006386511687316388
66.0	30.968195171797163	31.38331843147273	12.964618725252267	24.677481159790524	0.006386511687316388
67.0	30.97458168348448	31.376931919785413	12.996551283688849	24.64554860135394	0.006386511687316388
68.0	30.923489589985948	31.357772384723464	12.945459190190316	24.76689232341295	0.006386511687316388
69.0	31.05121982373228	31.338612849661512	12.939072678503003	24.66470813641589	0.006386511687316388
70.0	31.006514241921064	31.319453314599567	12.958232213564951	24.709413718227104	0.006386511687316388
71.0	30.980968195171798	31.428024013283945	12.926299655128368	24.658321624728575	0.006386511687316388
72.0	30.968195171797163	31.44718354834589	12.932686166815685	24.64554860135394	0.006386511687316388
73.0	30.99374121854643	31.408864478221993	12.913526631753736	24.677481159790524	0.006386511687316388
74.0	30.923489589985948	31.402477966534683	13.002937795376166	24.66470813641589	0.006386511687316388
75.0	31.0192872652957	31.306680291224932	12.939072678503003	24.728573253289056	0.006386511687316388
76.0	30.987354706859115	31.31306680291225	13.002937795376166	24.690254183165155	0.006386511687316388
77.0	30.949035636735218	31.364158896410782	12.990164772001533	24.690254183165155	0.006386511687316388
78.0	31.0192872652957	31.338612849661512	12.964618725252267	24.671094648103207	0.006386511687316388
79.0	30.936262613360583	31.325839826286884	12.951845701877634	24.779665346787585	0.006386511687316388
80.0	30.923489589985948	31.38331843147273	13.002937795376166	24.683867671477838	0.006386511687316388
81.0	31.02567377698301	31.26197470941372	12.945459190190316	24.760505811725636	0.006386511687316388
82.0	30.885170519862054	31.376931919785413	13.041256865500065	24.690254183165155	0.006386511687316388
83.0	30.987354706859115	31.376931919785413	12.964618725252267	24.66470813641589	0.006386511687316388
84.0	30.885170519862054	31.338612849661512	13.009324307063483	24.760505811725636	0.006386511687316388
85.0	30.961808660109845	31.396091454847365	12.919913143441054	24.71580022991442	0.006386511687316388
86.0	30.917103078298634	31.402477966534683	13.002937795376166	24.671094648103207	0.006386511687316388
87.0	30.9426491250479	31.351385873036147	12.913526631753736	24.7860518584749	0.006386511687316388
88.0	30.859624473112785	31.44718354834589	13.022097330438115	24.66470813641589	0.006386511687316388
89.0	30.968195171797163	31.41525098990931	12.926299655128368	24.683867671477838	0.006386511687316388
90.0	30.891557031549365	31.34499936134883	13.047643377187379	24.709413718227104	0.006386511687316388
91.0	30.955422148422528	31.338612849661512	12.983778260314216	24.71580022991442	0.006386511687316388
92.0	30.910716566611317	31.408864478221993	12.996551283688849	24.677481159790524	0.006386511687316388
93.0	30.929876101673266	31.44718354834589	12.887980585004472	24.728573253289056	0.006386511687316388
94.0	30.955422148422528	31.306680291224932	12.977391748626902	24.75411930003832	0.006386511687316388
95.0	30.955422148422528	31.44718354834589	12.881594073317155	24.709413718227104	0.006386511687316388
96.0	30.910716566611317	31.351385873036147	12.971005236939584	24.760505811725636	0.006386511687316388
97.0	30.904330054924	31.536594711968323	12.881594073317155	24.671094648103207	0.006386511687316388
98.0	30.97017308552085	31.38532285878521	12.952672925847864	24.691831129846076	0.0
