# Position (bp)	A	C	G	T	N
0.0	31.024558710667687	31.357124584292656	12.906114095676644	24.7058071117933	0.006395497569710924
1.0	30.851880276285492	31.43387055512919	13.021233051931441	24.686620619084167	0.006395497569710924
2.0	30.960603734970583	31.36352008186237	12.9380915835252	24.73138910207214	0.006395497569710924
3.0	30.864671271424914	31.48503453568688	13.01483755436173	24.629061140956768	0.006395497569710924
4.0	30.973394730110005	31.414684062420058	12.931696085955489	24.673829623944744	0.006395497569710924
5.0	30.858275773855205	31.421079559989767	13.01483755436173	24.69941161422359	0.006395497569710924
6.0	31.050140700946532	31.472243540547456	12.931696085955489	24.539524174980816	0.006395497569710924
7.0	30.871066768994627	31.459452545408034	12.982860066513174	24.680225121514454	0.006395497569710924
8.0	30.973394730110005	31.421079559989767	12.899718598106933	24.69941161422359	0.006395497569710924
9.0	30.781529803018675	31.459452545408034	13.034024047070863	24.718598106932717	0.006395497569710924
10.0	31.011767715528265	31.357124584292656	12.925300588385777	24.69941161422359	0.006395497569710924
11.0	30.80711179329752	31.414684062420058	13.034024047070863	24.737784599641852	0.006395497569710924
12.0	30.973394730110005	31.369915579432078	12.925300588385777	24.72499360450243	0.006395497569710924
13.0	30.845484778715782	31.401893067280636	13.059606037349706	24.686620619084167	0.006395497569710924
14.0	30.909439754412894	31.312356101304683	12.976464568943463	24.79534407776925	0.006395497569710924
15.0	30.877462266564336	31.395497569710923	13.034024047070863	24.686620619084167	0.006395497569710924
16.0	30.90304425684318	31.337938091583524	13.002046559222308	24.750575594781274	0.006395497569710924
17.0	30.845484778715782	31.3827065745715	13.021233051931441	24.74418009721156	0.006395497569710924
18.0	30.89025326170376	31.305960603734974	13.008442056792019	24.78894858019954	0.006395497569710924
19.0	30.915835251982603	31.344333589153234	13.059606037349706	24.673829623944744	0.006395497569710924
20.0	30.88385776413405	31.389102072141213	13.021233051931441	24.69941161422359	0.006395497569710924
21.0	30.845484778715782	31.267587618316707	13.027628549501152	24.85290355589665	0.006395497569710924
22.0	30.992581222819137	31.318751598874396	13.01483755436173	24.66743412637503	0.006395497569710924
23.0	30.858275773855205	31.318751598874396	13.040419544640573	24.77615758506012	0.006395497569710924
24.0	30.93502174469174	31.28677411102584	13.027628549501152	24.74418009721156	0.006395497569710924
25.0	30.877462266564336	31.318751598874396	13.066001534919417	24.73138910207214	0.006395497569710924
26.0	30.922230749552316	31.33154259401382	12.995651061652596	24.74418009721156	0.006395497569710924
27.0	30.915835251982603	31.369915579432078	13.002046559222308	24.7058071117933	0.006395497569710924
28.0	30.864671271424914	31.37631107700179	12.982860066513174	24.769762087490406	0.006395497569710924
29.0	30.973394730110005	31.318751598874396	12.995651061652596	24.7058071117933	0.006395497569710924
30.0	30.89664875927347	31.357124584292656	13.021233051931441	24.718598106932717	0.006395497569710924
31.0	30.94781273983116	31.29316960859555	13.046815042210284	24.7058071117933	0.006395497569710924
32.0	30.966999232540292	31.344333589153234	13.008442056792019	24.673829623944744	0.006395497569710924
33.0	30.909439754412894	31.350729086722946	13.053210539779995	24.680225121514454	0.006395497569710924
34.0	31.03734970580711	31.24840112560757	13.046815042210284	24.661038628805322	0.006395497569710924
35.0	30.864671271424914	31.408288564850345	13.008442056792019	24.712202609363008	0.006395497569710924
36.0	30.979790227679715	31.325147096444105	13.01483755436173	24.673829623944744	0.006395497569710924
37.0	30.915835251982603	31.29316960859555	13.008442056792019	24.77615758506012	0.006395497569710924
38.0	30.986185725249427	31.389102072141213	12.976464568943463	24.641852136096187	0.006395497569710924
39.0	30.928626247122025	31.273983115886416	13.008442056792019	24.78255308262983	0.006395497569710924
40.0	31.043745203376822	31.318751598874396	12.94448708109491	24.686620619084167	0.006395497569710924
41.0	30.922230749552316	31.267587618316707	13.142747505755947	24.661038628805322	0.006395497569710924
42.0	31.0309542082374	31.305960603734974	12.9380915835252	24.718598106932717	0.006395497569710924
43.0	30.922230749552316	31.325147096444105	13.053210539779995	24.693016116653876	0.006395497569710924
44.0	30.95420823740087	31.408288564850345	12.918905090816066	24.712202609363008	0.006395497569710924
45.0	30.941417242261448	31.305960603734974	12.995651061652596	24.750575594781274	0.006395497569710924
46.0	30.95420823740087	31.357124584292656	13.01483755436173	24.66743412637503	0.006395497569710924
47.0	30.89664875927347	31.318751598874396	13.046815042210284	24.73138910207214	0.006395497569710924
48.0	31.005372217958556	31.28037861345613	13.002046559222308	24.7058071117933	0.006395497569710924
49.0	30.979790227679715	31.33154259401382	13.040419544640573	24.641852136096187	0.006395497569710924
50.0	31.024558710667687	31.210028140189305	13.008442056792019	24.750575594781274	0.006395497569710924
51.0	30.941417242261448	31.33154259401382	12.950882578664622	24.769762087490406	0.006395497569710924
52.0	31.005372217958556	31.29956510616526	12.989255564082885	24.69941161422359	0.006395497569710924
53.0	30.93502174469174	31.344333589153234	12.989255564082885	24.72499360450243	0.006395497569710924
54.0	30.992581222819137	31.318751598874396	12.995651061652596	24.686620619084167	0.006395497569710924
55.0	30.928626247122025	31.344333589153234	12.982860066513174	24.737784599641852	0.006395497569710924
56.0	30.973394730110005	31.29316960859555	13.008442056792019	24.718598106932717	0.006395497569710924
57.0	30.93502174469174	31.369915579432078	13.027628549501152	24.661038628805322	0.006395497569710924
58.0	30.973394730110005	31.395497569710923	12.95727807623433	24.66743412637503	0.006395497569710924
59.0	30.960603734970583	31.254796623177285	13.046815042210284	24.73138910207214	0.006395497569710924
60.0	30.960603734970583	31.459452545408034	12.950882578664622	24.622665643387055	0.006395497569710924
61.0	30.915835251982603	31.37631107700179	12.976464568943463	24.72499360450243	0.006395497569710924
62.0	30.95420823740087	31.3827065745715	12.976464568943463	24.680225121514454	0.006395497569710924
63.0	30.95420823740087	31.350729086722946	12.970069071373752	24.718598106932717	0.006395497569710924
64.0	30.986185725249427	31.414684062420058	12.899718598106933	24.693016116653876	0.006395497569710924
65.0	30.960603734970583	31.389102072141213	12.970069071373752	24.673829623944744	0.006395497569710924
66.0	30.928626247122025	31.453057047838325	12.976464568943463	24.635456638526477	0.006395497569710924
67.0	30.966999232540292	31.414684062420058	12.95727807623433	24.65464313123561	0.006395497569710924
68.0	30.909439754412894	31.389102072141213	12.95727807623433	24.737784599641852	0.006395497569710924
69.0	31.0309542082374	31.37631107700179	12.925300588385777	24.661038628805322	0.006395497569710924
70.0	30.986185725249427	31.369915579432078	12.96367357380404	24.673829623944744	0.006395497569710924
71.0	30.941417242261448	31.465848042977747	12.918905090816066	24.66743412637503	0.006395497569710924
72.0	30.941417242261448	31.47863903811717	12.94448708109491	24.629061140956768	0.006395497569710924
73.0	30.966999232540292	31.459452545408034	12.918905090816066	24.6482476336659	0.006395497569710924
74.0	30.909439754412894	31.44666155026861	12.989255564082885	24.6482476336659	0.006395497569710924
75.0	30.986185725249427	31.33154259401382	12.9380915835252	24.737784599641852	0.006395497569710924
76.0	30.973394730110005	31.357124584292656	12.989255564082885	24.673829623944744	0.006395497569710924
77.0	30.941417242261448	31.3827065745715	12.976464568943463	24.693016116653876	0.006395497569710924
78.0	31.024558710667687	31.36352008186237	12.96367357380404	24.641852136096187	0.006395497569710924
79.0	30.922230749552316	31.350729086722946	12.9380915835252	24.78255308262983	0.006395497569710924
80.0	30.89664875927347	31.440266052698902	13.002046559222308	24.65464313123561	0.006395497569710924
81.0	30.986185725249427	31.29956510616526	12.931696085955489	24.77615758506012	0.006395497569710924
82.0	30.83908928114607	31.440266052698902	13.040419544640573	24.673829623944744	0.006395497569710924
83.0	31.005372217958556	31.395497569710923	12.9380915835252	24.65464313123561	0.006395497569710924
84.0	30.864671271424914	31.37631107700179	13.002046559222308	24.750575594781274	0.006395497569710924
85.0	30.979790227679715	31.421079559989767	12.899718598106933	24.693016116653876	0.006395497569710924
86.0	30.89025326170376	31.44666155026861	12.995651061652596	24.661038628805322	0.006395497569710924
87.0	30.928626247122025	31.401893067280636	12.899718598106933	24.763366589920697	0.006395497569710924
88.0	30.832693783576364	31.48503453568688	13.021233051931441	24.65464313123561	0.006395497569710924
89.0	30.966999232540292	31.459452545408034	12.899718598106933	24.66743412637503	0.006395497569710924
90.0	30.88385776413405	31.401893067280636	13.034024047070863	24.673829623944744	0.006395497569710924
91.0	30.922230749552316	31.408288564850345	12.950882578664622	24.712202609363008	0.006395497569710924
92.0	30.922230749552316	31.43387055512919	12.982860066513174	24.65464313123561	0.006395497569710924
93.0	30.89664875927347	31.510616525965716	12.829368124840112	24.756971092350984	0.006395497569710924
94.0	30.973394730110005	31.36352008186237	12.96367357380404	24.693016116653876	0.006395497569710924
95.0	30.928626247122025	31.47863903811717	12.848554617549246	24.737784599641852	0.006395497569710924
96.0	30.88385776413405	31.414684062420058	12.95727807623433	24.737784599641852	0.006395497569710924
97.0	30.877462266564336	31.561780506523405	12.861345612688668	24.693016116653876	0.006395497569710924
98.0	30.924208506555807	31.46786056923569	12.91973137192197	24.688199552286534	0.0
