# Position (bp)	A	C	G	T	N
0.0	31.044394762056847	31.39572021718301	12.896838070903865	24.656659214308526	0.0063877355477483235
1.0	30.865538166719897	31.421271159374005	13.037368252954328	24.669434685404024	0.0063877355477483235
2.0	30.954966464388374	31.39572021718301	12.941552219738103	24.701373363142764	0.0063877355477483235
3.0	30.871925902267645	31.478760779303737	13.03098051740658	24.611945065474288	0.0063877355477483235
4.0	30.980517406579366	31.4340466304695	12.935164484190354	24.64388374321303	0.0063877355477483235
5.0	30.865538166719897	31.421271159374005	13.037368252954328	24.669434685404024	0.0063877355477483235
6.0	31.038007026509103	31.47237304375599	12.928776748642607	24.554455445544555	0.0063877355477483235
7.0	30.85915043117215	31.453209837112745	13.005429575215585	24.675822420951775	0.0063877355477483235
8.0	30.986905142127114	31.408495688278503	12.91600127754711	24.682210156499522	0.0063877355477483235
9.0	30.78249760459917	31.46598530820824	13.037368252954328	24.707761098690515	0.0063877355477483235
10.0	31.025231555413608	31.36378153944427	12.91600127754711	24.68859789204727	0.0063877355477483235
11.0	30.820824017885663	31.408495688278503	13.050143724049823	24.714148834238262	0.0063877355477483235
12.0	31.00606834877036	31.38294474608751	12.922389013094856	24.682210156499522	0.0063877355477483235
13.0	30.852762695624403	31.402107952730756	13.094857872884063	24.64388374321303	0.0063877355477483235
14.0	30.954966464388374	31.312679655062283	12.967103161929098	24.7588629830725	0.0063877355477483235
15.0	30.878313637815396	31.39572021718301	13.050143724049823	24.669434685404024	0.0063877355477483235
16.0	30.91025231555414	31.357393803896517	13.005429575215585	24.720536569786013	0.0063877355477483235
17.0	30.871925902267645	31.370169274992016	13.03098051740658	24.720536569786013	0.0063877355477483235
18.0	30.903864580006392	31.319067390610027	12.986266368572341	24.784413925263493	0.0063877355477483235
19.0	30.92302778664963	31.33184286170553	13.082082401788567	24.656659214308526	0.0063877355477483235
20.0	30.878313637815396	31.376557010539763	13.018205046311081	24.720536569786013	0.0063877355477483235
21.0	30.846374960076652	31.274353241775792	13.050143724049823	24.822740338549984	0.0063877355477483235
22.0	30.967741935483872	31.312679655062283	13.024592781858832	24.68859789204727	0.0063877355477483235
23.0	30.85915043117215	31.338230597253276	13.03098051740658	24.765250718620248	0.0063877355477483235
24.0	30.935803257745132	31.274353241775792	13.037368252954328	24.746087511977006	0.0063877355477483235
25.0	30.85915043117215	31.338230597253276	13.06930693069307	24.726924305333757	0.0063877355477483235
26.0	30.948578728840626	31.29990418396678	13.005429575215585	24.739699776429255	0.0063877355477483235
27.0	30.91025231555414	31.370169274992016	13.005429575215585	24.707761098690515	0.0063877355477483235
28.0	30.871925902267645	31.370169274992016	12.992654104120088	24.7588629830725	0.0063877355477483235
29.0	30.967741935483872	31.312679655062283	13.011817310763336	24.701373363142764	0.0063877355477483235
30.0	30.89108910891089	31.338230597253276	13.037368252954328	24.726924305333757	0.0063877355477483235
31.0	30.954966464388374	31.287128712871286	13.037368252954328	24.714148834238262	0.0063877355477483235
32.0	30.948578728840626	31.344618332801023	13.011817310763336	24.68859789204727	0.0063877355477483235
33.0	30.916640051101886	31.338230597253276	13.06291919514532	24.675822420951775	0.0063877355477483235
34.0	31.012456084318107	31.2488022995848	13.050143724049823	24.682210156499522	0.0063877355477483235
35.0	30.871925902267645	31.39572021718301	13.011817310763336	24.714148834238262	0.0063877355477483235
36.0	30.967741935483872	31.33184286170553	13.011817310763336	24.682210156499522	0.0063877355477483235
37.0	30.91025231555414	31.28074097732354	13.011817310763336	24.790801660811244	0.0063877355477483235
38.0	30.980517406579366	31.370169274992016	12.979878633024594	24.663046949856277	0.0063877355477483235
39.0	30.92302778664963	31.274353241775792	12.999041839667838	24.79718939635899	0.0063877355477483235
40.0	31.031619290961356	31.287128712871286	12.960715426381347	24.714148834238262	0.0063877355477483235
41.0	30.929415522197377	31.24241456403705	13.126796550622805	24.694985627595017	0.0063877355477483235
42.0	31.044394762056847	31.28074097732354	12.941552219738103	24.726924305333757	0.0063877355477483235
43.0	30.94219099329288	31.29990418396678	13.043755988502076	24.707761098690515	0.0063877355477483235
44.0	30.954966464388374	31.38294474608751	12.928776748642607	24.726924305333757	0.0063877355477483235
45.0	30.94219099329288	31.274353241775792	12.999041839667838	24.778026189715746	0.0063877355477483235
46.0	30.948578728840626	31.35100606834877	13.011817310763336	24.682210156499522	0.0063877355477483235
47.0	30.884701373363143	31.293516448419034	13.043755988502076	24.771638454167995	0.0063877355477483235
48.0	31.025231555413608	31.2488022995848	13.018205046311081	24.701373363142764	0.0063877355477483235
49.0	30.967741935483872	31.306291919514535	13.043755988502076	24.675822420951775	0.0063877355477483235
50.0	31.038007026509103	31.172149473011817	13.024592781858832	24.7588629830725	0.0063877355477483235
51.0	30.961354199936125	31.28074097732354	12.954327690833601	24.79718939635899	0.0063877355477483235
52.0	31.00606834877036	31.274353241775792	12.992654104120088	24.720536569786013	0.0063877355477483235
53.0	30.961354199936125	31.274353241775792	12.992654104120088	24.765250718620248	0.0063877355477483235
54.0	30.993292877674865	31.274353241775792	12.999041839667838	24.726924305333757	0.0063877355477483235
55.0	30.935803257745132	31.293516448419034	12.999041839667838	24.765250718620248	0.0063877355477483235
56.0	30.97412967103162	31.2360268284893	13.024592781858832	24.7588629830725	0.0063877355477483235
57.0	30.935803257745132	31.325455126157774	13.018205046311081	24.714148834238262	0.0063877355477483235
58.0	30.999680613222612	31.35100606834877	12.960715426381347	24.682210156499522	0.0063877355477483235
59.0	30.97412967103162	31.2360268284893	13.050143724049823	24.733312040881508	0.0063877355477483235
60.0	30.993292877674865	31.408495688278503	12.94793995528585	24.64388374321303	0.0063877355477483235
61.0	30.92302778664963	31.338230597253276	12.986266368572341	24.746087511977006	0.0063877355477483235
62.0	30.986905142127114	31.344618332801023	12.973490897476845	24.68859789204727	0.0063877355477483235
63.0	30.954966464388374	31.319067390610027	12.967103161929098	24.752475247524753	0.0063877355477483235
64.0	31.012456084318107	31.36378153944427	12.91600127754711	24.701373363142764	0.0063877355477483235
65.0	30.967741935483872	31.33184286170553	12.967103161929098	24.726924305333757	0.0063877355477483235
66.0	30.961354199936125	31.39572021718301	12.973490897476845	24.663046949856277	0.0063877355477483235
67.0	30.967741935483872	31.370169274992016	12.967103161929098	24.68859789204727	0.0063877355477483235
68.0	30.916640051101886	31.35100606834877	12.954327690833601	24.771638454167995	0.0063877355477483235
69.0	31.038007026509103	31.312679655062283	12.935164484190354	24.707761098690515	0.0063877355477483235
70.0	30.999680613222612	31.312679655062283	12.967103161929098	24.714148834238262	0.0063877355477483235
71.0	30.961354199936125	31.408495688278503	12.935164484190354	24.68859789204727	0.0063877355477483235
72.0	30.967741935483872	31.41488342382625	12.94793995528585	24.663046949856277	0.0063877355477483235
73.0	30.980517406579366	31.39572021718301	12.935164484190354	24.682210156499522	0.0063877355477483235
74.0	30.954966464388374	31.376557010539763	13.011817310763336	24.65027147876078	0.0063877355477483235
75.0	31.012456084318107	31.28074097732354	12.941552219738103	24.7588629830725	0.0063877355477483235
76.0	30.999680613222612	31.274353241775792	13.011817310763336	24.707761098690515	0.0063877355477483235
77.0	30.967741935483872	31.338230597253276	12.986266368572341	24.701373363142764	0.0063877355477483235
78.0	31.044394762056847	31.29990418396678	12.979878633024594	24.669434685404024	0.0063877355477483235
79.0	30.935803257745132	31.287128712871286	12.960715426381347	24.809964867454486	0.0063877355477483235
80.0	30.916640051101886	31.38294474608751	13.011817310763336	24.682210156499522	0.0063877355477483235
81.0	31.012456084318107	31.2360268284893	12.954327690833601	24.790801660811244	0.0063877355477483235
82.0	30.89108910891089	31.357393803896517	13.056531459597572	24.68859789204727	0.0063877355477483235
83.0	30.980517406579366	31.35100606834877	12.973490897476845	24.68859789204727	0.0063877355477483235
84.0	30.92302778664963	31.287128712871286	13.018205046311081	24.765250718620248	0.0063877355477483235
85.0	30.97412967103162	31.36378153944427	12.922389013094856	24.733312040881508	0.0063877355477483235
86.0	30.948578728840626	31.36378153944427	13.018205046311081	24.663046949856277	0.0063877355477483235
87.0	30.97412967103162	31.306291919514535	12.922389013094856	24.790801660811244	0.0063877355477483235
88.0	30.85915043117215	31.421271159374005	13.043755988502076	24.669434685404024	0.0063877355477483235
89.0	30.986905142127114	31.38294474608751	12.941552219738103	24.682210156499522	0.0063877355477483235
90.0	30.89108910891089	31.338230597253276	13.06291919514532	24.701373363142764	0.0063877355477483235
91.0	30.948578728840626	31.338230597253276	12.973490897476845	24.733312040881508	0.0063877355477483235
92.0	30.948578728840626	31.38294474608751	13.005429575215585	24.656659214308526	0.0063877355477483235
93.0	30.94219099329288	31.440434366017243	12.864899393165121	24.746087511977006	0.0063877355477483235
94.0	30.967741935483872	31.306291919514535	12.992654104120088	24.726924305333757	0.0063877355477483235
95.0	30.948578728840626	31.427658894921752	12.87767486426062	24.739699776429255	0.0063877355477483235
96.0	30.91025231555414	31.325455126157774	12.992654104120088	24.765250718620248	0.0063877355477483235
97.0	30.91025231555414	31.49792398594698	12.890450335356116	24.694985627595017	0.0063877355477483235
98.0	30.950555768493675	31.397725820876452	12.967931519100551	24.683786891529323	0.0
