# Position (bp)	A	C	G	T	N
0.0	31.087485589855255	31.34366594082234	12.885871653644166	24.67657230690406	0.00640450877417702
1.0	30.908159344178305	31.382092993467403	13.039579864224413	24.663763289355707	0.00640450877417702
2.0	31.01703599333931	31.34366594082234	12.94351223261176	24.689381324452413	0.00640450877417702
3.0	30.92737287050083	31.439733572434996	13.039579864224413	24.586909184065583	0.00640450877417702
4.0	31.023440502113488	31.401306519789934	12.930703215063405	24.638145254258998	0.00640450877417702
5.0	30.908159344178305	31.38849750224158	13.033175355450238	24.663763289355707	0.00640450877417702
6.0	31.087485589855255	31.43332906366082	12.930703215063405	24.542077622646342	0.00640450877417702
7.0	30.901754835404127	31.426924554886643	13.00755732035353	24.65735878058153	0.00640450877417702
8.0	31.04265402843602	31.35007044959652	12.924298706289228	24.67657230690406	0.00640450877417702
9.0	30.818496221339824	31.452542589983345	13.06519789932112	24.65735878058153	0.00640450877417702
10.0	31.06186755475855	31.311643396951457	12.91789419751505	24.70219034200077	0.00640450877417702
11.0	30.863327782759065	31.375688484693224	13.058793390546944	24.69578583322659	0.00640450877417702
12.0	31.049058537210193	31.2988343794031	12.949916741385936	24.69578583322659	0.00640450877417702
13.0	30.888945817855774	31.36287946714487	13.078006916869475	24.663763289355707	0.00640450877417702
14.0	31.01063148456513	31.25400281798386	12.975534776482645	24.753426412194184	0.00640450877417702
15.0	30.89535032662995	31.356474958370693	13.06519789932112	24.67657230690406	0.00640450877417702
16.0	30.985013449468426	31.27321634430639	13.00755732035353	24.727808377097478	0.00640450877417702
17.0	30.901754835404127	31.330856923273988	13.04598437299859	24.71499935954912	0.00640450877417702
18.0	30.952990905597538	31.26040732675804	13.00755732035353	24.772639938516715	0.00640450877417702
19.0	30.985013449468426	31.2988343794031	13.071602408095298	24.638145254258998	0.00640450877417702
20.0	30.92737287050083	31.34366594082234	13.020366337901883	24.70219034200077	0.00640450877417702
21.0	30.882541309081596	31.247598309209685	13.04598437299859	24.817471499935955	0.00640450877417702
22.0	31.029845010887662	31.27321634430639	13.013961829127707	24.67657230690406	0.00640450877417702
23.0	30.888945817855774	31.32445241449981	13.039579864224413	24.74061739464583	0.00640450877417702
24.0	30.985013449468426	31.23478929166133	13.033175355450238	24.74061739464583	0.00640450877417702
25.0	30.901754835404127	31.31804790572563	13.058793390546944	24.71499935954912	0.00640450877417702
26.0	30.96579992314589	31.286025361854747	13.00755732035353	24.734212885871653	0.00640450877417702
27.0	30.940181888049185	31.36287946714487	13.00755732035353	24.682976815678238	0.00640450877417702
28.0	30.920968361726654	31.34366594082234	12.994748302805176	24.734212885871653	0.00640450877417702
29.0	30.985013449468426	31.2988343794031	13.020366337901883	24.689381324452413	0.00640450877417702
30.0	30.933777379275007	31.330856923273988	13.033175355450238	24.69578583322659	0.00640450877417702
31.0	30.97220443192007	31.26040732675804	13.039579864224413	24.7214038683233	0.00640450877417702
32.0	30.985013449468426	31.32445241449981	13.013961829127707	24.67016779812988	0.00640450877417702
33.0	30.985013449468426	31.31804790572563	13.052388881772767	24.638145254258998	0.00640450877417702
34.0	31.03624951966184	31.241193800435507	13.04598437299859	24.67016779812988	0.00640450877417702
35.0	30.89535032662995	31.401306519789934	13.001152811579352	24.69578583322659	0.00640450877417702
36.0	31.01063148456513	31.311643396951457	12.994748302805176	24.67657230690406	0.00640450877417702
37.0	30.920968361726654	31.292429870628922	13.001152811579352	24.779044447290893	0.00640450877417702
38.0	30.9914179582426	31.375688484693224	12.956321250160114	24.67016779812988	0.00640450877417702
39.0	30.94658639682336	31.27962085308057	12.988343794031	24.779044447290893	0.00640450877417702
40.0	31.049058537210193	31.2988343794031	12.930703215063405	24.71499935954912	0.00640450877417702
41.0	30.959395414371716	31.25400281798386	13.103624951966184	24.67657230690406	0.00640450877417702
42.0	31.068272063532724	31.27321634430639	12.91789419751505	24.734212885871653	0.00640450877417702
43.0	30.940181888049185	31.31804790572563	13.00755732035353	24.727808377097478	0.00640450877417702
44.0	30.9914179582426	31.401306519789934	12.905085179966697	24.69578583322659	0.00640450877417702
45.0	30.96579992314589	31.286025361854747	12.956321250160114	24.78544895606507	0.00640450877417702
46.0	30.959395414371716	31.36287946714487	12.988343794031	24.682976815678238	0.00640450877417702
47.0	30.940181888049185	31.27962085308057	13.001152811579352	24.772639938516715	0.00640450877417702
48.0	31.04265402843602	31.25400281798386	12.981939285256821	24.71499935954912	0.00640450877417702
49.0	31.01063148456513	31.30523888817728	13.020366337901883	24.65735878058153	0.00640450877417702
50.0	31.08108108108108	31.170744203919558	12.981939285256821	24.759830920968362	0.00640450877417702
51.0	30.959395414371716	31.311643396951457	12.937107723837581	24.78544895606507	0.00640450877417702
52.0	31.049058537210193	31.27962085308057	12.956321250160114	24.708594850774944	0.00640450877417702
53.0	30.985013449468426	31.31804790572563	12.956321250160114	24.734212885871653	0.00640450877417702
54.0	31.01703599333931	31.286025361854747	12.956321250160114	24.734212885871653	0.00640450877417702
55.0	30.97220443192007	31.2988343794031	12.956321250160114	24.76623542974254	0.00640450877417702
56.0	30.9914179582426	31.266811835532216	12.981939285256821	24.753426412194184	0.00640450877417702
57.0	30.978608940694247	31.35007044959652	12.994748302805176	24.67016779812988	0.00640450877417702
58.0	31.049058537210193	31.36928397591905	12.911489688740874	24.663763289355707	0.00640450877417702
59.0	31.01063148456513	31.25400281798386	13.00755732035353	24.7214038683233	0.00640450877417702
60.0	31.01703599333931	31.43332906366082	12.91789419751505	24.625336236710645	0.00640450877417702
61.0	30.96579992314589	31.36928397591905	12.924298706289228	24.734212885871653	0.00640450877417702
62.0	31.01703599333931	31.356474958370693	12.949916741385936	24.67016779812988	0.00640450877417702
63.0	30.985013449468426	31.337261432048162	12.924298706289228	24.74702190342001	0.00640450877417702
64.0	31.049058537210193	31.36287946714487	12.873062636095812	24.708594850774944	0.00640450877417702
65.0	30.99782246701678	31.35007044959652	12.96272575893429	24.682976815678238	0.00640450877417702
66.0	30.985013449468426	31.38849750224158	12.937107723837581	24.682976815678238	0.00640450877417702
67.0	30.99782246701678	31.38849750224158	12.96272575893429	24.644549763033176	0.00640450877417702
68.0	30.933777379275007	31.36287946714487	12.924298706289228	24.772639938516715	0.00640450877417702
69.0	31.05546304598437	31.35007044959652	12.905085179966697	24.682976815678238	0.00640450877417702
70.0	31.01703599333931	31.32445241449981	12.937107723837581	24.71499935954912	0.00640450877417702
71.0	30.99782246701678	31.426924554886643	12.879467144869988	24.689381324452413	0.00640450877417702
72.0	30.96579992314589	31.439733572434996	12.91789419751505	24.67016779812988	0.00640450877417702
73.0	31.01063148456513	31.439733572434996	12.892276162418343	24.65095427180735	0.00640450877417702
74.0	30.940181888049185	31.420520046112465	12.969130267708467	24.663763289355707	0.00640450877417702
75.0	31.029845010887662	31.32445241449981	12.91789419751505	24.7214038683233	0.00640450877417702
76.0	30.99782246701678	31.31804790572563	12.975534776482645	24.70219034200077	0.00640450877417702
77.0	30.97220443192007	31.382092993467403	12.949916741385936	24.689381324452413	0.00640450877417702
78.0	31.023440502113488	31.330856923273988	12.956321250160114	24.682976815678238	0.00640450877417702
79.0	30.92737287050083	31.330856923273988	12.924298706289228	24.81106699116178	0.00640450877417702
80.0	30.908159344178305	31.38849750224158	12.994748302805176	24.70219034200077	0.00640450877417702
81.0	31.01063148456513	31.292429870628922	12.930703215063405	24.759830920968362	0.00640450877417702
82.0	30.863327782759065	31.38849750224158	13.033175355450238	24.708594850774944	0.00640450877417702
83.0	30.985013449468426	31.41411553733829	12.94351223261176	24.65095427180735	0.00640450877417702
84.0	30.882541309081596	31.34366594082234	12.988343794031	24.779044447290893	0.00640450877417702
85.0	30.959395414371716	31.426924554886643	12.885871653644166	24.7214038683233	0.00640450877417702
86.0	30.940181888049185	31.38849750224158	12.994748302805176	24.67016779812988	0.00640450877417702
87.0	30.952990905597538	31.375688484693224	12.885871653644166	24.779044447290893	0.00640450877417702
88.0	30.856923273984886	31.439733572434996	13.026770846676062	24.67016779812988	0.00640450877417702
89.0	30.985013449468426	31.439733572434996	12.911489688740874	24.65735878058153	0.00640450877417702
90.0	30.882541309081596	31.35007044959652	13.052388881772767	24.708594850774944	0.00640450877417702
91.0	30.959395414371716	31.38849750224158	12.949916741385936	24.69578583322659	0.00640450877417702
92.0	30.92737287050083	31.401306519789934	12.988343794031	24.67657230690406	0.00640450877417702
93.0	30.94658639682336	31.4653516075317	12.85384910977328	24.727808377097478	0.00640450877417702
94.0	30.96579992314589	31.311643396951457	12.96272575893429	24.753426412194184	0.00640450877417702
95.0	30.959395414371716	31.4653516075317	12.834635583450748	24.734212885871653	0.00640450877417702
96.0	30.882541309081596	31.337261432048162	12.969130267708467	24.804662482387602	0.00640450877417702
97.0	30.901754835404127	31.56782374791853	12.85384910977328	24.67016779812988	0.00640450877417702
98.0	30.95497341958624	31.416127585986036	12.93793633510536	24.69096265932236	0.0
