# Position (bp)	A	C	G	T	N
0.0	31.049441786283893	31.374800637958533	12.880382775119617	24.688995215311003	0.006379585326953749
1.0	30.883572567783098	31.4066985645933	13.03987240829346	24.66347687400319	0.006379585326953749
2.0	30.960127591706538	31.381180223285487	12.950558213716109	24.701754385964914	0.006379585326953749
3.0	30.883572567783098	31.45773524720893	13.027113237639554	24.625199362041467	0.006379585326953749
4.0	30.985645933014354	31.419457735247207	12.931419457735247	24.657097288676237	0.006379585326953749
5.0	30.883572567783098	31.400318979266345	13.027113237639554	24.68261562998405	0.006379585326953749
6.0	31.04306220095694	31.45135566188198	12.937799043062201	24.561403508771928	0.006379585326953749
7.0	30.896331738437	31.438596491228072	12.98883572567783	24.669856459330145	0.006379585326953749
8.0	30.99202551834131	31.393939393939398	12.918660287081341	24.688995215311003	0.006379585326953749
9.0	30.79425837320574	31.464114832535884	13.033492822966508	24.701754385964914	0.006379585326953749
10.0	31.036682615629985	31.349282296650717	12.905901116427431	24.701754385964914	0.006379585326953749
11.0	30.832535885167463	31.400318979266345	13.0207336523126	24.740031897926634	0.006379585326953749
12.0	31.004784688995212	31.35566188197767	12.925039872408291	24.708133971291865	0.006379585326953749
13.0	30.870813397129186	31.400318979266345	13.052631578947368	24.669856459330145	0.006379585326953749
14.0	30.985645933014354	31.285486443381178	12.963317384370015	24.759170653907496	0.006379585326953749
15.0	30.87719298245614	31.38755980861244	13.033492822966508	24.69537480063796	0.006379585326953749
16.0	30.94098883572568	31.336523125996813	13.001594896331738	24.71451355661882	0.006379585326953749
17.0	30.870813397129186	31.349282296650717	13.033492822966508	24.740031897926634	0.006379585326953749
18.0	30.909090909090907	31.30462519936204	12.995215311004785	24.784688995215312	0.006379585326953749
19.0	30.94098883572568	31.336523125996813	13.065390749601278	24.650717703349283	0.006379585326953749
20.0	30.889952153110045	31.36842105263158	13.014354066985645	24.720893141945773	0.006379585326953749
21.0	30.870813397129186	31.259968102073366	13.027113237639554	24.83572567783094	0.006379585326953749
22.0	31.011164274322166	31.285486443381178	13.0207336523126	24.676236044657095	0.006379585326953749
23.0	30.87719298245614	31.323763955342905	13.0207336523126	24.771929824561404	0.006379585326953749
24.0	30.9792663476874	31.247208931419458	13.014354066985645	24.752791068580542	0.006379585326953749
25.0	30.883572567783098	31.34290271132376	13.065390749601278	24.701754385964914	0.006379585326953749
26.0	30.94098883572568	31.29186602870813	13.007974481658694	24.752791068580542	0.006379585326953749
27.0	30.909090909090907	31.362041467304625	12.995215311004785	24.727272727272727	0.006379585326953749
28.0	30.909090909090907	31.349282296650717	12.98883572567783	24.74641148325359	0.006379585326953749
29.0	30.9792663476874	31.323763955342905	12.98883572567783	24.701754385964914	0.006379585326953749
30.0	30.928229665071772	31.336523125996813	13.014354066985645	24.71451355661882	0.006379585326953749
31.0	30.966507177033492	31.285486443381178	13.027113237639554	24.71451355661882	0.006379585326953749
32.0	30.972886762360446	31.34290271132376	13.001594896331738	24.676236044657095	0.006379585326953749
33.0	30.94736842105263	31.33014354066986	13.046251993620414	24.669856459330145	0.006379585326953749
34.0	31.023923444976077	31.247208931419458	13.046251993620414	24.676236044657095	0.006379585326953749
35.0	30.87719298245614	31.413078149920253	13.001594896331738	24.701754385964914	0.006379585326953749
36.0	31.004784688995212	31.29186602870813	12.982456140350877	24.71451355661882	0.006379585326953749
37.0	30.928229665071772	31.285486443381178	13.007974481658694	24.771929824561404	0.006379585326953749
38.0	30.972886762360446	31.362041467304625	12.982456140350877	24.676236044657095	0.006379585326953749
39.0	30.94736842105263	31.247208931419458	12.995215311004785	24.803827751196174	0.006379585326953749
40.0	31.055821371610847	31.279106858054227	12.944178628389155	24.71451355661882	0.006379585326953749
41.0	30.934609250398726	31.259968102073366	13.122807017543861	24.676236044657095	0.006379585326953749
42.0	31.049441786283893	31.279106858054227	12.925039872408291	24.740031897926634	0.006379585326953749
43.0	30.953748006379584	31.311004784688993	13.007974481658694	24.720893141945773	0.006379585326953749
44.0	30.94736842105263	31.393939393939398	12.937799043062201	24.71451355661882	0.006379585326953749
45.0	30.94736842105263	31.285486443381178	12.976076555023925	24.784688995215312	0.006379585326953749
46.0	30.960127591706538	31.35566188197767	13.001594896331738	24.676236044657095	0.006379585326953749
47.0	30.902711323763953	31.285486443381178	13.033492822966508	24.771929824561404	0.006379585326953749
48.0	31.03030303030303	31.26634768740032	12.98883572567783	24.708133971291865	0.006379585326953749
49.0	31.017543859649123	31.29186602870813	13.027113237639554	24.657097288676237	0.006379585326953749
50.0	31.03030303030303	31.170653907496014	13.007974481658694	24.784688995215312	0.006379585326953749
51.0	30.953748006379584	31.285486443381178	12.963317384370015	24.791068580542262	0.006379585326953749
52.0	31.023923444976077	31.272727272727273	12.976076555023925	24.720893141945773	0.006379585326953749
53.0	30.953748006379584	31.311004784688993	12.995215311004785	24.73365231259968	0.006379585326953749
54.0	31.011164274322166	31.279106858054227	12.982456140350877	24.720893141945773	0.006379585326953749
55.0	30.94736842105263	31.311004784688993	12.995215311004785	24.740031897926634	0.006379585326953749
56.0	30.960127591706538	31.26634768740032	12.98883572567783	24.778309409888358	0.006379585326953749
57.0	30.934609250398726	31.336523125996813	13.0207336523126	24.701754385964914	0.006379585326953749
58.0	30.985645933014354	31.381180223285487	12.937799043062201	24.688995215311003	0.006379585326953749
59.0	30.972886762360446	31.221690590111645	13.033492822966508	24.76555023923445	0.006379585326953749
60.0	30.972886762360446	31.432216905901118	12.937799043062201	24.650717703349283	0.006379585326953749
61.0	30.915470494417864	31.349282296650717	12.982456140350877	24.74641148325359	0.006379585326953749
62.0	30.985645933014354	31.33014354066986	12.963317384370015	24.71451355661882	0.006379585326953749
63.0	30.94098883572568	31.311004784688993	12.976076555023925	24.76555023923445	0.006379585326953749
64.0	31.011164274322166	31.362041467304625	12.893141945773525	24.727272727272727	0.006379585326953749
65.0	30.966507177033492	31.336523125996813	12.96969696969697	24.720893141945773	0.006379585326953749
66.0	30.94736842105263	31.393939393939398	12.956937799043061	24.69537480063796	0.006379585326953749
67.0	30.960127591706538	31.38755980861244	12.982456140350877	24.66347687400319	0.006379585326953749
68.0	30.928229665071772	31.349282296650717	12.925039872408291	24.791068580542262	0.006379585326953749
69.0	31.036682615629985	31.33014354066986	12.931419457735247	24.69537480063796	0.006379585326953749
70.0	31.004784688995212	31.30462519936204	12.963317384370015	24.720893141945773	0.006379585326953749
71.0	30.960127591706538	31.419457735247207	12.925039872408291	24.688995215311003	0.006379585326953749
72.0	30.953748006379584	31.413078149920253	12.944178628389155	24.68261562998405	0.006379585326953749
73.0	30.9792663476874	31.4066985645933	12.925039872408291	24.68261562998405	0.006379585326953749
74.0	30.921850079744818	31.400318979266345	13.007974481658694	24.66347687400319	0.006379585326953749
75.0	30.998405103668265	31.298245614035086	12.944178628389155	24.752791068580542	0.006379585326953749
76.0	30.985645933014354	31.29186602870813	13.001594896331738	24.71451355661882	0.006379585326953749
77.0	30.966507177033492	31.34290271132376	12.976076555023925	24.708133971291865	0.006379585326953749
78.0	31.023923444976077	31.311004784688993	12.963317384370015	24.69537480063796	0.006379585326953749
79.0	30.934609250398726	31.298245614035086	12.944178628389155	24.816586921850078	0.006379585326953749
80.0	30.915470494417864	31.38755980861244	12.995215311004785	24.69537480063796	0.006379585326953749
81.0	31.004784688995212	31.272727272727273	12.944178628389155	24.771929824561404	0.006379585326953749
82.0	30.85805422647528	31.374800637958533	13.033492822966508	24.727272727272727	0.006379585326953749
83.0	30.998405103668265	31.374800637958533	12.944178628389155	24.676236044657095	0.006379585326953749
84.0	30.889952153110045	31.33014354066986	13.001594896331738	24.771929824561404	0.006379585326953749
85.0	30.9792663476874	31.374800637958533	12.905901116427431	24.73365231259968	0.006379585326953749
86.0	30.94736842105263	31.36842105263158	13.001594896331738	24.676236044657095	0.006379585326953749
87.0	30.966507177033492	31.336523125996813	12.905901116427431	24.784688995215312	0.006379585326953749
88.0	30.864433811802233	31.419457735247207	13.03987240829346	24.669856459330145	0.006379585326953749
89.0	30.9792663476874	31.400318979266345	12.925039872408291	24.688995215311003	0.006379585326953749
90.0	30.883572567783098	31.34290271132376	13.052631578947368	24.71451355661882	0.006379585326953749
91.0	30.953748006379584	31.35566188197767	12.96969696969697	24.71451355661882	0.006379585326953749
92.0	30.921850079744818	31.413078149920253	12.982456140350877	24.676236044657095	0.006379585326953749
93.0	30.953748006379584	31.45135566188198	12.861244019138757	24.727272727272727	0.006379585326953749
94.0	30.966507177033492	31.30462519936204	12.982456140350877	24.740031897926634	0.006379585326953749
95.0	30.966507177033492	31.45135566188198	12.854864433811802	24.720893141945773	0.006379585326953749
96.0	30.889952153110045	31.35566188197767	12.96969696969697	24.778309409888358	0.006379585326953749
97.0	30.902711323763953	31.521531100478466	12.880382775119617	24.688995215311003	0.006379585326953749
98.0	30.955722853132578	31.402322317213223	12.945004465994641	24.696950363659564	0.0
