# Position (bp)	A	C	G	T	N
0.0	31.064237775647175	31.358261425375524	12.905081495685522	24.66602748481943	0.006391818472355385
1.0	30.891658676893574	31.42217961009907	12.994566954298497	24.685202940236497	0.006391818472355385
2.0	30.99392777245126	31.358261425375524	12.943432406519657	24.697986577181208	0.006391818472355385
3.0	30.92361776925535	31.460530520933204	13.000958772770854	24.60850111856823	0.006391818472355385
4.0	31.00671140939597	31.409395973154364	12.905081495685522	24.672419303291786	0.006391818472355385
5.0	30.904442313838288	31.39661233620965	13.020134228187919	24.672419303291786	0.006391818472355385
6.0	31.077021412591883	31.42217961009907	12.924256951102588	24.570150207734102	0.006391818472355385
7.0	30.910834132310644	31.409395973154364	13.013742409715565	24.659635666347075	0.006391818472355385
8.0	31.03867050175775	31.409395973154364	12.879514221796102	24.66602748481943	0.006391818472355385
9.0	30.827740492170026	31.428571428571427	13.020134228187919	24.717162032598274	0.006391818472355385
10.0	31.057845957174816	31.339085969958454	12.917865132630233	24.67881112176414	0.006391818472355385
11.0	30.84691594758709	31.377436880792587	13.013742409715565	24.755512943432407	0.006391818472355385
12.0	31.03867050175775	31.37104506232023	12.917865132630233	24.66602748481943	0.006391818472355385
13.0	30.89805049536593	31.358261425375524	13.071268775966763	24.66602748481943	0.006391818472355385
14.0	31.00031959092362	31.307126877596676	12.94982422499201	24.73633748801534	0.006391818472355385
15.0	30.917225950783	31.383828699264942	13.007350591243208	24.685202940236497	0.006391818472355385
16.0	30.968360498561843	31.332694151486095	12.981783317353788	24.71077021412592	0.006391818472355385
17.0	30.89805049536593	31.332694151486095	13.026526046660274	24.73633748801534	0.006391818472355385
18.0	30.949185043144773	31.29434324065197	13.000958772770854	24.749121124960052	0.006391818472355385
19.0	30.968360498561843	31.332694151486095	13.045701502077343	24.646852029402368	0.006391818472355385
20.0	30.917225950783	31.351869606903165	13.013742409715565	24.71077021412592	0.006391818472355385
21.0	30.86609140300415	31.307126877596676	13.032917865132632	24.787472035794185	0.006391818472355385
22.0	31.019495046340683	31.262384148290188	12.994566954298497	24.717162032598274	0.006391818472355385
23.0	30.89805049536593	31.339085969958454	13.026526046660274	24.729945669542985	0.006391818472355385
24.0	31.013103227868328	31.230425055928414	13.007350591243208	24.742729306487696	0.006391818472355385
25.0	30.910834132310644	31.339085969958454	13.071268775966763	24.672419303291786	0.006391818472355385
26.0	30.968360498561843	31.29434324065197	13.007350591243208	24.72355385107063	0.006391818472355385
27.0	30.961968680089484	31.37104506232023	12.97539149888143	24.685202940236497	0.006391818472355385
28.0	30.88526685842122	31.377436880792587	12.97539149888143	24.755512943432407	0.006391818472355385
29.0	31.00671140939597	31.307126877596676	12.994566954298497	24.685202940236497	0.006391818472355385
30.0	30.92361776925535	31.358261425375524	13.000958772770854	24.71077021412592	0.006391818472355385
31.0	31.00031959092362	31.268775966762547	13.020134228187919	24.704378395653563	0.006391818472355385
32.0	31.00671140939597	31.358261425375524	12.97539149888143	24.65324384787472	0.006391818472355385
33.0	30.961968680089484	31.319910514541387	13.064876957494405	24.646852029402368	0.006391818472355385
34.0	31.057845957174816	31.24320869287312	13.026526046660274	24.66602748481943	0.006391818472355385
35.0	30.904442313838288	31.42217961009907	12.968999680409077	24.697986577181208	0.006391818472355385
36.0	31.032278683285398	31.28795142217961	13.007350591243208	24.66602748481943	0.006391818472355385
37.0	30.95557686161713	31.300735059124317	12.97539149888143	24.761904761904763	0.006391818472355385
38.0	31.032278683285398	31.351869606903165	12.956216043464366	24.65324384787472	0.006391818472355385
39.0	30.95557686161713	31.2751677852349	12.988175135826143	24.774688398849474	0.006391818472355385
40.0	31.089805049536594	31.29434324065197	12.917865132630233	24.691594758708852	0.006391818472355385
41.0	30.968360498561843	31.249600511345477	13.116011505273251	24.659635666347075	0.006391818472355385
42.0	31.045062320230105	31.307126877596676	12.917865132630233	24.72355385107063	0.006391818472355385
43.0	30.98114413550655	31.300735059124317	13.013742409715565	24.697986577181208	0.006391818472355385
44.0	30.987535953978906	31.409395973154364	12.917865132630233	24.67881112176414	0.006391818472355385
45.0	30.98114413550655	31.28795142217961	12.981783317353788	24.742729306487696	0.006391818472355385
46.0	30.98114413550655	31.351869606903165	12.988175135826143	24.672419303291786	0.006391818472355385
47.0	30.936401406200066	31.29434324065197	13.007350591243208	24.755512943432407	0.006391818472355385
48.0	31.057845957174816	31.262384148290188	12.968999680409077	24.704378395653563	0.006391818472355385
49.0	31.013103227868328	31.300735059124317	13.045701502077343	24.634068392457653	0.006391818472355385
50.0	31.064237775647175	31.198465963566633	12.981783317353788	24.749121124960052	0.006391818472355385
51.0	31.00671140939597	31.313518696069032	12.892297858740811	24.781080217321826	0.006391818472355385
52.0	31.019495046340683	31.300735059124317	12.988175135826143	24.685202940236497	0.006391818472355385
53.0	30.987535953978906	31.332694151486095	12.943432406519657	24.729945669542985	0.006391818472355385
54.0	31.013103227868328	31.281559603707255	12.968999680409077	24.729945669542985	0.006391818472355385
55.0	30.98114413550655	31.339085969958454	12.94982422499201	24.72355385107063	0.006391818472355385
56.0	30.9747523170342	31.249600511345477	13.007350591243208	24.761904761904763	0.006391818472355385
57.0	30.98114413550655	31.358261425375524	13.000958772770854	24.65324384787472	0.006391818472355385
58.0	31.013103227868328	31.377436880792587	12.905081495685522	24.697986577181208	0.006391818472355385
59.0	31.00031959092362	31.255992329817833	13.020134228187919	24.717162032598274	0.006391818472355385
60.0	31.00671140939597	31.42217961009907	12.930648769574942	24.634068392457653	0.006391818472355385
61.0	30.930009587727707	31.383828699264942	12.943432406519657	24.73633748801534	0.006391818472355385
62.0	31.019495046340683	31.37104506232023	12.943432406519657	24.659635666347075	0.006391818472355385
63.0	30.961968680089484	31.326302333013743	12.94982422499201	24.755512943432407	0.006391818472355385
64.0	31.064237775647175	31.39661233620965	12.85394694790668	24.67881112176414	0.006391818472355385
65.0	30.9747523170342	31.358261425375524	12.97539149888143	24.685202940236497	0.006391818472355385
66.0	30.987535953978906	31.434963247043786	12.924256951102588	24.646852029402368	0.006391818472355385
67.0	31.00031959092362	31.377436880792587	12.96260786193672	24.65324384787472	0.006391818472355385
68.0	30.961968680089484	31.390220517737294	12.917865132630233	24.72355385107063	0.006391818472355385
69.0	31.045062320230105	31.326302333013743	12.924256951102588	24.697986577181208	0.006391818472355385
70.0	31.03867050175775	31.319910514541387	12.94982422499201	24.685202940236497	0.006391818472355385
71.0	31.00031959092362	31.428571428571427	12.892297858740811	24.672419303291786	0.006391818472355385
72.0	30.99392777245126	31.44135506551614	12.930648769574942	24.627676573985298	0.006391818472355385
73.0	30.9747523170342	31.45413870246085	12.892297858740811	24.672419303291786	0.006391818472355385
74.0	30.936401406200066	31.39661233620965	12.968999680409077	24.691594758708852	0.006391818472355385
75.0	31.045062320230105	31.29434324065197	12.9370405880473	24.717162032598274	0.006391818472355385
76.0	31.00031959092362	31.29434324065197	12.988175135826143	24.71077021412592	0.006391818472355385
77.0	31.00031959092362	31.377436880792587	12.968999680409077	24.646852029402368	0.006391818472355385
78.0	31.05145413870246	31.332694151486095	12.91147331415788	24.697986577181208	0.006391818472355385
79.0	30.95557686161713	31.313518696069032	12.943432406519657	24.781080217321826	0.006391818472355385
80.0	30.936401406200066	31.383828699264942	12.988175135826143	24.685202940236497	0.006391818472355385
81.0	31.02588686481304	31.2751677852349	12.943432406519657	24.749121124960052	0.006391818472355385
82.0	30.910834132310644	31.377436880792587	13.013742409715565	24.691594758708852	0.006391818472355385
83.0	31.013103227868328	31.383828699264942	12.94982422499201	24.646852029402368	0.006391818472355385
84.0	30.92361776925535	31.319910514541387	12.994566954298497	24.755512943432407	0.006391818472355385
85.0	30.987535953978906	31.390220517737294	12.879514221796102	24.73633748801534	0.006391818472355385
86.0	30.936401406200066	31.390220517737294	12.994566954298497	24.672419303291786	0.006391818472355385
87.0	31.00031959092362	31.319910514541387	12.885906040268457	24.787472035794185	0.006391818472355385
88.0	30.87248322147651	31.447746883988493	13.007350591243208	24.66602748481943	0.006391818472355385
89.0	31.013103227868328	31.377436880792587	12.917865132630233	24.685202940236497	0.006391818472355385
90.0	30.891658676893574	31.383828699264942	13.032917865132632	24.685202940236497	0.006391818472355385
91.0	31.00031959092362	31.339085969958454	12.9370405880473	24.717162032598274	0.006391818472355385
92.0	30.92361776925535	31.434963247043786	12.96260786193672	24.672419303291786	0.006391818472355385
93.0	30.95557686161713	31.460530520933204	12.828379674017256	24.749121124960052	0.006391818472355385
94.0	31.00671140939597	31.313518696069032	12.956216043464366	24.717162032598274	0.006391818472355385
95.0	30.968360498561843	31.447746883988493	12.847555129434324	24.729945669542985	0.006391818472355385
96.0	30.930009587727707	31.351869606903165	12.97539149888143	24.73633748801534	0.006391818472355385
97.0	30.92361776925535	31.543624161073826	12.860338766379034	24.66602748481943	0.006391818472355385
98.0	30.96394783942726	31.417795960112503	12.93147532600358	24.68678087445666	0.0
