# Position (bp)	A	C	G	T	N
0.0	31.03757280931959	31.402419509697243	12.897650899315114	24.655955962363183	0.006400819304871024
1.0	30.851949049478332	31.45362606413621	13.044869743327144	24.643154323753443	0.006400819304871024
2.0	30.95436215835627	31.415221148306983	12.94245663444921	24.68155923958267	0.006400819304871024
3.0	30.858349868783204	31.498431799270303	13.038468924022276	24.59834858861934	0.006400819304871024
4.0	30.960762977661137	31.472828522050822	12.929654995839467	24.6303526851437	0.006400819304871024
5.0	30.851949049478332	31.440824425526465	13.032068104717403	24.668757600972924	0.006400819304871024
6.0	31.031171990014723	31.492030979965435	12.936055815144337	24.534340395570634	0.006400819304871024
7.0	30.864750688088076	31.485630160660566	12.993663188888178	24.64955514305831	0.006400819304871024
8.0	30.97356461627088	31.428022786916728	12.923254176534597	24.668757600972924	0.006400819304871024
9.0	30.78154003712475	31.498431799270303	13.032068104717403	24.68155923958267	0.006400819304871024
10.0	31.01837035140498	31.376816232477754	12.923254176534597	24.675158420277796	0.006400819304871024
11.0	30.807143314344238	31.434423606221596	13.044869743327144	24.70716251680215	0.006400819304871024
12.0	30.986366254880625	31.3896178710875	12.936055815144337	24.68155923958267	0.006400819304871024
13.0	30.839147410868588	31.428022786916728	13.076873839851503	24.64955514305831	0.006400819304871024
14.0	30.95436215835627	31.319208858733916	12.974460730973563	24.745567432631375	0.006400819304871024
15.0	30.871151507392945	31.415221148306983	13.044869743327144	24.662356781668056	0.006400819304871024
16.0	30.915957242527043	31.364014593868017	13.01286564680279	24.70076169749728	0.006400819304871024
17.0	30.845548230173463	31.3896178710875	13.038468924022276	24.71996415541189	0.006400819304871024
18.0	30.88395314600269	31.33841131664853	13.00006400819305	24.77117070985086	0.006400819304871024
19.0	30.92235806183192	31.351212955258273	13.076873839851503	24.643154323753443	0.006400819304871024
20.0	30.858349868783204	31.396018690392367	13.032068104717403	24.70716251680215	0.006400819304871024
21.0	30.845548230173463	31.287204762209562	13.051270562632016	24.809575625680086	0.006400819304871024
22.0	30.967163796966013	31.319208858733916	13.032068104717403	24.675158420277796	0.006400819304871024
23.0	30.845548230173463	31.344812135953404	13.051270562632016	24.751968251936248	0.006400819304871024
24.0	30.941560519746524	31.28080394290469	13.038468924022276	24.732765794021635	0.006400819304871024
25.0	30.851949049478332	31.351212955258273	13.076873839851503	24.713563336107022	0.006400819304871024
26.0	30.928758881136787	31.319208858733916	13.006464827497922	24.739166613326503	0.006400819304871024
27.0	30.89035396530756	31.396018690392367	13.01286564680279	24.69436087819241	0.006400819304871024
28.0	30.864750688088076	31.3896178710875	12.993663188888178	24.745567432631375	0.006400819304871024
29.0	30.9479613390514	31.344812135953404	13.01286564680279	24.687960058887537	0.006400819304871024
30.0	30.877552326697817	31.370415413172886	13.032068104717403	24.713563336107022	0.006400819304871024
31.0	30.92235806183192	31.30640722012418	13.044869743327144	24.71996415541189	0.006400819304871024
32.0	30.941560519746524	31.364014593868017	13.006464827497922	24.68155923958267	0.006400819304871024
33.0	30.909556423222174	31.351212955258273	13.064072201241759	24.668757600972924	0.006400819304871024
34.0	31.005568712795238	31.26160148499008	13.044869743327144	24.68155923958267	0.006400819304871024
35.0	30.845548230173463	31.428022786916728	13.01286564680279	24.70716251680215	0.006400819304871024
36.0	30.960762977661137	31.312808039429047	13.01286564680279	24.70716251680215	0.006400819304871024
37.0	30.89675478461243	31.293605581514434	13.019266466107663	24.783972348460605	0.006400819304871024
38.0	30.967163796966013	31.364014593868017	12.974460730973563	24.687960058887537	0.006400819304871024
39.0	30.915957242527043	31.27440312359982	13.006464827497922	24.796773987070345	0.006400819304871024
40.0	31.024771170709855	31.293605581514434	12.948857453754082	24.726364974716763	0.006400819304871024
41.0	30.915957242527043	31.255200665685205	13.13448121359534	24.687960058887537	0.006400819304871024
42.0	31.024771170709855	31.28080394290469	12.948857453754082	24.739166613326503	0.006400819304871024
43.0	30.92235806183192	31.312808039429047	13.044869743327144	24.713563336107022	0.006400819304871024
44.0	30.935159700441655	31.3896178710875	12.94245663444921	24.726364974716763	0.006400819304871024
45.0	30.935159700441655	31.27440312359982	12.993663188888178	24.790373167765473	0.006400819304871024
46.0	30.928758881136787	31.33841131664853	13.032068104717403	24.69436087819241	0.006400819304871024
47.0	30.89035396530756	31.26800230429495	13.057671381936888	24.777571529155733	0.006400819304871024
48.0	31.01196953210011	31.242399027075468	13.019266466107663	24.71996415541189	0.006400819304871024
49.0	30.97996543557575	31.28080394290469	13.07047302054663	24.662356781668056	0.006400819304871024
50.0	31.01837035140498	31.15918837611214	13.032068104717403	24.783972348460605	0.006400819304871024
51.0	30.95436215835627	31.26800230429495	12.980861550278435	24.790373167765473	0.006400819304871024
52.0	30.999167893490366	31.26160148499008	13.00006400819305	24.732765794021635	0.006400819304871024
53.0	30.95436215835627	31.287204762209562	13.01286564680279	24.739166613326503	0.006400819304871024
54.0	30.999167893490366	31.26160148499008	13.00006400819305	24.732765794021635	0.006400819304871024
55.0	30.9479613390514	31.27440312359982	13.019266466107663	24.751968251936248	0.006400819304871024
56.0	30.960762977661137	31.242399027075468	13.025667285412531	24.764769890545992	0.006400819304871024
57.0	30.960762977661137	31.30640722012418	13.038468924022276	24.687960058887537	0.006400819304871024
58.0	30.992767074185494	31.35761377456314	12.968059911668695	24.675158420277796	0.006400819304871024
59.0	30.97996543557575	31.21679574985598	13.057671381936888	24.739166613326503	0.006400819304871024
60.0	30.992767074185494	31.396018690392367	12.961659092363822	24.643154323753443	0.006400819304871024
61.0	30.92235806183192	31.33841131664853	12.993663188888178	24.739166613326503	0.006400819304871024
62.0	30.992767074185494	31.319208858733916	12.987262369583307	24.69436087819241	0.006400819304871024
63.0	30.9479613390514	31.319208858733916	12.980861550278435	24.745567432631375	0.006400819304871024
64.0	31.01196953210011	31.344812135953404	12.910452537924854	24.726364974716763	0.006400819304871024
65.0	30.960762977661137	31.33841131664853	12.993663188888178	24.70076169749728	0.006400819304871024
66.0	30.9479613390514	31.3896178710875	12.974460730973563	24.68155923958267	0.006400819304871024
67.0	30.97996543557575	31.35761377456314	12.993663188888178	24.662356781668056	0.006400819304871024
68.0	30.915957242527043	31.33201049734366	12.961659092363822	24.783972348460605	0.006400819304871024
69.0	31.03757280931959	31.319208858733916	12.948857453754082	24.687960058887537	0.006400819304871024
70.0	31.005568712795238	31.28080394290469	12.987262369583307	24.71996415541189	0.006400819304871024
71.0	30.967163796966013	31.396018690392367	12.95525827305895	24.675158420277796	0.006400819304871024
72.0	30.967163796966013	31.402419509697243	12.968059911668695	24.655955962363183	0.006400819304871024
73.0	30.992767074185494	31.376816232477754	12.948857453754082	24.675158420277796	0.006400819304871024
74.0	30.928758881136787	31.370415413172886	13.032068104717403	24.662356781668056	0.006400819304871024
75.0	31.024771170709855	31.248799846380336	12.968059911668695	24.751968251936248	0.006400819304871024
76.0	30.992767074185494	31.26800230429495	13.032068104717403	24.70076169749728	0.006400819304871024
77.0	30.97996543557575	31.30640722012418	13.01286564680279	24.69436087819241	0.006400819304871024
78.0	31.031171990014723	31.293605581514434	12.993663188888178	24.675158420277796	0.006400819304871024
79.0	30.935159700441655	31.27440312359982	12.987262369583307	24.796773987070345	0.006400819304871024
80.0	30.92235806183192	31.351212955258273	13.032068104717403	24.687960058887537	0.006400819304871024
81.0	31.024771170709855	31.223196569160855	12.980861550278435	24.764769890545992	0.006400819304871024
82.0	30.877552326697817	31.344812135953404	13.07047302054663	24.70076169749728	0.006400819304871024
83.0	30.992767074185494	31.33841131664853	12.993663188888178	24.668757600972924	0.006400819304871024
84.0	30.89675478461243	31.287204762209562	13.038468924022276	24.77117070985086	0.006400819304871024
85.0	30.986366254880625	31.344812135953404	12.94245663444921	24.71996415541189	0.006400819304871024
86.0	30.941560519746524	31.344812135953404	13.038468924022276	24.668757600972924	0.006400819304871024
87.0	30.967163796966013	31.30640722012418	12.936055815144337	24.783972348460605	0.006400819304871024
88.0	30.864750688088076	31.396018690392367	13.064072201241759	24.668757600972924	0.006400819304871024
89.0	30.97996543557575	31.376816232477754	12.961659092363822	24.675158420277796	0.006400819304871024
90.0	30.88395314600269	31.319208858733916	13.083274659156372	24.70716251680215	0.006400819304871024
91.0	30.960762977661137	31.33201049734366	12.993663188888178	24.70716251680215	0.006400819304871024
92.0	30.915957242527043	31.38321705178263	13.019266466107663	24.675158420277796	0.006400819304871024
93.0	30.935159700441655	31.434423606221596	12.891250080010241	24.732765794021635	0.006400819304871024
94.0	30.960762977661137	31.287204762209562	13.01286564680279	24.732765794021635	0.006400819304871024
95.0	30.941560519746524	31.428022786916728	12.904051718619982	24.71996415541189	0.006400819304871024
96.0	30.89035396530756	31.319208858733916	13.01286564680279	24.77117070985086	0.006400819304871024
97.0	30.877552326697817	31.517634257184916	12.916853357229726	24.68155923958267	0.006400819304871024
98.0	30.93073870183075	31.378824734348992	12.99449494302906	24.695941620791192	0.0
