# Position (bp)	A	C	G	T	N
0.0	31.015769648215542	31.36053118815042	12.915788801634426	24.70152588903786	0.006384472961757006
1.0	30.84977335120986	31.40522249888272	13.056247206793078	24.68237247015259	0.006384472961757006
2.0	30.939155972674452	31.386069079997448	12.954095639404967	24.714294834961372	0.006384472961757006
3.0	30.830619932324588	31.469067228500286	13.043478260869565	24.650450105343804	0.006384472961757006
4.0	30.951924918597967	31.430760390729745	12.94771116644321	24.66321905126732	0.006384472961757006
5.0	30.86892677009513	31.379684607035692	13.030709314946051	24.714294834961372	0.006384472961757006
6.0	31.028538594139054	31.44352933665326	12.934942220519696	24.586605375726233	0.006384472961757006
7.0	30.86892677009513	31.44352933665326	13.005171423099023	24.67598799719083	0.006384472961757006
8.0	30.977462810445	31.386069079997448	12.922173274596183	24.707910361999616	0.006384472961757006
9.0	30.760390729745257	31.469067228500286	13.043478260869565	24.72067930792313	0.006384472961757006
10.0	31.022154121177298	31.34137776926515	12.922173274596183	24.707910361999616	0.006384472961757006
11.0	30.798697567515802	31.39883802592096	13.043478260869565	24.752601672731917	0.006384472961757006
12.0	30.99661622933027	31.34137776926515	12.934942220519696	24.72067930792313	0.006384472961757006
13.0	30.843388878248103	31.39883802592096	13.075400625678348	24.67598799719083	0.006384472961757006
14.0	30.951924918597967	31.296686458532847	12.973249058290238	24.771755091617187	0.006384472961757006
15.0	30.862542297133373	31.386069079997448	13.043478260869565	24.70152588903786	0.006384472961757006
16.0	30.92638702675094	31.33499329630339	13.01155589606078	24.72067930792313	0.006384472961757006
17.0	30.875311243056885	31.347762242226906	13.030709314946051	24.7398327268084	0.006384472961757006
18.0	30.920002553789182	31.30945540445636	12.998786950137267	24.76537061865543	0.006384472961757006
19.0	30.920002553789182	31.328608823341632	13.088169571601865	24.65683457830556	0.006384472961757006
20.0	30.8880801889804	31.36053118815042	13.043478260869565	24.70152588903786	0.006384472961757006
21.0	30.84977335120986	31.26476409372406	13.056247206793078	24.822830875311244	0.006384472961757006
22.0	30.990231756368512	31.277533039647576	13.037093787907809	24.688756943114345	0.006384472961757006
23.0	30.8880801889804	31.303070931494602	13.056247206793078	24.74621719977016	0.006384472961757006
24.0	30.958309391559723	31.258379620762305	13.049862733831322	24.72706378088489	0.006384472961757006
25.0	30.8880801889804	31.322224350379873	13.081785098640108	24.70152588903786	0.006384472961757006
26.0	30.94554044563621	31.315839877418117	13.01155589606078	24.72067930792313	0.006384472961757006
27.0	30.913618080827426	31.373300134073933	13.01155589606078	24.6951414160761	0.006384472961757006
28.0	30.894464661942155	31.373300134073933	12.99240247717551	24.733448253846646	0.006384472961757006
29.0	30.964693864521486	31.322224350379873	13.017940369022538	24.688756943114345	0.006384472961757006
30.0	30.90723360786567	31.33499329630339	13.056247206793078	24.6951414160761	0.006384472961757006
31.0	30.964693864521486	31.277533039647576	13.049862733831322	24.70152588903786	0.006384472961757006
32.0	30.977462810445	31.347762242226906	13.017940369022538	24.650450105343804	0.006384472961757006
33.0	30.932771499712697	31.33499329630339	13.081785098640108	24.64406563238205	0.006384472961757006
34.0	31.015769648215542	31.258379620762305	13.062631679754835	24.65683457830556	0.006384472961757006
35.0	30.875311243056885	31.39883802592096	13.037093787907809	24.68237247015259	0.006384472961757006
36.0	30.983847283406757	31.315839877418117	13.030709314946051	24.66321905126732	0.006384472961757006
37.0	30.920002553789182	31.28391751260933	13.037093787907809	24.752601672731917	0.006384472961757006
38.0	30.983847283406757	31.373300134073933	12.986018004213754	24.650450105343804	0.006384472961757006
39.0	30.94554044563621	31.277533039647576	13.017940369022538	24.752601672731917	0.006384472961757006
40.0	31.06046095894784	31.303070931494602	12.954095639404967	24.67598799719083	0.006384472961757006
41.0	30.939155972674452	31.277533039647576	13.145629828257677	24.631296686458533	0.006384472961757006
42.0	31.047692013024324	31.296686458532847	12.960480112366724	24.688756943114345	0.006384472961757006
43.0	30.951924918597967	31.315839877418117	13.062631679754835	24.66321905126732	0.006384472961757006
44.0	30.964693864521486	31.41799144480623	12.960480112366724	24.650450105343804	0.006384472961757006
45.0	30.951924918597967	31.29030198557109	13.017940369022538	24.733448253846646	0.006384472961757006
46.0	30.958309391559723	31.366915661112177	13.043478260869565	24.624912213496774	0.006384472961757006
47.0	30.913618080827426	31.29030198557109	13.069016152716593	24.72067930792313	0.006384472961757006
48.0	31.028538594139054	31.27114856668582	13.024324841984294	24.669603524229075	0.006384472961757006
49.0	31.009385175253783	31.322224350379873	13.069016152716593	24.592989848687992	0.006384472961757006
50.0	31.015769648215542	31.194534891144738	13.030709314946051	24.752601672731917	0.006384472961757006
51.0	30.958309391559723	31.303070931494602	12.979633531251993	24.752601672731917	0.006384472961757006
52.0	31.022154121177298	31.29030198557109	12.998786950137267	24.68237247015259	0.006384472961757006
53.0	30.958309391559723	31.30945540445636	13.017940369022538	24.707910361999616	0.006384472961757006
54.0	31.009385175253783	31.296686458532847	12.998786950137267	24.688756943114345	0.006384472961757006
55.0	30.94554044563621	31.315839877418117	13.024324841984294	24.707910361999616	0.006384472961757006
56.0	30.958309391559723	31.27114856668582	13.024324841984294	24.7398327268084	0.006384472961757006
57.0	30.951924918597967	31.33499329630339	13.043478260869565	24.66321905126732	0.006384472961757006
58.0	30.977462810445	31.379684607035692	12.973249058290238	24.66321905126732	0.006384472961757006
59.0	30.977462810445	31.22645725595352	13.062631679754835	24.72706378088489	0.006384472961757006
60.0	30.97107833748324	31.411606971844474	12.96686458532848	24.64406563238205	0.006384472961757006
61.0	30.939155972674452	31.33499329630339	12.998786950137267	24.72067930792313	0.006384472961757006
62.0	30.990231756368512	31.33499329630339	12.99240247717551	24.67598799719083	0.006384472961757006
63.0	30.951924918597967	31.315839877418117	12.979633531251993	24.74621719977016	0.006384472961757006
64.0	31.015769648215542	31.36053118815042	12.909404328672668	24.707910361999616	0.006384472961757006
65.0	30.964693864521486	31.347762242226906	12.99240247717551	24.688756943114345	0.006384472961757006
66.0	30.94554044563621	31.411606971844474	12.973249058290238	24.66321905126732	0.006384472961757006
67.0	30.990231756368512	31.366915661112177	12.986018004213754	24.650450105343804	0.006384472961757006
68.0	30.92638702675094	31.34137776926515	12.954095639404967	24.771755091617187	0.006384472961757006
69.0	31.05407648598608	31.328608823341632	12.934942220519696	24.67598799719083	0.006384472961757006
70.0	31.022154121177298	31.296686458532847	12.973249058290238	24.70152588903786	0.006384472961757006
71.0	30.990231756368512	31.40522249888272	12.941326693481454	24.65683457830556	0.006384472961757006
72.0	30.951924918597967	31.4371448636915	12.941326693481454	24.66321905126732	0.006384472961757006
73.0	31.003000702292027	31.392453552959203	12.922173274596183	24.67598799719083	0.006384472961757006
74.0	30.94554044563621	31.366915661112177	13.01155589606078	24.669603524229075	0.006384472961757006
75.0	31.034923067100813	31.277533039647576	12.934942220519696	24.74621719977016	0.006384472961757006
76.0	31.009385175253783	31.277533039647576	13.005171423099023	24.70152588903786	0.006384472961757006
77.0	30.990231756368512	31.328608823341632	12.979633531251993	24.6951414160761	0.006384472961757006
78.0	31.04130754006257	31.303070931494602	12.96686458532848	24.68237247015259	0.006384472961757006
79.0	30.958309391559723	31.277533039647576	12.960480112366724	24.797292983464214	0.006384472961757006
80.0	30.939155972674452	31.366915661112177	13.005171423099023	24.68237247015259	0.006384472961757006
81.0	31.022154121177298	31.239226201877035	12.954095639404967	24.778139564578943	0.006384472961757006
82.0	30.875311243056885	31.366915661112177	13.049862733831322	24.70152588903786	0.006384472961757006
83.0	31.009385175253783	31.354146715188662	12.979633531251993	24.650450105343804	0.006384472961757006
84.0	30.92638702675094	31.29030198557109	13.017940369022538	24.758986145693672	0.006384472961757006
85.0	31.003000702292027	31.373300134073933	12.915788801634426	24.70152588903786	0.006384472961757006
86.0	30.958309391559723	31.347762242226906	13.017940369022538	24.669603524229075	0.006384472961757006
87.0	30.964693864521486	31.322224350379873	12.915788801634426	24.790908510502458	0.006384472961757006
88.0	30.88169571601864	31.411606971844474	13.043478260869565	24.65683457830556	0.006384472961757006
89.0	30.983847283406757	31.379684607035692	12.94771116644321	24.68237247015259	0.006384472961757006
90.0	30.894464661942155	31.322224350379873	13.069016152716593	24.707910361999616	0.006384472961757006
91.0	30.964693864521486	31.347762242226906	12.973249058290238	24.707910361999616	0.006384472961757006
92.0	30.92638702675094	31.386069079997448	13.005171423099023	24.67598799719083	0.006384472961757006
93.0	30.94554044563621	31.4371448636915	12.871097490902125	24.7398327268084	0.006384472961757006
94.0	30.958309391559723	31.296686458532847	12.99240247717551	24.74621719977016	0.006384472961757006
95.0	30.958309391559723	31.42437591776799	12.877481963863882	24.733448253846646	0.006384472961757006
96.0	30.90723360786567	31.30945540445636	12.99240247717551	24.7845240375407	0.006384472961757006
97.0	30.90723360786567	31.500989593309072	12.903019855710912	24.68237247015259	0.006384472961757006
98.0	30.947516281445537	31.388073043034094	12.967692504150172	24.696718171370197	0.0
