# Position (bp)	A	C	G	T	N
0.0	31.026757137370375	31.39802842145692	12.885674049417489	24.683139162719243	0.0064012290359749075
1.0	30.860325182435027	31.417232108564846	13.04570477531686	24.67033670464729	0.0064012290359749075
2.0	30.93073870183075	31.410830879528866	12.943285110741263	24.70874407886314	0.0064012290359749075
3.0	30.873127640506976	31.468441940852642	13.013698630136986	24.638330559467416	0.0064012290359749075
4.0	30.9435411599027	31.44923825374472	12.936883881705288	24.663935475611318	0.0064012290359749075
5.0	30.866726411471003	31.417232108564846	13.020099859172962	24.689540391755216	0.0064012290359749075
6.0	31.026757137370375	31.46204071181667	12.936883881705288	24.567917040071695	0.0064012290359749075
7.0	30.879528869542956	31.468441940852642	12.99449494302906	24.65113301753937	0.0064012290359749075
8.0	30.98194853411855	31.404429650492894	12.917680194597365	24.689540391755216	0.0064012290359749075
9.0	30.78351043400333	31.48764562796057	13.039303546280886	24.683139162719243	0.0064012290359749075
10.0	31.020355908334402	31.366022276277043	12.917680194597365	24.689540391755216	0.0064012290359749075
11.0	30.809115350147227	31.410830879528866	13.052106004352837	24.72154653693509	0.0064012290359749075
12.0	31.001152221226473	31.366022276277043	12.930482652669312	24.695941620791192	0.0064012290359749075
13.0	30.8411214953271	31.404429650492894	13.077710920496735	24.67033670464729	0.0064012290359749075
14.0	30.9691460760466	31.308411214953267	12.968890026885163	24.747151453078992	0.0064012290359749075
15.0	30.860325182435027	31.39802842145692	13.04570477531686	24.689540391755216	0.0064012290359749075
16.0	30.93073870183075	31.346818589169125	13.013698630136986	24.702342849827165	0.0064012290359749075
17.0	30.8411214953271	31.35962104724107	13.052106004352837	24.740750224043015	0.0064012290359749075
18.0	30.879528869542956	31.33401613109717	13.013698630136986	24.766355140186917	0.0064012290359749075
19.0	30.92433747279478	31.327614902061196	13.077710920496735	24.663935475611318	0.0064012290359749075
20.0	30.860325182435027	31.35962104724107	13.04570477531686	24.727947765971066	0.0064012290359749075
21.0	30.866726411471003	31.25720138266547	13.04570477531686	24.82396620151069	0.0064012290359749075
22.0	30.975547305082575	31.276405069773393	13.04570477531686	24.695941620791192	0.0064012290359749075
23.0	30.860325182435027	31.321213673025223	13.052106004352837	24.75995391115094	0.0064012290359749075
24.0	30.949942388938677	31.2508001536295	13.04570477531686	24.747151453078992	0.0064012290359749075
25.0	30.860325182435027	31.340417360133145	13.077710920496735	24.715145307899117	0.0064012290359749075
26.0	30.93073870183075	31.282806298809373	13.013698630136986	24.766355140186917	0.0064012290359749075
27.0	30.88593009857893	31.378824734348992	13.026501088208937	24.702342849827165	0.0064012290359749075
28.0	30.879528869542956	31.35962104724107	12.99449494302906	24.75995391115094	0.0064012290359749075
29.0	30.9435411599027	31.314812443989247	13.026501088208937	24.70874407886314	0.0064012290359749075
30.0	30.879528869542956	31.35962104724107	13.039303546280886	24.715145307899117	0.0064012290359749075
31.0	30.92433747279478	31.263602611701447	13.064908462424786	24.740750224043015	0.0064012290359749075
32.0	30.949942388938677	31.35962104724107	13.020099859172962	24.663935475611318	0.0064012290359749075
33.0	30.917936243758803	31.321213673025223	13.077710920496735	24.676737933683267	0.0064012290359749075
34.0	30.9947509921905	31.263602611701447	13.071309691460762	24.663935475611318	0.0064012290359749075
35.0	30.860325182435027	31.410830879528866	13.020099859172962	24.702342849827165	0.0064012290359749075
36.0	30.9691460760466	31.302009985917294	13.03290231724491	24.689540391755216	0.0064012290359749075
37.0	30.90513378568685	31.302009985917294	13.026501088208937	24.75995391115094	0.0064012290359749075
38.0	30.9691460760466	31.37242350531302	12.99449494302906	24.65753424657534	0.0064012290359749075
39.0	30.90513378568685	31.29560875688132	13.020099859172962	24.77275636922289	0.0064012290359749075
40.0	31.020355908334402	31.302009985917294	12.968890026885163	24.702342849827165	0.0064012290359749075
41.0	30.911535014722823	31.28920752784535	13.148124439892458	24.644731788503393	0.0064012290359749075
42.0	31.026757137370375	31.28920752784535	12.968890026885163	24.70874407886314	0.0064012290359749075
43.0	30.92433747279478	31.340417360133145	13.058507233388811	24.67033670464729	0.0064012290359749075
44.0	30.937139930866724	31.410830879528866	12.956087568813214	24.689540391755216	0.0064012290359749075
45.0	30.93073870183075	31.29560875688132	13.020099859172962	24.747151453078992	0.0064012290359749075
46.0	30.937139930866724	31.35962104724107	13.04570477531686	24.65113301753937	0.0064012290359749075
47.0	30.873127640506976	31.302009985917294	13.071309691460762	24.747151453078992	0.0064012290359749075
48.0	31.001152221226473	31.276405069773393	13.03290231724491	24.683139162719243	0.0064012290359749075
49.0	30.975547305082575	31.314812443989247	13.077710920496735	24.62552810139547	0.0064012290359749075
50.0	31.020355908334402	31.212392779413644	13.039303546280886	24.72154653693509	0.0064012290359749075
51.0	30.92433747279478	31.321213673025223	12.988093713993088	24.75995391115094	0.0064012290359749075
52.0	31.001152221226473	31.308411214953267	13.013698630136986	24.67033670464729	0.0064012290359749075
53.0	30.937139930866724	31.33401613109717	13.026501088208937	24.695941620791192	0.0064012290359749075
54.0	30.988349763154527	31.321213673025223	13.007297401101011	24.676737933683267	0.0064012290359749075
55.0	30.937139930866724	31.327614902061196	13.03290231724491	24.695941620791192	0.0064012290359749075
56.0	30.92433747279478	31.29560875688132	13.04570477531686	24.727947765971066	0.0064012290359749075
57.0	30.949942388938677	31.366022276277043	13.052106004352837	24.62552810139547	0.0064012290359749075
58.0	30.949942388938677	31.410830879528866	12.988093713993088	24.644731788503393	0.0064012290359749075
59.0	30.9691460760466	31.263602611701447	13.077710920496735	24.683139162719243	0.0064012290359749075
60.0	30.962744847010626	31.44923825374472	12.975291255921137	24.606324414287542	0.0064012290359749075
61.0	30.911535014722823	31.385225963384972	13.013698630136986	24.683139162719243	0.0064012290359749075
62.0	30.9691460760466	31.378824734348992	13.000896172065035	24.644731788503393	0.0064012290359749075
63.0	30.92433747279478	31.366022276277043	13.000896172065035	24.702342849827165	0.0064012290359749075
64.0	31.00755345026245	31.391627192420945	12.930482652669312	24.663935475611318	0.0064012290359749075
65.0	30.92433747279478	31.391627192420945	13.007297401101011	24.67033670464729	0.0064012290359749075
66.0	30.956343617974653	31.436435795672768	12.99449494302906	24.606324414287542	0.0064012290359749075
67.0	30.93073870183075	31.42363333760082	13.020099859172962	24.61912687235949	0.0064012290359749075
68.0	30.90513378568685	31.391627192420945	12.975291255921137	24.72154653693509	0.0064012290359749075
69.0	31.020355908334402	31.37242350531302	12.962488797849186	24.638330559467416	0.0064012290359749075
70.0	30.9691460760466	31.353219818205098	13.000896172065035	24.67033670464729	0.0064012290359749075
71.0	30.962744847010626	31.44923825374472	12.956087568813214	24.62552810139547	0.0064012290359749075
72.0	30.937139930866724	31.468441940852642	12.968890026885163	24.61912687235949	0.0064012290359749075
73.0	30.9691460760466	31.44283702470874	12.949686339777235	24.631929330431444	0.0064012290359749075
74.0	30.8923313276149	31.436435795672768	13.039303546280886	24.62552810139547	0.0064012290359749075
75.0	31.00755345026245	31.33401613109717	12.968890026885163	24.683139162719243	0.0064012290359749075
76.0	30.9691460760466	31.33401613109717	13.03290231724491	24.65753424657534	0.0064012290359749075
77.0	30.956343617974653	31.378824734348992	13.013698630136986	24.644731788503393	0.0064012290359749075
78.0	31.03315836640635	31.33401613109717	13.000896172065035	24.62552810139547	0.0064012290359749075
79.0	30.917936243758803	31.340417360133145	12.99449494302906	24.740750224043015	0.0064012290359749075
80.0	30.93073870183075	31.39802842145692	13.03290231724491	24.631929330431444	0.0064012290359749075
81.0	30.9947509921905	31.282806298809373	12.99449494302906	24.72154653693509	0.0064012290359749075
82.0	30.879528869542956	31.404429650492894	13.071309691460762	24.638330559467416	0.0064012290359749075
83.0	30.988349763154527	31.378824734348992	13.000896172065035	24.62552810139547	0.0064012290359749075
84.0	30.898732556650877	31.353219818205098	13.039303546280886	24.702342849827165	0.0064012290359749075
85.0	30.988349763154527	31.385225963384972	12.949686339777235	24.67033670464729	0.0064012290359749075
86.0	30.93073870183075	31.410830879528866	13.04570477531686	24.606324414287542	0.0064012290359749075
87.0	30.962744847010626	31.35962104724107	12.943285110741263	24.727947765971066	0.0064012290359749075
88.0	30.84752272436308	31.455639482780697	13.071309691460762	24.61912687235949	0.0064012290359749075
89.0	30.98194853411855	31.42363333760082	12.975291255921137	24.612725643323518	0.0064012290359749075
90.0	30.88593009857893	31.353219818205098	13.09691460760466	24.65753424657534	0.0064012290359749075
91.0	30.962744847010626	31.378824734348992	13.000896172065035	24.65113301753937	0.0064012290359749075
92.0	30.90513378568685	31.42363333760082	13.03290231724491	24.631929330431444	0.0064012290359749075
93.0	30.937139930866724	31.481244398924595	12.898476507489438	24.676737933683267	0.0064012290359749075
94.0	30.9691460760466	31.308411214953267	13.020099859172962	24.695941620791192	0.0064012290359749075
95.0	30.949942388938677	31.468441940852642	12.904877736525414	24.67033670464729	0.0064012290359749075
96.0	30.8923313276149	31.366022276277043	13.020099859172962	24.715145307899117	0.0064012290359749075
97.0	30.8923313276149	31.54525668928434	12.924081423633337	24.631929330431444	0.0064012290359749075
98.0	30.939120414826192	31.41924332629153	12.995326803661738	24.646309455220536	0.0
