# Position (bp)	A	C	G	T	N
0.0	31.060315021129465	31.399667050838776	12.920988602894095	24.61262645665258	0.006402868485081316
1.0	30.874631835062104	31.457292867204504	13.04264310411064	24.61902932513766	0.006402868485081316
2.0	30.970674862338328	31.399667050838776	12.972211550774748	24.65104366756307	0.006402868485081316
3.0	30.88103470354719	31.495710078114996	13.055448841080805	24.561403508771928	0.006402868485081316
4.0	30.98988346779357	31.482904341144835	12.946600076834422	24.574209245742093	0.006402868485081316
5.0	30.900243309002434	31.4252785247791	13.04264310411064	24.625432193622743	0.006402868485081316
6.0	31.041106415674225	31.495710078114996	12.946600076834422	24.51018056089128	0.006402868485081316
7.0	30.89384044051735	31.502112946600075	13.010628761685236	24.587014982712255	0.006402868485081316
8.0	30.98988346779357	31.43168139326418	12.927391471379176	24.644640799077987	0.006402868485081316
9.0	30.797797413241135	31.508515815085158	13.049045972595724	24.638237930592904	0.006402868485081316
10.0	31.034703547189142	31.40606991932386	12.920988602894095	24.631835062107825	0.006402868485081316
11.0	30.817006018696375	31.45088999871943	13.04264310411064	24.683058009988475	0.006402868485081316
12.0	31.015494941733895	31.393264182353693	12.94019720834934	24.644640799077987	0.006402868485081316
13.0	30.861826098091942	31.438084261749268	13.081060315021128	24.61262645665258	0.006402868485081316
14.0	30.97707773082341	31.342041234473044	12.978614419259829	24.695863746958636	0.006402868485081316
15.0	30.88103470354719	31.438084261749268	13.049045972595724	24.625432193622743	0.006402868485081316
16.0	30.945063388398005	31.380458445383532	13.017031630170317	24.65104366756307	0.006402868485081316
17.0	30.88103470354719	31.399667050838776	13.04264310411064	24.670252273018313	0.006402868485081316
18.0	30.925854782942757	31.342041234473044	13.004225893200152	24.721475220898963	0.006402868485081316
19.0	30.95146625688308	31.374055576898453	13.087463183506209	24.580612114227172	0.006402868485081316
20.0	30.900243309002434	31.40606991932386	13.04264310411064	24.644640799077987	0.006402868485081316
21.0	30.887437572032272	31.303624023562556	13.04264310411064	24.759892431809448	0.006402868485081316
22.0	31.02189781021898	31.329235497502882	13.023434498655398	24.61902932513766	0.006402868485081316
23.0	30.88103470354719	31.36124983992829	13.049045972595724	24.70226661544372	0.006402868485081316
24.0	30.97707773082341	31.310026892047638	13.029837367140479	24.676655141503392	0.006402868485081316
25.0	30.900243309002434	31.374055576898453	13.055448841080805	24.66384940453323	0.006402868485081316
26.0	30.970674862338328	31.33563836598796	12.99142015622999	24.695863746958636	0.006402868485081316
27.0	30.913049045972596	31.4252785247791	12.99142015622999	24.66384940453323	0.006402868485081316
28.0	30.913049045972596	31.40606991932386	12.978614419259829	24.695863746958636	0.006402868485081316
29.0	30.970674862338328	31.354846971443205	12.997823024715071	24.670252273018313	0.006402868485081316
30.0	30.887437572032272	31.399667050838776	13.029837367140479	24.676655141503392	0.006402868485081316
31.0	30.95146625688308	31.342041234473044	13.017031630170317	24.683058009988475	0.006402868485081316
32.0	30.97707773082341	31.393264182353693	12.997823024715071	24.625432193622743	0.006402868485081316
33.0	30.925854782942757	31.380458445383532	13.055448841080805	24.631835062107825	0.006402868485081316
34.0	31.028300678704056	31.29081828659239	13.029837367140479	24.644640799077987	0.006402868485081316
35.0	30.874631835062104	31.46369573568959	12.997823024715071	24.65744653604815	0.006402868485081316
36.0	30.97707773082341	31.354846971443205	13.004225893200152	24.65744653604815	0.006402868485081316
37.0	30.93225765142784	31.342041234473044	13.004225893200152	24.71507235241388	0.006402868485081316
38.0	30.98988346779357	31.412472787808937	12.965808682289664	24.625432193622743	0.006402868485081316
39.0	30.919451914457678	31.3228326290178	12.997823024715071	24.75348956332437	0.006402868485081316
40.0	31.053912152644386	31.348444102958123	12.94019720834934	24.65104366756307	0.006402868485081316
41.0	30.925854782942757	31.31642976053272	13.125880394416697	24.625432193622743	0.006402868485081316
42.0	31.028300678704056	31.354846971443205	12.927391471379176	24.683058009988475	0.006402868485081316
43.0	30.93225765142784	31.367652708413367	13.029837367140479	24.66384940453323	0.006402868485081316
44.0	30.945063388398005	31.457292867204504	12.927391471379176	24.66384940453323	0.006402868485081316
45.0	30.93866051991292	31.342041234473044	12.965808682289664	24.747086694839286	0.006402868485081316
46.0	30.93866051991292	31.412472787808937	13.004225893200152	24.638237930592904	0.006402868485081316
47.0	30.88103470354719	31.342041234473044	13.023434498655398	24.747086694839286	0.006402868485081316
48.0	30.98988346779357	31.329235497502882	12.98501728774491	24.689460878473557	0.006402868485081316
49.0	30.98348059930849	31.36124983992829	13.023434498655398	24.625432193622743	0.006402868485081316
50.0	31.015494941733895	31.22678960174158	12.99142015622999	24.759892431809448	0.006402868485081316
51.0	30.925854782942757	31.354846971443205	12.94019720834934	24.772698168779613	0.006402868485081316
52.0	31.009092073248816	31.329235497502882	12.953002945319502	24.70226661544372	0.006402868485081316
53.0	30.945063388398005	31.354846971443205	12.978614419259829	24.71507235241388	0.006402868485081316
54.0	30.98348059930849	31.329235497502882	12.959405813804583	24.721475220898963	0.006402868485081316
55.0	30.93866051991292	31.354846971443205	12.972211550774748	24.727878089384046	0.006402868485081316
56.0	30.957869125368166	31.297221155077477	12.99142015622999	24.747086694839286	0.006402868485081316
57.0	30.913049045972596	31.380458445383532	13.004225893200152	24.695863746958636	0.006402868485081316
58.0	30.970674862338328	31.43168139326418	12.920988602894095	24.670252273018313	0.006402868485081316
59.0	30.96427199385325	31.271609681137146	13.023434498655398	24.734280957869125	0.006402868485081316
60.0	30.945063388398005	31.470098604174666	12.927391471379176	24.65104366756307	0.006402868485081316
61.0	30.913049045972596	31.393264182353693	12.953002945319502	24.734280957869125	0.006402868485081316
62.0	30.98348059930849	31.380458445383532	12.953002945319502	24.676655141503392	0.006402868485081316
63.0	30.925854782942757	31.374055576898453	12.94019720834934	24.75348956332437	0.006402868485081316
64.0	31.015494941733895	31.412472787808937	12.863362786528365	24.70226661544372	0.006402868485081316
65.0	30.957869125368166	31.393264182353693	12.946600076834422	24.695863746958636	0.006402868485081316
66.0	30.925854782942757	31.444487130234343	12.927391471379176	24.695863746958636	0.006402868485081316
67.0	30.970674862338328	31.41887565629402	12.94019720834934	24.66384940453323	0.006402868485081316
68.0	30.913049045972596	31.399667050838776	12.908182865923933	24.772698168779613	0.006402868485081316
69.0	31.028300678704056	31.380458445383532	12.888974260468691	24.695863746958636	0.006402868485081316
70.0	30.98988346779357	31.348444102958123	12.920988602894095	24.734280957869125	0.006402868485081316
71.0	30.970674862338328	31.45088999871943	12.901779997438853	24.670252273018313	0.006402868485081316
72.0	30.95146625688308	31.476501472659752	12.901779997438853	24.66384940453323	0.006402868485081316
73.0	30.970674862338328	31.457292867204504	12.888974260468691	24.676655141503392	0.006402868485081316
74.0	30.906646177487513	31.45088999871943	12.972211550774748	24.66384940453323	0.006402868485081316
75.0	31.002689204763733	31.342041234473044	12.888974260468691	24.759892431809448	0.006402868485081316
76.0	30.970674862338328	31.354846971443205	12.959405813804583	24.708669483928798	0.006402868485081316
77.0	30.96427199385325	31.393264182353693	12.93379433986426	24.70226661544372	0.006402868485081316
78.0	31.009092073248816	31.380458445383532	12.914585734409014	24.689460878473557	0.006402868485081316
79.0	30.919451914457678	31.354846971443205	12.901779997438853	24.817518248175183	0.006402868485081316
80.0	30.906646177487513	31.43168139326418	12.946600076834422	24.708669483928798	0.006402868485081316
81.0	30.996286336278654	31.310026892047638	12.895377128953772	24.791906774234857	0.006402868485081316
82.0	30.861826098091942	31.41887565629402	12.99142015622999	24.721475220898963	0.006402868485081316
83.0	30.98988346779357	31.40606991932386	12.914585734409014	24.683058009988475	0.006402868485081316
84.0	30.89384044051735	31.354846971443205	12.959405813804583	24.785503905749774	0.006402868485081316
85.0	30.98988346779357	31.393264182353693	12.863362786528365	24.747086694839286	0.006402868485081316
86.0	30.945063388398005	31.399667050838776	12.953002945319502	24.695863746958636	0.006402868485081316
87.0	30.95146625688308	31.354846971443205	12.882571391983607	24.80471251120502	0.006402868485081316
88.0	30.874631835062104	31.457292867204504	12.98501728774491	24.676655141503392	0.006402868485081316
89.0	30.98348059930849	31.40606991932386	12.895377128953772	24.708669483928798	0.006402868485081316
90.0	30.900243309002434	31.342041234473044	13.017031630170317	24.734280957869125	0.006402868485081316
91.0	30.97707773082341	31.374055576898453	12.914585734409014	24.727878089384046	0.006402868485081316
92.0	30.925854782942757	31.40606991932386	12.965808682289664	24.695863746958636	0.006402868485081316
93.0	30.96427199385325	31.444487130234343	12.824945575617877	24.759892431809448	0.006402868485081316
94.0	30.98348059930849	31.310026892047638	12.94019720834934	24.759892431809448	0.006402868485081316
95.0	30.96427199385325	31.438084261749268	12.837751312588038	24.75348956332437	0.006402868485081316
96.0	30.900243309002434	31.348444102958123	12.93379433986426	24.8111153796901	0.006402868485081316
97.0	30.89384044051735	31.540530157510567	12.856959918043284	24.70226661544372	0.006402868485081316
98.0	30.947044886982134	31.395274380482807	12.921815969776526	24.735864762758535	0.0
