# Position (bp)	A	C	G	T	N
0.0	31.06331376053102	31.376053101863672	12.879754914475363	24.674495787592544	0.006382435537401073
1.0	30.871840694408988	31.414347715088077	13.039315802910389	24.668113352055144	0.006382435537401073
2.0	30.980342098544806	31.388817972938472	12.918049527699772	24.70640796527955	0.006382435537401073
3.0	30.878223129946385	31.471789634924686	13.007403625223384	24.63620117436814	0.006382435537401073
4.0	30.986724534082207	31.43987745723768	12.911667092162368	24.65534848098034	0.006382435537401073
5.0	30.884605565483785	31.395200408475876	13.026550931835587	24.68726065866735	0.006382435537401073
6.0	31.050548889456213	31.452642328312486	12.911667092162368	24.57875925453153	0.006382435537401073
7.0	30.890988001021192	31.452642328312486	12.988256318611183	24.661730916517744	0.006382435537401073
8.0	30.993106969619603	31.407965279550677	12.892519785550165	24.70002552974215	0.006382435537401073
9.0	30.827163645647175	31.452642328312486	13.013786060760788	24.70002552974215	0.006382435537401073
10.0	31.031401582844016	31.350523359714067	12.911667092162368	24.70002552974215	0.006382435537401073
11.0	30.839928516721983	31.388817972938472	13.026550931835587	24.738320142966554	0.006382435537401073
12.0	31.01225427623181	31.344140924176667	12.92443196323717	24.712790400816953	0.006382435537401073
13.0	30.871840694408988	31.376053101863672	13.058463109522595	24.68726065866735	0.006382435537401073
14.0	30.986724534082207	31.293081439877458	12.949961705386775	24.76384988511616	0.006382435537401073
15.0	30.890988001021192	31.388817972938472	13.026550931835587	24.68726065866735	0.006382435537401073
16.0	30.954812356395202	31.318611182027063	13.001021189685986	24.719172836354353	0.006382435537401073
17.0	30.884605565483785	31.337758488639267	13.039315802910389	24.731937707429154	0.006382435537401073
18.0	30.929282614245597	31.299463875414858	12.975491447536381	24.789379627265763	0.006382435537401073
19.0	30.9420474853204	31.337758488639267	13.058463109522595	24.65534848098034	0.006382435537401073
20.0	30.884605565483785	31.36967066632627	13.007403625223384	24.731937707429154	0.006382435537401073
21.0	30.871840694408988	31.254786826653053	13.039315802910389	24.827674240490172	0.006382435537401073
22.0	31.00587184069441	31.273934133265254	13.007403625223384	24.70640796527955	0.006382435537401073
23.0	30.878223129946385	31.312228746489662	13.03293336737299	24.770232320653562	0.006382435537401073
24.0	30.96757722747	31.261169262190453	13.013786060760788	24.751085014041358	0.006382435537401073
25.0	30.897370436558592	31.318611182027063	13.052080673985191	24.725555271891754	0.006382435537401073
26.0	30.954812356395202	31.305846310952255	12.994638754148582	24.738320142966554	0.006382435537401073
27.0	30.916517743170797	31.356905795251468	13.007403625223384	24.712790400816953	0.006382435537401073
28.0	30.890988001021192	31.356905795251468	12.988256318611183	24.75746744957876	0.006382435537401073
29.0	30.973959663007406	31.305846310952255	13.007403625223384	24.70640796527955	0.006382435537401073
30.0	30.922900178708197	31.318611182027063	13.039315802910389	24.712790400816953	0.006382435537401073
31.0	30.96757722747	31.273934133265254	13.039315802910389	24.712790400816953	0.006382435537401073
32.0	30.980342098544806	31.331376053101863	13.013786060760788	24.668113352055144	0.006382435537401073
33.0	30.9420474853204	31.324993617564463	13.064845545059994	24.661730916517744	0.006382435537401073
34.0	31.05693132499362	31.210109777891244	13.045698238447793	24.680878223129945	0.006382435537401073
35.0	30.878223129946385	31.401582844013276	13.020168496298187	24.69364309420475	0.006382435537401073
36.0	30.993106969619603	31.286699004340058	13.013786060760788	24.70002552974215	0.006382435537401073
37.0	30.929282614245597	31.267551697727853	13.026550931835587	24.770232320653562	0.006382435537401073
38.0	31.00587184069441	31.337758488639267	12.962726576461577	24.68726065866735	0.006382435537401073
39.0	30.9420474853204	31.24840439111565	13.007403625223384	24.795762062803163	0.006382435537401073
40.0	31.06331376053102	31.267551697727853	12.949961705386775	24.712790400816953	0.006382435537401073
41.0	30.954812356395202	31.24202195557825	13.128669900434007	24.668113352055144	0.006382435537401073
42.0	31.05693132499362	31.267551697727853	12.937196834311973	24.731937707429154	0.006382435537401073
43.0	30.9611947919326	31.293081439877458	13.026550931835587	24.712790400816953	0.006382435537401073
44.0	30.973959663007406	31.36328823078887	12.943579269849376	24.712790400816953	0.006382435537401073
45.0	30.954812356395202	31.254786826653053	13.001021189685986	24.782997191728366	0.006382435537401073
46.0	30.973959663007406	31.318611182027063	13.03293336737299	24.668113352055144	0.006382435537401073
47.0	30.929282614245597	31.261169262190453	13.03293336737299	24.770232320653562	0.006382435537401073
48.0	31.05693132499362	31.222874648966048	13.007403625223384	24.70640796527955	0.006382435537401073
49.0	30.993106969619603	31.280316568802657	13.064845545059994	24.65534848098034	0.006382435537401073
50.0	31.05693132499362	31.152667858054635	13.007403625223384	24.776614756190963	0.006382435537401073
51.0	30.96757722747	31.280316568802657	12.956344140924175	24.789379627265763	0.006382435537401073
52.0	31.044166453918816	31.261169262190453	12.962726576461577	24.725555271891754	0.006382435537401073
53.0	30.954812356395202	31.324993617564463	12.975491447536381	24.738320142966554	0.006382435537401073
54.0	31.01225427623181	31.267551697727853	12.969109011998977	24.744702578503958	0.006382435537401073
55.0	30.935665049782994	31.299463875414858	12.994638754148582	24.76384988511616	0.006382435537401073
56.0	30.96757722747	31.24840439111565	13.001021189685986	24.776614756190963	0.006382435537401073
57.0	30.9611947919326	31.312228746489662	13.020168496298187	24.70002552974215	0.006382435537401073
58.0	30.993106969619603	31.36328823078887	12.949961705386775	24.68726065866735	0.006382435537401073
59.0	30.986724534082207	31.22925708450345	13.020168496298187	24.75746744957876	0.006382435537401073
60.0	30.986724534082207	31.42073015062548	12.949961705386775	24.63620117436814	0.006382435537401073
61.0	30.916517743170797	31.331376053101863	12.98187388307378	24.76384988511616	0.006382435537401073
62.0	31.00587184069441	31.312228746489662	12.98187388307378	24.69364309420475	0.006382435537401073
63.0	30.9611947919326	31.312228746489662	12.975491447536381	24.744702578503958	0.006382435537401073
64.0	31.031401582844016	31.344140924176667	12.905284656624968	24.712790400816953	0.006382435537401073
65.0	30.9611947919326	31.344140924176667	12.988256318611183	24.70002552974215	0.006382435537401073
66.0	30.986724534082207	31.36328823078887	12.975491447536381	24.668113352055144	0.006382435537401073
67.0	30.986724534082207	31.356905795251468	12.988256318611183	24.661730916517744	0.006382435537401073
68.0	30.9420474853204	31.331376053101863	12.943579269849376	24.776614756190963	0.006382435537401073
69.0	31.050548889456213	31.331376053101863	12.930814398774574	24.680878223129945	0.006382435537401073
70.0	31.01225427623181	31.299463875414858	12.962726576461577	24.719172836354353	0.006382435537401073
71.0	30.96757722747	31.407965279550677	12.930814398774574	24.68726065866735	0.006382435537401073
72.0	30.9611947919326	31.42073015062548	12.943579269849376	24.668113352055144	0.006382435537401073
73.0	30.99948940515701	31.376053101863672	12.92443196323717	24.69364309420475	0.006382435537401073
74.0	30.929282614245597	31.401582844013276	13.020168496298187	24.64258360990554	0.006382435537401073
75.0	31.025019147306608	31.286699004340058	12.937196834311973	24.744702578503958	0.006382435537401073
76.0	30.986724534082207	31.293081439877458	13.001021189685986	24.712790400816953	0.006382435537401073
77.0	30.96757722747	31.344140924176667	12.975491447536381	24.70640796527955	0.006382435537401073
78.0	31.044166453918816	31.299463875414858	12.969109011998977	24.680878223129945	0.006382435537401073
79.0	30.9484299208578	31.280316568802657	12.956344140924175	24.808526933877967	0.006382435537401073
80.0	30.935665049782994	31.36967066632627	13.007403625223384	24.680878223129945	0.006382435537401073
81.0	31.00587184069441	31.273934133265254	12.943579269849376	24.770232320653562	0.006382435537401073
82.0	30.884605565483785	31.36967066632627	13.039315802910389	24.70002552974215	0.006382435537401073
83.0	31.01225427623181	31.344140924176667	12.956344140924175	24.680878223129945	0.006382435537401073
84.0	30.916517743170797	31.318611182027063	13.007403625223384	24.751085014041358	0.006382435537401073
85.0	30.980342098544806	31.382435537401072	12.905284656624968	24.725555271891754	0.006382435537401073
86.0	30.9420474853204	31.395200408475876	13.001021189685986	24.65534848098034	0.006382435537401073
87.0	30.973959663007406	31.318611182027063	12.905284656624968	24.795762062803163	0.006382435537401073
88.0	30.865458258871588	31.42711258616288	13.039315802910389	24.661730916517744	0.006382435537401073
89.0	30.993106969619603	31.388817972938472	12.930814398774574	24.680878223129945	0.006382435537401073
90.0	30.897370436558592	31.331376053101863	13.064845545059994	24.70002552974215	0.006382435537401073
91.0	30.973959663007406	31.356905795251468	12.975491447536381	24.68726065866735	0.006382435537401073
92.0	30.922900178708197	31.388817972938472	12.994638754148582	24.68726065866735	0.006382435537401073
93.0	30.954812356395202	31.446259892775082	12.86699004340056	24.725555271891754	0.006382435537401073
94.0	30.980342098544806	31.286699004340058	12.988256318611183	24.738320142966554	0.006382435537401073
95.0	30.986724534082207	31.43987745723768	12.86699004340056	24.70002552974215	0.006382435537401073
96.0	30.91013530763339	31.337758488639267	12.988256318611183	24.75746744957876	0.006382435537401073
97.0	30.91013530763339	31.5356139902987	12.879754914475363	24.668113352055144	0.006382435537401073
98.0	30.969553839280017	31.409970000638282	12.950788281100403	24.669687878981296	0.0
