# Position (bp)	A	C	G	T	N
0.0	31.050752359092073	31.36954858454476	12.898495281815864	24.674827850038255	0.006375924509053813
1.0	30.88497832185667	31.407804131599082	13.038765621015047	24.662076001020147	0.006375924509053813
2.0	30.980617189492477	31.36954858454476	12.949502677888294	24.693955623565415	0.006375924509053813
3.0	30.897730170874777	31.45881152767151	13.026013771996938	24.611068604947718	0.006375924509053813
4.0	30.993369038510583	31.426931905126242	12.936750828870187	24.636572302983932	0.006375924509053813
5.0	30.88497832185667	31.401428207090028	13.026013771996938	24.68120377454731	0.006375924509053813
6.0	31.05712828360112	31.446059678653405	12.930374904361134	24.560061208875286	0.006375924509053813
7.0	30.897730170874777	31.439683754144347	12.99413414945167	24.662076001020147	0.006375924509053813
8.0	30.993369038510583	31.38867635807192	12.917623055343025	24.693955623565415	0.006375924509053813
9.0	30.80209130323897	31.45881152767151	13.038765621015047	24.693955623565415	0.006375924509053813
10.0	31.025248661055855	31.3504208110176	12.923998979852078	24.693955623565415	0.006375924509053813
11.0	30.82121907676613	31.401428207090028	13.0451415455241	24.725835246110687	0.006375924509053813
12.0	31.00612088752869	31.3504208110176	12.936750828870187	24.70033154807447	0.006375924509053813
13.0	30.8530986993114	31.395052282580977	13.077021168069368	24.668451925529205	0.006375924509053813
14.0	30.967865340474372	31.28666156592706	12.975006375924508	24.764090793165007	0.006375924509053813
15.0	30.878602397347617	31.382300433562865	13.0451415455241	24.687579699056364	0.006375924509053813
16.0	30.9359857179291	31.331293037490436	13.006885998469778	24.719459321601633	0.006375924509053813
17.0	30.86585054832951	31.35679673552665	13.038765621015047	24.73221117061974	0.006375924509053813
18.0	30.910482019892882	31.318541188472327	12.99413414945167	24.770466717674065	0.006375924509053813
19.0	30.942361642438154	31.331293037490436	13.070645243560316	24.649324152002038	0.006375924509053813
20.0	30.891354246365722	31.375924509053814	13.019637847487886	24.706707472583524	0.006375924509053813
21.0	30.878602397347617	31.2675337923999	13.038765621015047	24.808722264728384	0.006375924509053813
22.0	31.00612088752869	31.28666156592706	13.026013771996938	24.674827850038255	0.006375924509053813
23.0	30.878602397347617	31.32491711298138	13.0451415455241	24.744963019637847	0.006375924509053813
24.0	30.967865340474372	31.254781943381793	13.032389696505994	24.738587095128793	0.006375924509053813
25.0	30.878602397347617	31.331293037490436	13.070645243560316	24.71308339709258	0.006375924509053813
26.0	30.94873756694721	31.299413414945164	13.000510073960726	24.744963019637847	0.006375924509053813
27.0	30.916857944401936	31.363172660035705	13.006885998469778	24.706707472583524	0.006375924509053813
28.0	30.897730170874777	31.363172660035705	12.987758224942617	24.744963019637847	0.006375924509053813
29.0	30.967865340474372	31.318541188472327	13.000510073960726	24.706707472583524	0.006375924509053813
30.0	30.916857944401936	31.34404488650854	13.032389696505994	24.70033154807447	0.006375924509053813
31.0	30.95511349145626	31.280285641418004	13.038765621015047	24.719459321601633	0.006375924509053813
32.0	30.980617189492477	31.337668961999487	13.013261922978833	24.662076001020147	0.006375924509053813
33.0	30.942361642438154	31.337668961999487	13.064269319051263	24.649324152002038	0.006375924509053813
34.0	31.018872736546797	31.24840601887274	13.051517470033156	24.674827850038255	0.006375924509053813
35.0	30.878602397347617	31.407804131599082	13.013261922978833	24.693955623565415	0.006375924509053813
36.0	30.986993114001532	31.299413414945164	13.013261922978833	24.693955623565415	0.006375924509053813
37.0	30.92960979342005	31.280285641418004	13.019637847487886	24.764090793165007	0.006375924509053813
38.0	30.993369038510583	31.35679673552665	12.975006375924508	24.668451925529205	0.006375924509053813
39.0	30.9359857179291	31.261157867890844	13.006885998469778	24.789594491201225	0.006375924509053813
40.0	31.050752359092073	31.280285641418004	12.949502677888294	24.71308339709258	0.006375924509053813
41.0	30.94873756694721	31.24203009436368	13.121652639632748	24.68120377454731	0.006375924509053813
42.0	31.050752359092073	31.273909716908953	12.936750828870187	24.73221117061974	0.006375924509053813
43.0	30.94873756694721	31.312165263963276	13.026013771996938	24.706707472583524	0.006375924509053813
44.0	30.967865340474372	31.395052282580977	12.923998979852078	24.706707472583524	0.006375924509053813
45.0	30.961489415965314	31.293037490436117	12.968630451415455	24.770466717674065	0.006375924509053813
46.0	30.961489415965314	31.35679673552665	13.000510073960726	24.674827850038255	0.006375924509053813
47.0	30.916857944401936	31.293037490436117	13.026013771996938	24.757714868655956	0.006375924509053813
48.0	31.03800051007396	31.2675337923999	12.99413414945167	24.693955623565415	0.006375924509053813
49.0	31.00612088752869	31.305789339454222	13.038765621015047	24.642948227492987	0.006375924509053813
50.0	31.03800051007396	31.191022698291253	13.000510073960726	24.764090793165007	0.006375924509053813
51.0	30.961489415965314	31.299413414945164	12.949502677888294	24.78321856669217	0.006375924509053813
52.0	31.018872736546797	31.28666156592706	12.975006375924508	24.71308339709258	0.006375924509053813
53.0	30.95511349145626	31.318541188472327	12.99413414945167	24.725835246110687	0.006375924509053813
54.0	31.00612088752869	31.28666156592706	12.981382300433564	24.719459321601633	0.006375924509053813
55.0	30.942361642438154	31.312165263963276	13.000510073960726	24.738587095128793	0.006375924509053813
56.0	30.967865340474372	31.273909716908953	13.000510073960726	24.7513389441469	0.006375924509053813
57.0	30.967865340474372	31.337668961999487	13.019637847487886	24.668451925529205	0.006375924509053813
58.0	30.999744963019637	31.382300433562865	12.936750828870187	24.674827850038255	0.006375924509053813
59.0	30.993369038510583	31.229278245345576	13.032389696505994	24.738587095128793	0.006375924509053813
60.0	30.999744963019637	31.420555980617188	12.930374904361134	24.642948227492987	0.006375924509053813
61.0	30.9359857179291	31.35679673552665	12.962254526906403	24.738587095128793	0.006375924509053813
62.0	30.999744963019637	31.34404488650854	12.955878602397346	24.693955623565415	0.006375924509053813
63.0	30.961489415965314	31.32491711298138	12.955878602397346	24.7513389441469	0.006375924509053813
64.0	31.025248661055855	31.363172660035705	12.885743432797755	24.719459321601633	0.006375924509053813
65.0	30.961489415965314	31.35679673552665	12.968630451415455	24.706707472583524	0.006375924509053813
66.0	30.961489415965314	31.401428207090028	12.949502677888294	24.68120377454731	0.006375924509053813
67.0	30.980617189492477	31.375924509053814	12.968630451415455	24.668451925529205	0.006375924509053813
68.0	30.923233868910994	31.3504208110176	12.930374904361134	24.789594491201225	0.006375924509053813
69.0	31.044376434583015	31.331293037490436	12.923998979852078	24.693955623565415	0.006375924509053813
70.0	31.012496812037742	31.312165263963276	12.94312675337924	24.725835246110687	0.006375924509053813
71.0	30.980617189492477	31.414180056108137	12.911247130833972	24.687579699056364	0.006375924509053813
72.0	30.967865340474372	31.439683754144347	12.923998979852078	24.662076001020147	0.006375924509053813
73.0	30.993369038510583	31.414180056108137	12.898495281815864	24.687579699056364	0.006375924509053813
74.0	30.923233868910994	31.414180056108137	12.987758224942617	24.668451925529205	0.006375924509053813
75.0	31.025248661055855	31.299413414945164	12.917623055343025	24.7513389441469	0.006375924509053813
76.0	30.986993114001532	31.312165263963276	12.987758224942617	24.706707472583524	0.006375924509053813
77.0	30.97424126498342	31.34404488650854	12.975006375924508	24.70033154807447	0.006375924509053813
78.0	31.031624585564906	31.32491711298138	12.949502677888294	24.687579699056364	0.006375924509053813
79.0	30.92960979342005	31.305789339454222	12.949502677888294	24.808722264728384	0.006375924509053813
80.0	30.923233868910994	31.38867635807192	12.987758224942617	24.693955623565415	0.006375924509053813
81.0	31.012496812037742	31.2675337923999	12.936750828870187	24.776842642183116	0.006375924509053813
82.0	30.87222647283856	31.38867635807192	13.026013771996938	24.706707472583524	0.006375924509053813
83.0	30.993369038510583	31.382300433562865	12.949502677888294	24.668451925529205	0.006375924509053813
84.0	30.897730170874777	31.331293037490436	13.000510073960726	24.764090793165007	0.006375924509053813
85.0	30.980617189492477	31.38867635807192	12.904871206324916	24.719459321601633	0.006375924509053813
86.0	30.9359857179291	31.382300433562865	13.000510073960726	24.674827850038255	0.006375924509053813
87.0	30.95511349145626	31.34404488650854	12.898495281815864	24.79597041571028	0.006375924509053813
88.0	30.86585054832951	31.426931905126242	13.026013771996938	24.674827850038255	0.006375924509053813
89.0	30.980617189492477	31.401428207090028	12.917623055343025	24.693955623565415	0.006375924509053813
90.0	30.891354246365722	31.3504208110176	13.0451415455241	24.706707472583524	0.006375924509053813
91.0	30.961489415965314	31.363172660035705	12.949502677888294	24.719459321601633	0.006375924509053813
92.0	30.916857944401936	31.420555980617188	12.975006375924508	24.68120377454731	0.006375924509053813
93.0	30.94873756694721	31.45881152767151	12.847487885743433	24.738587095128793	0.006375924509053813
94.0	30.97424126498342	31.318541188472327	12.962254526906403	24.738587095128793	0.006375924509053813
95.0	30.95511349145626	31.45243560316246	12.860239734761542	24.725835246110687	0.006375924509053813
96.0	30.897730170874777	31.35679673552665	12.962254526906403	24.776842642183116	0.006375924509053813
97.0	30.891354246365722	31.548074470798266	12.872991583779648	24.68120377454731	0.006375924509053813
98.0	30.94433462985398	31.422559459287125	12.937575718931328	24.695530191927563	0.0
