# Position (bp)	A	C	G	T	N
0.0	31.07658867152538	31.364275668073137	12.86280526786856	24.6899373481652	0.006393044367727913
1.0	30.865618207390362	31.421813067382686	13.041810510164941	24.664365170694285	0.006393044367727913
2.0	30.99347909474492	31.370668712440864	12.920342667178112	24.70911648126838	0.006393044367727913
3.0	30.897583429228998	31.460171333589056	13.01623833269403	24.61961386012019	0.006393044367727913
4.0	30.980693006009464	31.460171333589056	12.901163534074927	24.65157908195883	0.006393044367727913
5.0	30.88479734049354	31.402633934279507	13.003452243958574	24.702723436900655	0.006393044367727913
6.0	31.070195627157656	31.434599156118143	12.901163534074927	24.58764863828155	0.006393044367727913
7.0	30.897583429228998	31.45377828922133	12.977880066487662	24.664365170694285	0.006393044367727913
8.0	31.0126582278481	31.370668712440864	12.907556578442655	24.702723436900655	0.006393044367727913
9.0	30.83365298555172	31.47295742232451	13.003452243958574	24.68354430379747	0.006393044367727913
10.0	31.063802582789922	31.338703490602228	12.86280526786856	24.728295614371564	0.006393044367727913
11.0	30.84004602991945	31.40902697864723	13.029024421429487	24.715509525636108	0.006393044367727913
12.0	31.031837360951286	31.364275668073137	12.881984400971744	24.715509525636108	0.006393044367727913
13.0	30.872011251758085	31.402633934279507	13.060989643268126	24.65797212632656	0.006393044367727913
14.0	31.0126582278481	31.30034522439586	12.920342667178112	24.760260836210204	0.006393044367727913
15.0	30.89119038486127	31.396240889911773	13.01623833269403	24.6899373481652	0.006393044367727913
16.0	30.980693006009464	31.332310446234494	12.965093977752208	24.715509525636108	0.006393044367727913
17.0	30.852832118654906	31.377061756808594	13.022631377061758	24.74108170310702	0.006393044367727913
18.0	30.95512082853855	31.31952435749904	12.939521800281295	24.779439969313387	0.006393044367727913
19.0	30.974299961641734	31.31952435749904	13.035417465797213	24.664365170694285	0.006393044367727913
20.0	30.910369517964455	31.370668712440864	12.98427311085539	24.728295614371564	0.006393044367727913
21.0	30.903976473596728	31.242807825086306	13.009845288326302	24.83697736862294	0.006393044367727913
22.0	31.025444316583556	31.287559135660402	12.990666155223119	24.6899373481652	0.006393044367727913
23.0	30.878404296125815	31.313131313131315	13.029024421429487	24.77304692494566	0.006393044367727913
24.0	31.01905127221583	31.242807825086306	12.977880066487662	24.753867791842477	0.006393044367727913
25.0	30.897583429228998	31.32591740186677	13.060989643268126	24.70911648126838	0.006393044367727913
26.0	30.980693006009464	31.30034522439586	12.95870093338448	24.753867791842477	0.006393044367727913
27.0	30.942334739803094	31.364275668073137	12.977880066487662	24.70911648126838	0.006393044367727913
28.0	30.95512082853855	31.35148957933768	12.965093977752208	24.721902570003838	0.006393044367727913
29.0	30.974299961641734	31.31952435749904	12.997059199590847	24.702723436900655	0.006393044367727913
30.0	30.942334739803094	31.34509653496995	12.990666155223119	24.715509525636108	0.006393044367727913
31.0	30.987086050377187	31.30034522439586	13.003452243958574	24.702723436900655	0.006393044367727913
32.0	31.006265183480373	31.332310446234494	12.971487022119934	24.68354430379747	0.006393044367727913
33.0	30.961513872906277	31.32591740186677	13.035417465797213	24.670758215062012	0.006393044367727913
34.0	31.08298171589311	31.242807825086306	13.003452243958574	24.664365170694285	0.006393044367727913
35.0	30.88479734049354	31.38345480117632	13.003452243958574	24.721902570003838	0.006393044367727913
36.0	31.025444316583556	31.313131313131315	12.965093977752208	24.6899373481652	0.006393044367727913
37.0	30.961513872906277	31.287559135660402	12.965093977752208	24.779439969313387	0.006393044367727913
38.0	31.025444316583556	31.364275668073137	12.939521800281295	24.664365170694285	0.006393044367727913
39.0	30.94872778417082	31.268380002557215	12.965093977752208	24.811405191152026	0.006393044367727913
40.0	31.095767804628565	31.287559135660402	12.907556578442655	24.702723436900655	0.006393044367727913
41.0	30.94872778417082	31.249200869454036	13.10574095384222	24.6899373481652	0.006393044367727913
42.0	31.08298171589311	31.287559135660402	12.888377445339472	24.734688658739294	0.006393044367727913
43.0	30.980693006009464	31.287559135660402	13.003452243958574	24.721902570003838	0.006393044367727913
44.0	30.974299961641734	31.40902697864723	12.901163534074927	24.70911648126838	0.006393044367727913
45.0	30.95512082853855	31.27477304692495	12.965093977752208	24.798619102416573	0.006393044367727913
46.0	31.006265183480373	31.34509653496995	12.965093977752208	24.677151259429742	0.006393044367727913
47.0	30.935941695435364	31.255593913821762	13.022631377061758	24.779439969313387	0.006393044367727913
48.0	31.05101649405447	31.261986958189492	12.965093977752208	24.715509525636108	0.006393044367727913
49.0	31.01905127221583	31.31952435749904	13.003452243958574	24.65157908195883	0.006393044367727913
50.0	31.031837360951286	31.1724843370413	12.997059199590847	24.792226058048843	0.006393044367727913
51.0	30.99347909474492	31.27477304692495	12.920342667178112	24.8050121467843	0.006393044367727913
52.0	31.025444316583556	31.29395218002813	12.952307889016751	24.721902570003838	0.006393044367727913
53.0	30.99347909474492	31.313131313131315	12.945914844649023	24.74108170310702	0.006393044367727913
54.0	31.0126582278481	31.287559135660402	12.945914844649023	24.747474747474747	0.006393044367727913
55.0	30.987086050377187	31.30034522439586	12.95870093338448	24.747474747474747	0.006393044367727913
56.0	30.974299961641734	31.242807825086306	12.997059199590847	24.779439969313387	0.006393044367727913
57.0	30.974299961641734	31.313131313131315	12.990666155223119	24.715509525636108	0.006393044367727913
58.0	30.999872139112643	31.38345480117632	12.913949622810383	24.696330392532925	0.006393044367727913
59.0	31.0126582278481	31.223628691983123	12.997059199590847	24.760260836210204	0.006393044367727913
60.0	31.01905127221583	31.396240889911773	12.92673571154584	24.65157908195883	0.006393044367727913
61.0	30.95512082853855	31.332310446234494	12.952307889016751	24.753867791842477	0.006393044367727913
62.0	31.0126582278481	31.31952435749904	12.965093977752208	24.696330392532925	0.006393044367727913
63.0	30.967906917274007	31.35148957933768	12.913949622810383	24.760260836210204	0.006393044367727913
64.0	31.044623449686743	31.364275668073137	12.869198312236287	24.715509525636108	0.006393044367727913
65.0	30.987086050377187	31.357882623705407	12.933128755913566	24.715509525636108	0.006393044367727913
66.0	30.974299961641734	31.364275668073137	12.95870093338448	24.696330392532925	0.006393044367727913
67.0	30.980693006009464	31.402633934279507	12.933128755913566	24.677151259429742	0.006393044367727913
68.0	30.935941695435364	31.338703490602228	12.92673571154584	24.792226058048843	0.006393044367727913
69.0	31.070195627157656	31.32591740186677	12.875591356604016	24.721902570003838	0.006393044367727913
70.0	31.01905127221583	31.313131313131315	12.945914844649023	24.715509525636108	0.006393044367727913
71.0	31.0126582278481	31.40902697864723	12.888377445339472	24.68354430379747	0.006393044367727913
72.0	30.967906917274007	31.41542002301496	12.939521800281295	24.670758215062012	0.006393044367727913
73.0	30.99347909474492	31.428206111750416	12.881984400971744	24.6899373481652	0.006393044367727913
74.0	30.94872778417082	31.40902697864723	12.997059199590847	24.638792993223372	0.006393044367727913
75.0	31.038230405319013	31.281166091292672	12.888377445339472	24.785833013681117	0.006393044367727913
76.0	31.025444316583556	31.313131313131315	12.98427311085539	24.670758215062012	0.006393044367727913
77.0	30.967906917274007	31.357882623705407	12.945914844649023	24.721902570003838	0.006393044367727913
78.0	31.063802582789922	31.32591740186677	12.945914844649023	24.65797212632656	0.006393044367727913
79.0	30.942334739803094	31.306738268763585	12.913949622810383	24.830584324255213	0.006393044367727913
80.0	30.94872778417082	31.377061756808594	12.997059199590847	24.670758215062012	0.006393044367727913
81.0	31.0126582278481	31.287559135660402	12.901163534074927	24.792226058048843	0.006393044367727913
82.0	30.897583429228998	31.377061756808594	13.009845288326302	24.70911648126838	0.006393044367727913
83.0	30.999872139112643	31.364275668073137	12.945914844649023	24.68354430379747	0.006393044367727913
84.0	30.923155606699908	31.32591740186677	12.98427311085539	24.760260836210204	0.006393044367727913
85.0	30.99347909474492	31.38984784554405	12.875591356604016	24.734688658739294	0.006393044367727913
86.0	30.942334739803094	31.38345480117632	12.997059199590847	24.670758215062012	0.006393044367727913
87.0	30.99347909474492	31.338703490602228	12.86280526786856	24.798619102416573	0.006393044367727913
88.0	30.85922516302263	31.45377828922133	13.009845288326302	24.670758215062012	0.006393044367727913
89.0	31.0126582278481	31.396240889911773	12.901163534074927	24.68354430379747	0.006393044367727913
90.0	30.89119038486127	31.364275668073137	13.022631377061758	24.715509525636108	0.006393044367727913
91.0	30.99347909474492	31.370668712440864	12.939521800281295	24.6899373481652	0.006393044367727913
92.0	30.92954865106764	31.41542002301496	12.965093977752208	24.68354430379747	0.006393044367727913
93.0	30.961513872906277	31.460171333589056	12.837233090397648	24.734688658739294	0.006393044367727913
94.0	30.980693006009464	31.313131313131315	12.952307889016751	24.747474747474747	0.006393044367727913
95.0	30.974299961641734	31.4473852448536	12.850019179133104	24.721902570003838	0.006393044367727913
96.0	30.910369517964455	31.357882623705407	12.945914844649023	24.779439969313387	0.006393044367727913
97.0	30.916762562332185	31.549673954737244	12.856412223500833	24.670758215062012	0.006393044367727913
98.0	30.957099929672015	31.404641646953518	12.93395562943546	24.704302793939007	0.0
