# Position (bp)	A	C	G	T	N
0.0	31.05209397344229	31.364913176710928	12.902196118488254	24.674412665985702	0.006384065372829418
1.0	30.860572012257403	31.42875383043922	13.04902962206333	24.65526046986721	0.006384065372829418
2.0	30.97548518896833	31.364913176710928	12.946884576098059	24.70633299284985	0.006384065372829418
3.0	30.873340143003063	31.467058222676197	13.042645556690498	24.610572012257407	0.006384065372829418
4.0	30.981869254341166	31.422369765066392	12.9341164453524	24.65526046986721	0.006384065372829418
5.0	30.873340143003063	31.403217568947905	13.042645556690498	24.674412665985702	0.006384065372829418
6.0	31.05209397344229	31.44790602655771	12.9341164453524	24.55949948927477	0.006384065372829418
7.0	30.892492339121553	31.44790602655771	13.010725229826352	24.642492339121553	0.006384065372829418
8.0	31.001021450459653	31.38406537282942	12.921348314606742	24.687180796731358	0.006384065372829418
9.0	30.80949948927477	31.467058222676197	13.04902962206333	24.66802860061287	0.006384065372829418
10.0	31.03932584269663	31.339376915219614	12.921348314606742	24.69356486210419	0.006384065372829418
11.0	30.82865168539326	31.403217568947905	13.05541368743616	24.70633299284985	0.006384065372829418
12.0	31.01378958120531	31.34576098059244	12.9341164453524	24.699948927477017	0.006384065372829418
13.0	30.866956077630235	31.396833503575078	13.08094994892748	24.648876404494384	0.006384065372829418
14.0	30.97548518896833	31.288304392236977	12.972420837589377	24.75740551583248	0.006384065372829418
15.0	30.886108273748725	31.390449438202246	13.04902962206333	24.66802860061287	0.006384065372829418
16.0	30.937180796731354	31.326608784473954	13.017109295199184	24.712717058222676	0.006384065372829418
17.0	30.866956077630235	31.364913176710928	13.042645556690498	24.719101123595504	0.006384065372829418
18.0	30.918028600612868	31.301072522982636	13.004341164453523	24.770173646578144	0.006384065372829418
19.0	30.937180796731354	31.326608784473954	13.08094994892748	24.648876404494384	0.006384065372829418
20.0	30.89887640449438	31.35214504596527	13.029877425944841	24.712717058222676	0.006384065372829418
21.0	30.866956077630235	31.26276813074566	13.04902962206333	24.814862104187945	0.006384065372829418
22.0	31.00740551583248	31.269152196118487	13.029877425944841	24.687180796731358	0.006384065372829418
23.0	30.866956077630235	31.326608784473954	13.04902962206333	24.751021450459653	0.006384065372829418
24.0	30.97548518896833	31.243615934627172	13.036261491317672	24.738253319713994	0.006384065372829418
25.0	30.873340143003063	31.33299284984678	13.074565883554648	24.712717058222676	0.006384065372829418
26.0	30.94356486210419	31.294688457609805	13.010725229826352	24.744637385086822	0.006384065372829418
27.0	30.91164453524004	31.371297242083756	13.010725229826352	24.699948927477017	0.006384065372829418
28.0	30.892492339121553	31.35214504596527	12.997957099080695	24.751021450459653	0.006384065372829418
29.0	30.962717058222676	31.320224719101127	13.010725229826352	24.699948927477017	0.006384065372829418
30.0	30.905260469867212	31.33299284984678	13.042645556690498	24.712717058222676	0.006384065372829418
31.0	30.949948927477017	31.275536261491315	13.04902962206333	24.719101123595504	0.006384065372829418
32.0	30.962717058222676	31.339376915219614	13.017109295199184	24.674412665985702	0.006384065372829418
33.0	30.937180796731354	31.33299284984678	13.068181818181818	24.65526046986721	0.006384065372829418
34.0	31.01378958120531	31.25	13.05541368743616	24.674412665985702	0.006384065372829418
35.0	30.87972420837589	31.403217568947905	13.017109295199184	24.69356486210419	0.006384065372829418
36.0	30.97548518896833	31.313840653728292	13.017109295199184	24.687180796731358	0.006384065372829418
37.0	30.937180796731354	31.28192032686415	13.023493360572012	24.751021450459653	0.006384065372829418
38.0	30.97548518896833	31.371297242083756	12.978804902962207	24.66802860061287	0.006384065372829418
39.0	30.94356486210419	31.269152196118487	13.010725229826352	24.770173646578144	0.006384065372829418
40.0	31.032941777323803	31.301072522982636	12.95965270684372	24.699948927477017	0.006384065372829418
41.0	30.94356486210419	31.256384065372828	13.138406537282943	24.65526046986721	0.006384065372829418
42.0	31.032941777323803	31.294688457609805	12.953268641470888	24.712717058222676	0.006384065372829418
43.0	30.94356486210419	31.313840653728292	13.04902962206333	24.687180796731358	0.006384065372829418
44.0	30.94356486210419	31.403217568947905	12.953268641470888	24.69356486210419	0.006384065372829418
45.0	30.962717058222676	31.275536261491315	12.997957099080695	24.75740551583248	0.006384065372829418
46.0	30.937180796731354	31.3585291113381	13.042645556690498	24.65526046986721	0.006384065372829418
47.0	30.905260469867212	31.275536261491315	13.05541368743616	24.75740551583248	0.006384065372829418
48.0	31.020173646578144	31.269152196118487	13.023493360572012	24.68079673135853	0.006384065372829418
49.0	31.001021450459653	31.294688457609805	13.06179775280899	24.63610827374872	0.006384065372829418
50.0	31.032941777323803	31.192543411644536	13.029877425944841	24.738253319713994	0.006384065372829418
51.0	30.962717058222676	31.288304392236977	12.972420837589377	24.770173646578144	0.006384065372829418
52.0	31.01378958120531	31.294688457609805	13.004341164453523	24.68079673135853	0.006384065372829418
53.0	30.956332992849845	31.313840653728292	13.004341164453523	24.719101123595504	0.006384065372829418
54.0	31.01378958120531	31.294688457609805	13.004341164453523	24.68079673135853	0.006384065372829418
55.0	30.94356486210419	31.307456588355464	13.017109295199184	24.725485188968335	0.006384065372829418
56.0	30.962717058222676	31.275536261491315	13.029877425944841	24.725485188968335	0.006384065372829418
57.0	30.956332992849845	31.33299284984678	13.036261491317672	24.66802860061287	0.006384065372829418
58.0	30.988253319713994	31.390449438202246	12.972420837589377	24.642492339121553	0.006384065372829418
59.0	30.981869254341166	31.224463738508685	13.05541368743616	24.731869254341166	0.006384065372829418
60.0	30.994637385086822	31.435137895812055	12.966036772216546	24.597803881511744	0.006384065372829418
61.0	30.924412665985702	31.35214504596527	12.991573033707866	24.725485188968335	0.006384065372829418
62.0	30.988253319713994	31.364913176710928	12.991573033707866	24.648876404494384	0.006384065372829418
63.0	30.949948927477017	31.326608784473954	12.985188968335034	24.731869254341166	0.006384065372829418
64.0	31.020173646578144	31.390449438202246	12.914964249233913	24.66802860061287	0.006384065372829418
65.0	30.956332992849845	31.35214504596527	12.997957099080695	24.687180796731358	0.006384065372829418
66.0	30.956332992849845	31.42875383043922	12.978804902962207	24.629724208375894	0.006384065372829418
67.0	30.97548518896833	31.37768130745659	12.997957099080695	24.642492339121553	0.006384065372829418
68.0	30.918028600612868	31.37768130745659	12.95965270684372	24.738253319713994	0.006384065372829418
69.0	31.03932584269663	31.339376915219614	12.946884576098059	24.66802860061287	0.006384065372829418
70.0	31.00740551583248	31.33299284984678	12.978804902962207	24.674412665985702	0.006384065372829418
71.0	30.969101123595504	31.422369765066392	12.940500510725231	24.66164453524004	0.006384065372829418
72.0	30.956332992849845	31.45429009193054	12.95965270684372	24.623340143003063	0.006384065372829418
73.0	30.981869254341166	31.415985699693564	12.9341164453524	24.66164453524004	0.006384065372829418
74.0	30.924412665985702	31.422369765066392	13.023493360572012	24.623340143003063	0.006384065372829418
75.0	31.01378958120531	31.307456588355464	12.946884576098059	24.725485188968335	0.006384065372829418
76.0	31.001021450459653	31.313840653728292	13.017109295199184	24.66164453524004	0.006384065372829418
77.0	30.969101123595504	31.35214504596527	12.991573033707866	24.68079673135853	0.006384065372829418
78.0	31.05209397344229	31.33299284984678	12.978804902962207	24.629724208375894	0.006384065372829418
79.0	30.937180796731354	31.307456588355464	12.966036772216546	24.7829417773238	0.006384065372829418
80.0	30.937180796731354	31.396833503575078	13.017109295199184	24.642492339121553	0.006384065372829418
81.0	31.01378958120531	31.269152196118487	12.95965270684372	24.751021450459653	0.006384065372829418
82.0	30.892492339121553	31.390449438202246	13.05541368743616	24.65526046986721	0.006384065372829418
83.0	30.994637385086822	31.371297242083756	12.972420837589377	24.65526046986721	0.006384065372829418
84.0	30.918028600612868	31.33299284984678	13.023493360572012	24.719101123595504	0.006384065372829418
85.0	30.981869254341166	31.38406537282942	12.921348314606742	24.70633299284985	0.006384065372829418
86.0	30.949948927477017	31.390449438202246	13.023493360572012	24.629724208375894	0.006384065372829418
87.0	30.956332992849845	31.34576098059244	12.914964249233913	24.776557711950968	0.006384065372829418
88.0	30.886108273748725	31.435137895812055	13.04902962206333	24.623340143003063	0.006384065372829418
89.0	30.97548518896833	31.409601634320733	12.940500510725231	24.66802860061287	0.006384065372829418
90.0	30.91164453524004	31.35214504596527	13.068181818181818	24.66164453524004	0.006384065372829418
91.0	30.956332992849845	31.364913176710928	12.972420837589377	24.699948927477017	0.006384065372829418
92.0	30.937180796731354	31.409601634320733	13.004341164453523	24.642492339121553	0.006384065372829418
93.0	30.94356486210419	31.45429009193054	12.870275791624106	24.725485188968335	0.006384065372829418
94.0	30.988253319713994	31.307456588355464	12.991573033707866	24.70633299284985	0.006384065372829418
95.0	30.956332992849845	31.45429009193054	12.876659856996936	24.70633299284985	0.006384065372829418
96.0	30.918028600612868	31.339376915219614	12.991573033707866	24.744637385086822	0.006384065372829418
97.0	30.905260469867212	31.537282941777324	12.889427987742593	24.66164453524004	0.006384065372829418
98.0	30.964693864521486	31.39883802592096	12.96686458532848	24.669603524229075	0.0
