#Mapping quality	mapping quality
1.0	29.0
2.0	25.0
3.0	21.0
4.0	67.0
5.0	146.0
6.0	211.0
7.0	210.0
8.0	152.0
9.0	159.0
10.0	118.0
11.0	130.0
12.0	157.0
13.0	231.0
14.0	172.0
15.0	150.0
16.0	194.0
17.0	243.0
18.0	152.0
19.0	253.0
20.0	181.0
21.0	192.0
22.0	109.0
23.0	132.0
24.0	147.0
25.0	186.0
26.0	129.0
27.0	113.0
28.0	180.0
29.0	102.0
30.0	111.0
31.0	103.0
32.0	161.0
33.0	121.0
34.0	130.0
35.0	100.0
36.0	170.0
37.0	202.0
38.0	109.0
39.0	84.0
40.0	84.0
41.0	114.0
42.0	114.0
43.0	172.0
44.0	163.0
45.0	138.0
46.0	184.0
47.0	182.0
48.0	161.0
49.0	205.0
50.0	225.0
51.0	250.0
52.0	287.0
53.0	207.0
54.0	371.0
55.0	411.0
56.0	235.0
57.0	241.0
58.0	583.0
59.0	779.0
60.0	5880.0
