# Position (bp)	A	C	G	T	N
0.0	31.054040275299517	31.36630130002549	12.911037471322967	24.662248279378026	0.006372673973999491
1.0	30.88835075197553	31.372673973999486	13.063981646698956	24.668620953352026	0.006372673973999491
2.0	30.990313535559523	31.372673973999486	12.942900841192964	24.687738975274026	0.006372673973999491
3.0	30.88197807800153	31.455518735661485	13.038490950802956	24.617639561560033	0.006372673973999491
4.0	30.996686209533518	31.410910017843484	12.930155493244966	24.655875605404027	0.006372673973999491
5.0	30.88835075197553	31.379046647973492	13.038490950802956	24.687738975274026	0.006372673973999491
6.0	31.041294927351515	31.430028039765485	12.942900841192964	24.579403517716035	0.006372673973999491
7.0	30.89472342594953	31.423655365791486	13.000254906958961	24.674993627326025	0.006372673973999491
8.0	31.00943155748152	31.379046647973492	12.930155493244966	24.674993627326025	0.006372673973999491
9.0	30.824624012235535	31.442773387713487	13.044863624776957	24.681366301300027	0.006372673973999491
10.0	31.034922253377516	31.340810604129494	12.923782819270965	24.694111649248025	0.006372673973999491
11.0	30.824624012235535	31.40453734386949	13.051236298750958	24.713229671170023	0.006372673973999491
12.0	31.022176905429514	31.340810604129494	12.917410145296968	24.713229671170023	0.006372673973999491
13.0	30.875605404027528	31.385419321947488	13.089472342594952	24.64313025745603	0.006372673973999491
14.0	30.97756818761152	31.2707111904155	12.981136885036962	24.76421106296202	0.006372673973999491
15.0	30.88197807800153	31.385419321947488	13.057608972724955	24.668620953352026	0.006372673973999491
16.0	30.945704817741525	31.315319908233498	13.01937292888096	24.713229671170023	0.006372673973999491
17.0	30.89472342594953	31.30894723425949	13.051236298750958	24.738720367066023	0.006372673973999491
18.0	30.89472342594953	31.321692582207493	13.025745602854958	24.75146571501402	0.006372673973999491
19.0	30.95845016568952	31.30894723425949	13.057608972724955	24.668620953352026	0.006372673973999491
20.0	30.875605404027528	31.372673973999486	13.025745602854958	24.719602345144022	0.006372673973999491
21.0	30.88835075197553	31.2579658424675	13.032118276828959	24.815192454754015	0.006372673973999491
22.0	30.996686209533518	31.264338516441498	13.051236298750958	24.681366301300027	0.006372673973999491
23.0	30.89472342594953	31.302574560285496	13.038490950802956	24.75783838898802	0.006372673973999491
24.0	30.97119551363752	31.232475146571502	13.051236298750958	24.738720367066023	0.006372673973999491
25.0	30.88197807800153	31.334437930155495	13.076726994646954	24.700484323222025	0.006372673973999491
26.0	30.926586795819528	31.30894723425949	13.025745602854958	24.73234769309202	0.006372673973999491
27.0	30.90109609992353	31.36630130002549	13.01937292888096	24.706856997196024	0.006372673973999491
28.0	30.90109609992353	31.353555952077492	12.99388223298496	24.74509304104002	0.006372673973999491
29.0	30.990313535559523	31.30894723425949	13.01300025490696	24.681366301300027	0.006372673973999491
30.0	30.913841447871526	31.334437930155495	13.044863624776957	24.700484323222025	0.006372673973999491
31.0	30.97756818761152	31.2707111904155	13.032118276828959	24.713229671170023	0.006372673973999491
32.0	30.983940861585523	31.321692582207493	13.006627580932959	24.681366301300027	0.006372673973999491
33.0	30.939332143767523	31.315319908233498	13.070354320672955	24.668620953352026	0.006372673973999491
34.0	31.00943155748152	31.251593168493503	13.076726994646954	24.655875605404027	0.006372673973999491
35.0	30.88835075197553	31.379046647973492	13.032118276828959	24.694111649248025	0.006372673973999491
36.0	30.97756818761152	31.30894723425949	13.01300025490696	24.694111649248025	0.006372673973999491
37.0	30.920214121845525	31.289829212337494	13.01937292888096	24.76421106296202	0.006372673973999491
38.0	31.003058883507517	31.353555952077492	12.981136885036962	24.655875605404027	0.006372673973999491
39.0	30.945704817741525	31.251593168493503	13.032118276828959	24.76421106296202	0.006372673973999491
40.0	31.034922253377516	31.296201886311497	12.955646189140962	24.706856997196024	0.006372673973999491
41.0	30.926586795819528	31.2579658424675	13.13408106041295	24.674993627326025	0.006372673973999491
42.0	31.054040275299517	31.2770838643895	12.936528167218967	24.72597501911802	0.006372673973999491
43.0	30.926586795819528	31.289829212337494	13.063981646698956	24.713229671170023	0.006372673973999491
44.0	30.990313535559523	31.36630130002549	12.936528167218967	24.700484323222025	0.006372673973999491
45.0	30.952077491715524	31.2770838643895	12.99388223298496	24.77058373693602	0.006372673973999491
46.0	30.95845016568952	31.328065256181493	13.038490950802956	24.668620953352026	0.006372673973999491
47.0	30.907468773897527	31.283456538363495	13.057608972724955	24.74509304104002	0.006372673973999491
48.0	31.00943155748152	31.2579658424675	13.01300025490696	24.713229671170023	0.006372673973999491
49.0	30.97119551363752	31.302574560285496	13.057608972724955	24.662248279378026	0.006372673973999491
50.0	31.041294927351515	31.1878664287535	13.01300025490696	24.75146571501402	0.006372673973999491
51.0	30.983940861585523	31.264338516441498	12.962018863114963	24.783329084884016	0.006372673973999491
52.0	31.02854957940352	31.2707111904155	12.981136885036962	24.713229671170023	0.006372673973999491
53.0	30.95845016568952	31.328065256181493	12.981136885036962	24.72597501911802	0.006372673973999491
54.0	31.022176905429514	31.2579658424675	12.99388223298496	24.719602345144022	0.006372673973999491
55.0	30.926586795819528	31.30894723425949	13.006627580932959	24.75146571501402	0.006372673973999491
56.0	30.932959469793524	31.2579658424675	13.025745602854958	24.776956410910017	0.006372673973999491
57.0	30.952077491715524	31.334437930155495	13.01300025490696	24.694111649248025	0.006372673973999491
58.0	31.003058883507517	31.340810604129494	12.962018863114963	24.687738975274026	0.006372673973999491
59.0	30.990313535559523	31.2197297986235	13.051236298750958	24.73234769309202	0.006372673973999491
60.0	30.97756818761152	31.436400713739488	12.949273515166965	24.63038490950803	0.006372673973999491
61.0	30.920214121845525	31.34718327810349	12.981136885036962	24.74509304104002	0.006372673973999491
62.0	30.964822839663526	31.372673973999486	12.968391537088964	24.687738975274026	0.006372673973999491
63.0	30.964822839663526	31.321692582207493	12.968391537088964	24.738720367066023	0.006372673973999491
64.0	31.01580423145552	31.353555952077492	12.917410145296968	24.706856997196024	0.006372673973999491
65.0	30.95845016568952	31.372673973999486	12.974764211062961	24.687738975274026	0.006372673973999491
66.0	30.983940861585523	31.372673973999486	12.962018863114963	24.674993627326025	0.006372673973999491
67.0	30.964822839663526	31.35992862605149	12.99388223298496	24.674993627326025	0.006372673973999491
68.0	30.926586795819528	31.34718327810349	12.942900841192964	24.776956410910017	0.006372673973999491
69.0	31.01580423145552	31.353555952077492	12.936528167218967	24.687738975274026	0.006372673973999491
70.0	30.996686209533518	31.321692582207493	12.949273515166965	24.72597501911802	0.006372673973999491
71.0	30.95845016568952	31.40453734386949	12.930155493244966	24.700484323222025	0.006372673973999491
72.0	30.945704817741525	31.461891409635484	12.949273515166965	24.63675758348203	0.006372673973999491
73.0	30.97756818761152	31.39816466989549	12.930155493244966	24.687738975274026	0.006372673973999491
74.0	30.920214121845525	31.410910017843484	13.000254906958961	24.662248279378026	0.006372673973999491
75.0	30.990313535559523	31.289829212337494	12.955646189140962	24.75783838898802	0.006372673973999491
76.0	30.990313535559523	31.315319908233498	13.000254906958961	24.687738975274026	0.006372673973999491
77.0	30.939332143767523	31.35992862605149	12.981136885036962	24.713229671170023	0.006372673973999491
78.0	31.06678562324752	31.321692582207493	12.936528167218967	24.668620953352026	0.006372673973999491
79.0	30.926586795819528	31.302574560285496	12.962018863114963	24.802447106806017	0.006372673973999491
80.0	30.945704817741525	31.35992862605149	12.99388223298496	24.694111649248025	0.006372673973999491
81.0	31.022176905429514	31.2388478205455	12.949273515166965	24.783329084884016	0.006372673973999491
82.0	30.862860056079533	31.410910017843484	13.038490950802956	24.681366301300027	0.006372673973999491
83.0	30.964822839663526	31.35992862605149	12.955646189140962	24.713229671170023	0.006372673973999491
84.0	30.90109609992353	31.340810604129494	12.99388223298496	24.75783838898802	0.006372673973999491
85.0	30.945704817741525	31.372673973999486	12.923782819270965	24.75146571501402	0.006372673973999491
86.0	30.952077491715524	31.372673973999486	12.987509559010963	24.681366301300027	0.006372673973999491
87.0	30.95845016568952	31.334437930155495	12.904664797348966	24.796074432832015	0.006372673973999491
88.0	30.907468773897527	31.423655365791486	13.032118276828959	24.63038490950803	0.006372673973999491
89.0	30.983940861585523	31.39816466989549	12.930155493244966	24.681366301300027	0.006372673973999491
90.0	30.88835075197553	31.334437930155495	13.063981646698956	24.706856997196024	0.006372673973999491
91.0	30.97119551363752	31.35992862605149	12.968391537088964	24.694111649248025	0.006372673973999491
92.0	30.907468773897527	31.410910017843484	12.99388223298496	24.681366301300027	0.006372673973999491
93.0	30.97756818761152	31.430028039765485	12.840938057608971	24.74509304104002	0.006372673973999491
94.0	30.97756818761152	31.30894723425949	12.974764211062961	24.73234769309202	0.006372673973999491
95.0	30.932959469793524	31.468264083609483	12.866428753504971	24.72597501911802	0.006372673973999491
96.0	30.913841447871526	31.328065256181493	12.974764211062961	24.776956410910017	0.006372673973999491
97.0	30.907468773897527	31.53836349732348	12.87917410145297	24.668620953352026	0.006372673973999491
98.0	30.928557771971192	31.412911860302085	12.962844942960933	24.69568542476579	0.0
