# Position (bp)	A	C	G	T	N
0.0	31.042185206458612	31.386814729721106	12.885314953092092	24.679303082519624	0.006382028208564682
1.0	30.86987044482737	31.41872487076393	13.038483630097645	24.666539026102498	0.006382028208564682
2.0	30.959218839747273	31.38043270151254	12.949135235177739	24.704831195353883	0.006382028208564682
3.0	30.86987044482737	31.46978109643245	13.025719573680517	24.628246856851106	0.006382028208564682
4.0	30.978364924372965	31.425106898972494	12.936371178760611	24.653774969685365	0.006382028208564682
5.0	30.86987044482737	31.405960814346802	13.025719573680517	24.692067138936753	0.006382028208564682
6.0	31.042185206458612	31.450635011806753	12.936371178760611	24.56442657476546	0.006382028208564682
7.0	30.87625247303593	31.450635011806753	13.000191460846258	24.666539026102498	0.006382028208564682
8.0	30.978364924372965	31.399578786138232	12.917225094134915	24.69844916714532	0.006382028208564682
9.0	30.799668134533153	31.46978109643245	13.025719573680517	24.69844916714532	0.006382028208564682
10.0	31.02303912183292	31.354904588678284	12.91084306592635	24.704831195353883	0.006382028208564682
11.0	30.812432190950283	31.41234284255536	13.032101601889082	24.736741336396705	0.006382028208564682
12.0	30.991128980790094	31.361286616886847	12.929989150552046	24.71121322356245	0.006382028208564682
13.0	30.857106388410237	31.405960814346802	13.05762971472334	24.672921054311058	0.006382028208564682
14.0	30.94645478333014	31.303848363009763	12.96189929159487	24.78141553385666	0.006382028208564682
15.0	30.86987044482737	31.399578786138232	13.032101601889082	24.692067138936753	0.006382028208564682
16.0	30.914544642287318	31.348522560469718	13.000191460846258	24.73035930818814	0.006382028208564682
17.0	30.85072436020167	31.36766864509541	13.01933754547195	24.7558874210224	0.006382028208564682
18.0	30.895398557661625	31.32299444763546	12.987427404429127	24.787797562065226	0.006382028208564682
19.0	30.914544642287318	31.342140532261155	13.064011742931903	24.672921054311058	0.006382028208564682
20.0	30.8634884166188	31.386814729721106	13.012955517263386	24.73035930818814	0.006382028208564682
21.0	30.83157827557598	31.278320250175508	13.038483630097645	24.845235815942306	0.006382028208564682
22.0	30.965600867955835	31.316612419426892	13.012955517263386	24.69844916714532	0.006382028208564682
23.0	30.844342331993108	31.342140532261155	13.038483630097645	24.76865147743953	0.006382028208564682
24.0	30.933690726913017	31.284702278384067	13.025719573680517	24.749505392813838	0.006382028208564682
25.0	30.85072436020167	31.354904588678284	13.070393771140468	24.717595251771012	0.006382028208564682
26.0	30.914544642287318	31.32299444763546	13.006573489054821	24.749505392813838	0.006382028208564682
27.0	30.86987044482737	31.399578786138232	13.012955517263386	24.71121322356245	0.006382028208564682
28.0	30.857106388410237	31.38043270151254	13.000191460846258	24.7558874210224	0.006382028208564682
29.0	30.940072755121577	31.335758504052585	13.012955517263386	24.704831195353883	0.006382028208564682
30.0	30.87625247303593	31.354904588678284	13.051247686514774	24.71121322356245	0.006382028208564682
31.0	30.908162614078755	31.2974663348012	13.064011742931903	24.72397727997958	0.006382028208564682
32.0	30.94645478333014	31.361286616886847	13.01933754547195	24.666539026102498	0.006382028208564682
33.0	30.901780585870192	31.342140532261155	13.076775799349033	24.672921054311058	0.006382028208564682
34.0	30.98474695258153	31.259174165549812	13.070393771140468	24.679303082519624	0.006382028208564682
35.0	30.85072436020167	31.41872487076393	13.025719573680517	24.69844916714532	0.006382028208564682
36.0	30.94645478333014	31.316612419426892	13.032101601889082	24.69844916714532	0.006382028208564682
37.0	30.895398557661625	31.2974663348012	13.038483630097645	24.762269449230967	0.006382028208564682
38.0	30.959218839747273	31.374050673303977	12.993809432637693	24.666539026102498	0.006382028208564682
39.0	30.908162614078755	31.284702278384067	13.01933754547195	24.78141553385666	0.006382028208564682
40.0	31.02303912183292	31.2974663348012	12.968281319803435	24.704831195353883	0.006382028208564682
41.0	30.901780585870192	31.271938221966938	13.146978109643245	24.672921054311058	0.006382028208564682
42.0	31.016657093624357	31.2974663348012	12.955517263386303	24.72397727997958	0.006382028208564682
43.0	30.914544642287318	31.32299444763546	13.04486565830621	24.71121322356245	0.006382028208564682
44.0	30.940072755121577	31.399578786138232	12.942753206969174	24.71121322356245	0.006382028208564682
45.0	30.920926670495884	31.291084306592637	13.000191460846258	24.78141553385666	0.006382028208564682
46.0	30.920926670495884	31.354904588678284	13.032101601889082	24.68568511072819	0.006382028208564682
47.0	30.882634501244492	31.2974663348012	13.04486565830621	24.76865147743953	0.006382028208564682
48.0	30.997511008998657	31.271938221966938	13.006573489054821	24.717595251771012	0.006382028208564682
49.0	30.965600867955835	31.316612419426892	13.051247686514774	24.66015699789393	0.006382028208564682
50.0	31.010275065415787	31.1889718552556	13.01933754547195	24.775033505648096	0.006382028208564682
51.0	30.933690726913017	31.31023039121833	12.96189929159487	24.787797562065226	0.006382028208564682
52.0	30.991128980790094	31.291084306592637	12.987427404429127	24.72397727997958	0.006382028208564682
53.0	30.927308698704447	31.32299444763546	13.000191460846258	24.74312336460527	0.006382028208564682
54.0	30.991128980790094	31.291084306592637	12.987427404429127	24.72397727997958	0.006382028208564682
55.0	30.927308698704447	31.31023039121833	13.000191460846258	24.7558874210224	0.006382028208564682
56.0	30.94645478333014	31.259174165549812	13.012955517263386	24.775033505648096	0.006382028208564682
57.0	30.94645478333014	31.329376475844022	13.025719573680517	24.692067138936753	0.006382028208564682
58.0	30.978364924372965	31.36766864509541	12.949135235177739	24.69844916714532	0.006382028208564682
59.0	30.98474695258153	31.220881996298424	13.038483630097645	24.749505392813838	0.006382028208564682
60.0	30.978364924372965	31.41872487076393	12.949135235177739	24.647392941476802	0.006382028208564682
61.0	30.927308698704447	31.348522560469718	12.974663348011997	24.74312336460527	0.006382028208564682
62.0	30.991128980790094	31.32299444763546	12.974663348011997	24.704831195353883	0.006382028208564682
63.0	30.959218839747273	31.32299444763546	12.968281319803435	24.74312336460527	0.006382028208564682
64.0	31.02303912183292	31.361286616886847	12.898079009509223	24.71121322356245	0.006382028208564682
65.0	30.971982896164402	31.335758504052585	12.987427404429127	24.69844916714532	0.006382028208564682
66.0	30.965600867955835	31.39319675792967	12.968281319803435	24.666539026102498	0.006382028208564682
67.0	30.98474695258153	31.374050673303977	12.987427404429127	24.647392941476802	0.006382028208564682
68.0	30.927308698704447	31.335758504052585	12.949135235177739	24.78141553385666	0.006382028208564682
69.0	31.04856723466718	31.329376475844022	12.936371178760611	24.679303082519624	0.006382028208564682
70.0	31.02303912183292	31.2974663348012	12.968281319803435	24.704831195353883	0.006382028208564682
71.0	30.978364924372965	31.41234284255536	12.929989150552046	24.672921054311058	0.006382028208564682
72.0	30.959218839747273	31.431488927181057	12.949135235177739	24.653774969685365	0.006382028208564682
73.0	30.98474695258153	31.41234284255536	12.929989150552046	24.666539026102498	0.006382028208564682
74.0	30.927308698704447	31.41234284255536	13.006573489054821	24.647392941476802	0.006382028208564682
75.0	31.016657093624357	31.303848363009763	12.936371178760611	24.736741336396705	0.006382028208564682
76.0	30.978364924372965	31.316612419426892	13.006573489054821	24.692067138936753	0.006382028208564682
77.0	30.959218839747273	31.361286616886847	12.981045376220562	24.692067138936753	0.006382028208564682
78.0	31.03580317825005	31.329376475844022	12.968281319803435	24.66015699789393	0.006382028208564682
79.0	30.927308698704447	31.32299444763546	12.96189929159487	24.78141553385666	0.006382028208564682
80.0	30.901780585870192	31.405960814346802	13.006573489054821	24.679303082519624	0.006382028208564682
81.0	31.003893037207224	31.271938221966938	12.949135235177739	24.76865147743953	0.006382028208564682
82.0	30.857106388410237	31.399578786138232	13.04486565830621	24.692067138936753	0.006382028208564682
83.0	30.971982896164402	31.39319675792967	12.968281319803435	24.66015699789393	0.006382028208564682
84.0	30.87625247303593	31.342140532261155	13.006573489054821	24.76865147743953	0.006382028208564682
85.0	30.959218839747273	31.405960814346802	12.917225094134915	24.71121322356245	0.006382028208564682
86.0	30.901780585870192	31.41234284255536	13.006573489054821	24.672921054311058	0.006382028208564682
87.0	30.927308698704447	31.36766864509541	12.91084306592635	24.787797562065226	0.006382028208564682
88.0	30.83157827557598	31.457017040015316	13.038483630097645	24.666539026102498	0.006382028208564682
89.0	30.94645478333014	31.437870955389624	12.936371178760611	24.672921054311058	0.006382028208564682
90.0	30.857106388410237	31.38043270151254	13.05762971472334	24.69844916714532	0.006382028208564682
91.0	30.927308698704447	31.386814729721106	12.968281319803435	24.71121322356245	0.006382028208564682
92.0	30.895398557661625	31.431488927181057	12.993809432637693	24.672921054311058	0.006382028208564682
93.0	30.927308698704447	31.46978109643245	12.8661688684664	24.73035930818814	0.006382028208564682
94.0	30.940072755121577	31.335758504052585	12.987427404429127	24.73035930818814	0.006382028208564682
95.0	30.933690726913017	31.46978109643245	12.872550896674964	24.717595251771012	0.006382028208564682
96.0	30.882634501244492	31.36766864509541	12.974663348011997	24.76865147743953	0.006382028208564682
97.0	30.889016529453063	31.55274746314379	12.878932924883529	24.672921054311058	0.006382028208564682
98.0	30.922900178708197	31.42711258616288	12.956344140924175	24.69364309420475	0.0
