# Position (bp)	A	C	G	T	N
0.0	31.058718292760844	31.378186697335636	12.874576704363939	24.682128937448088	0.0063893680914957505
1.0	30.892594722381954	31.422912273976106	13.00875343428535	24.669350201265093	0.0063893680914957505
2.0	30.98843524375439	31.359018593061144	12.9320810171874	24.714075777905563	0.0063893680914957505
3.0	30.879815986198967	31.45485911443358	13.015142802376845	24.64379272889911	0.0063893680914957505
4.0	31.00760334802888	31.41013353779311	12.912912912912914	24.6629608331736	0.0063893680914957505
5.0	30.91815219474794	31.384576065427126	13.002364066193852	24.688518305539585	0.0063893680914957505
6.0	31.06510766085234	31.44208037825059	12.912912912912914	24.57350967989266	0.0063893680914957505
7.0	30.911762826656442	31.44208037825059	12.970417225736375	24.669350201265093	0.0063893680914957505
8.0	31.013992716120377	31.378186697335636	12.906523544821416	24.69490767363108	0.0063893680914957505
9.0	30.809532937192515	31.45485911443358	13.027921538559836	24.701297041722572	0.0063893680914957505
10.0	31.06510766085234	31.32707175260367	12.893744808638424	24.70768640981407	0.0063893680914957505
11.0	30.841479777649987	31.378186697335636	13.034310906651333	24.73963325027155	0.0063893680914957505
12.0	31.013992716120377	31.37179732924414	12.912912912912914	24.69490767363108	0.0063893680914957505
13.0	30.892594722381954	31.384576065427126	13.047089642834322	24.669350201265093	0.0063893680914957505
14.0	30.98843524375439	31.256788703597216	12.957638489553384	24.790748195003516	0.0063893680914957505
15.0	30.892594722381954	31.384576065427126	13.027921538559836	24.688518305539585	0.0063893680914957505
16.0	30.956488403296913	31.32707175260367	12.995974698102359	24.714075777905563	0.0063893680914957505
17.0	30.89898409047345	31.33985048878666	13.027921538559836	24.726854514088554	0.0063893680914957505
18.0	30.911762826656442	31.307903648329184	12.983195961919366	24.790748195003516	0.0063893680914957505
19.0	30.975656507571404	31.32068238451217	13.047089642834322	24.65018209699061	0.0063893680914957505
20.0	30.911762826656442	31.36540796115264	13.027921538559836	24.688518305539585	0.0063893680914957505
21.0	30.85425851383298	31.269567439780204	13.034310906651333	24.835473771643983	0.0063893680914957505
22.0	31.001213979937386	31.288735544054692	13.00875343428535	24.69490767363108	0.0063893680914957505
23.0	30.892594722381954	31.314293016420674	13.027921538559836	24.758801354546037	0.0063893680914957505
24.0	30.969267139479907	31.263178071688706	13.027921538559836	24.73324388218005	0.0063893680914957505
25.0	30.87342661810747	31.33985048878666	13.059868379017313	24.72046514599706	0.0063893680914957505
26.0	30.95009903520542	31.307903648329184	12.976806593827868	24.758801354546037	0.0063893680914957505
27.0	30.91815219474794	31.39735480161012	12.989585330010861	24.688518305539585	0.0063893680914957505
28.0	30.892594722381954	31.37179732924414	12.976806593827868	24.75241198645454	0.0063893680914957505
29.0	30.975656507571404	31.32707175260367	12.983195961919366	24.70768640981407	0.0063893680914957505
30.0	30.91815219474794	31.359018593061144	13.00875343428535	24.70768640981407	0.0063893680914957505
31.0	30.956488403296913	31.301514280237686	13.021532170468342	24.714075777905563	0.0063893680914957505
32.0	30.982045875662894	31.346239856878157	12.995974698102359	24.669350201265093	0.0063893680914957505
33.0	30.95009903520542	31.359018593061144	13.040700274742829	24.64379272889911	0.0063893680914957505
34.0	31.02677145230337	31.269567439780204	13.027921538559836	24.669350201265093	0.0063893680914957505
35.0	30.879815986198967	31.422912273976106	12.989585330010861	24.701297041722572	0.0063893680914957505
36.0	30.975656507571404	31.32707175260367	13.015142802376845	24.67573956935659	0.0063893680914957505
37.0	30.924541562839437	31.301514280237686	13.002364066193852	24.76519072263753	0.0063893680914957505
38.0	31.001213979937386	31.378186697335636	12.944859753370391	24.669350201265093	0.0063893680914957505
39.0	30.94370966711392	31.29512491214619	12.995974698102359	24.758801354546037	0.0063893680914957505
40.0	31.052328924669347	31.333461120695162	12.919302281004407	24.688518305539585	0.0063893680914957505
41.0	30.96287777138841	31.2759568078717	13.09820458756629	24.656571465082102	0.0063893680914957505
42.0	31.045939556577856	31.282346175963198	12.9320810171874	24.73324388218005	0.0063893680914957505
43.0	30.937320299022424	31.33985048878666	13.040700274742829	24.67573956935659	0.0063893680914957505
44.0	30.99482461184589	31.403744169701614	12.912912912912914	24.682128937448088	0.0063893680914957505
45.0	30.98843524375439	31.269567439780204	12.964027857644881	24.771580090729024	0.0063893680914957505
46.0	30.94370966711392	31.378186697335636	13.015142802376845	24.656571465082102	0.0063893680914957505
47.0	30.930930930930934	31.29512491214619	13.021532170468342	24.746022618363046	0.0063893680914957505
48.0	31.058718292760844	31.269567439780204	12.983195961919366	24.682128937448088	0.0063893680914957505
49.0	31.001213979937386	31.314293016420674	13.034310906651333	24.64379272889911	0.0063893680914957505
50.0	31.03955018848636	31.186505654590764	13.002364066193852	24.76519072263753	0.0063893680914957505
51.0	30.98843524375439	31.307903648329184	12.951249121461888	24.746022618363046	0.0063893680914957505
52.0	31.033160820394862	31.29512491214619	12.951249121461888	24.714075777905563	0.0063893680914957505
53.0	30.975656507571404	31.333461120695162	12.964027857644881	24.72046514599706	0.0063893680914957505
54.0	31.013992716120377	31.314293016420674	12.944859753370391	24.72046514599706	0.0063893680914957505
55.0	30.96287777138841	31.32707175260367	12.976806593827868	24.726854514088554	0.0063893680914957505
56.0	30.98843524375439	31.2759568078717	12.970417225736375	24.758801354546037	0.0063893680914957505
57.0	30.975656507571404	31.36540796115264	12.983195961919366	24.669350201265093	0.0063893680914957505
58.0	31.013992716120377	31.390965433518623	12.919302281004407	24.669350201265093	0.0063893680914957505
59.0	31.001213979937386	31.24400996741422	13.027921538559836	24.72046514599706	0.0063893680914957505
60.0	31.013992716120377	31.435691010159093	12.912912912912914	24.63101399271612	0.0063893680914957505
61.0	30.94370966711392	31.384576065427126	12.938470385278897	24.726854514088554	0.0063893680914957505
62.0	31.013992716120377	31.352629224969654	12.944859753370391	24.682128937448088	0.0063893680914957505
63.0	30.982045875662894	31.346239856878157	12.9320810171874	24.73324388218005	0.0063893680914957505
64.0	31.013992716120377	31.39735480161012	12.874576704363939	24.70768640981407	0.0063893680914957505
65.0	30.98843524375439	31.37179732924414	12.944859753370391	24.688518305539585	0.0063893680914957505
66.0	31.001213979937386	31.429301642067596	12.919302281004407	24.64379272889911	0.0063893680914957505
67.0	30.98843524375439	31.403744169701614	12.951249121461888	24.65018209699061	0.0063893680914957505
68.0	30.937320299022424	31.378186697335636	12.900134176729921	24.77796945882052	0.0063893680914957505
69.0	31.077886397035332	31.36540796115264	12.893744808638424	24.656571465082102	0.0063893680914957505
70.0	31.033160820394862	31.32707175260367	12.9320810171874	24.701297041722572	0.0063893680914957505
71.0	30.969267139479907	31.435691010159093	12.919302281004407	24.669350201265093	0.0063893680914957505
72.0	30.98843524375439	31.45485911443358	12.906523544821416	24.64379272889911	0.0063893680914957505
73.0	31.013992716120377	31.41652290588461	12.893744808638424	24.669350201265093	0.0063893680914957505
74.0	30.930930930930934	31.422912273976106	12.995974698102359	24.64379272889911	0.0063893680914957505
75.0	31.045939556577856	31.314293016420674	12.906523544821416	24.726854514088554	0.0063893680914957505
76.0	31.013992716120377	31.301514280237686	12.970417225736375	24.70768640981407	0.0063893680914957505
77.0	30.975656507571404	31.359018593061144	12.957638489553384	24.701297041722572	0.0063893680914957505
78.0	31.058718292760844	31.33985048878666	12.919302281004407	24.67573956935659	0.0063893680914957505
79.0	30.96287777138841	31.307903648329184	12.9320810171874	24.790748195003516	0.0063893680914957505
80.0	30.937320299022424	31.384576065427126	12.970417225736375	24.701297041722572	0.0063893680914957505
81.0	31.033160820394862	31.269567439780204	12.919302281004407	24.771580090729024	0.0063893680914957505
82.0	30.892594722381954	31.390965433518623	13.00875343428535	24.701297041722572	0.0063893680914957505
83.0	31.020382084211874	31.378186697335636	12.925691649095905	24.669350201265093	0.0063893680914957505
84.0	30.94370966711392	31.314293016420674	12.970417225736375	24.76519072263753	0.0063893680914957505
85.0	30.99482461184589	31.403744169701614	12.880966072455436	24.714075777905563	0.0063893680914957505
86.0	30.95009903520542	31.390965433518623	12.983195961919366	24.669350201265093	0.0063893680914957505
87.0	30.99482461184589	31.352629224969654	12.868187336272443	24.77796945882052	0.0063893680914957505
88.0	30.879815986198967	31.44208037825059	13.015142802376845	24.656571465082102	0.0063893680914957505
89.0	30.98843524375439	31.41013353779311	12.900134176729921	24.69490767363108	0.0063893680914957505
90.0	30.930930930930934	31.352629224969654	13.021532170468342	24.688518305539585	0.0063893680914957505
91.0	30.99482461184589	31.36540796115264	12.9320810171874	24.701297041722572	0.0063893680914957505
92.0	30.95009903520542	31.41652290588461	12.951249121461888	24.67573956935659	0.0063893680914957505
93.0	30.982045875662894	31.46124848252508	12.829851127723469	24.72046514599706	0.0063893680914957505
94.0	31.013992716120377	31.307903648329184	12.938470385278897	24.73324388218005	0.0063893680914957505
95.0	30.975656507571404	31.448469746342088	12.84262986390646	24.726854514088554	0.0063893680914957505
96.0	30.91815219474794	31.36540796115264	12.951249121461888	24.758801354546037	0.0063893680914957505
97.0	30.95009903520542	31.525142163440034	12.861797968180946	24.656571465082102	0.0063893680914957505
98.0	30.971246006389773	31.399361022364218	12.939297124600637	24.69009584664537	0.0
