#Mapping quality	mapping quality
2.0	65.0
3.0	309.0
4.0	16.0
5.0	19.0
6.0	22.0
7.0	20.0
8.0	20.0
9.0	29.0
10.0	21.0
11.0	28.0
12.0	22.0
13.0	42.0
14.0	28.0
15.0	32.0
16.0	30.0
17.0	29.0
18.0	54.0
19.0	36.0
20.0	34.0
21.0	35.0
22.0	35.0
23.0	37.0
24.0	37.0
25.0	41.0
26.0	39.0
27.0	49.0
28.0	38.0
29.0	48.0
30.0	43.0
31.0	45.0
32.0	53.0
33.0	51.0
34.0	85.0
35.0	71.0
36.0	75.0
37.0	138.0
38.0	93.0
39.0	119.0
40.0	104.0
41.0	103.0
42.0	190.0
43.0	128.0
44.0	114.0
45.0	186.0
46.0	330.0
47.0	145.0
48.0	178.0
49.0	162.0
50.0	266.0
51.0	263.0
52.0	191.0
53.0	195.0
54.0	233.0
55.0	310.0
56.0	383.0
57.0	484.0
58.0	347.0
59.0	713.0
60.0	9554.0
