# Position (bp)	A	C	G	T	N
0.0	31.045939556577856	31.390965433518623	12.900134176729921	24.656571465082102	0.0063893680914957505
1.0	30.85425851383298	31.44208037825059	13.047089642834322	24.65018209699061	0.0063893680914957505
2.0	30.98843524375439	31.390965433518623	12.9320810171874	24.682128937448088	0.0063893680914957505
3.0	30.85425851383298	31.480416586799564	13.05347901092582	24.60545652035014	0.0063893680914957505
4.0	30.98843524375439	31.44208037825059	12.938470385278897	24.624624624624623	0.0063893680914957505
5.0	30.85425851383298	31.429301642067596	13.034310906651333	24.67573956935659	0.0063893680914957505
6.0	31.06510766085234	31.45485911443358	12.925691649095905	24.547952207526674	0.0063893680914957505
7.0	30.867037250015972	31.467637850616576	13.021532170468342	24.637403360807618	0.0063893680914957505
8.0	31.001213979937386	31.422912273976106	12.893744808638424	24.67573956935659	0.0063893680914957505
9.0	30.809532937192515	31.46124848252508	13.047089642834322	24.67573956935659	0.0063893680914957505
10.0	31.020382084211874	31.384576065427126	12.925691649095905	24.6629608331736	0.0063893680914957505
11.0	30.822311673375502	31.41652290588461	13.027921538559836	24.726854514088554	0.0063893680914957505
12.0	31.001213979937386	31.36540796115264	12.938470385278897	24.688518305539585	0.0063893680914957505
13.0	30.867037250015972	31.422912273976106	13.05347901092582	24.65018209699061	0.0063893680914957505
14.0	30.956488403296913	31.314293016420674	12.976806593827868	24.746022618363046	0.0063893680914957505
15.0	30.886205354290457	31.403744169701614	13.034310906651333	24.669350201265093	0.0063893680914957505
16.0	30.91815219474794	31.346239856878157	13.015142802376845	24.714075777905563	0.0063893680914957505
17.0	30.87342661810747	31.378186697335636	13.015142802376845	24.726854514088554	0.0063893680914957505
18.0	30.886205354290457	31.32707175260367	13.00875343428535	24.771580090729024	0.0063893680914957505
19.0	30.95009903520542	31.333461120695162	13.06625774710881	24.64379272889911	0.0063893680914957505
20.0	30.879815986198967	31.390965433518623	13.021532170468342	24.701297041722572	0.0063893680914957505
21.0	30.86064788192448	31.2759568078717	13.034310906651333	24.822695035460992	0.0063893680914957505
22.0	30.99482461184589	31.2759568078717	13.021532170468342	24.701297041722572	0.0063893680914957505
23.0	30.879815986198967	31.333461120695162	13.040700274742829	24.73963325027155	0.0063893680914957505
24.0	30.96287777138841	31.2759568078717	13.015142802376845	24.73963325027155	0.0063893680914957505
25.0	30.879815986198967	31.307903648329184	13.079036483291803	24.726854514088554	0.0063893680914957505
26.0	30.91815219474794	31.32068238451217	13.015142802376845	24.73963325027155	0.0063893680914957505
27.0	30.930930930930934	31.37179732924414	12.983195961919366	24.70768640981407	0.0063893680914957505
28.0	30.89898409047345	31.352629224969654	13.002364066193852	24.73963325027155	0.0063893680914957505
29.0	30.975656507571404	31.314293016420674	12.995974698102359	24.70768640981407	0.0063893680914957505
30.0	30.89898409047345	31.346239856878157	13.040700274742829	24.70768640981407	0.0063893680914957505
31.0	30.96287777138841	31.2759568078717	13.027921538559836	24.726854514088554	0.0063893680914957505
32.0	30.956488403296913	31.352629224969654	13.021532170468342	24.6629608331736	0.0063893680914957505
33.0	30.95009903520542	31.333461120695162	13.040700274742829	24.669350201265093	0.0063893680914957505
34.0	31.001213979937386	31.24400996741422	13.06625774710881	24.682128937448088	0.0063893680914957505
35.0	30.90537345856495	31.384576065427126	13.00875343428535	24.69490767363108	0.0063893680914957505
36.0	30.982045875662894	31.307903648329184	13.015142802376845	24.688518305539585	0.0063893680914957505
37.0	30.924541562839437	31.282346175963198	13.015142802376845	24.771580090729024	0.0063893680914957505
38.0	30.98843524375439	31.359018593061144	12.976806593827868	24.669350201265093	0.0063893680914957505
39.0	30.94370966711392	31.2759568078717	13.002364066193852	24.771580090729024	0.0063893680914957505
40.0	31.06510766085234	31.288735544054692	12.944859753370391	24.69490767363108	0.0063893680914957505
41.0	30.924541562839437	31.25039933550572	13.136540796115264	24.682128937448088	0.0063893680914957505
42.0	31.045939556577856	31.314293016420674	12.938470385278897	24.69490767363108	0.0063893680914957505
43.0	30.956488403296913	31.282346175963198	13.027921538559836	24.726854514088554	0.0063893680914957505
44.0	30.969267139479907	31.41652290588461	12.938470385278897	24.669350201265093	0.0063893680914957505
45.0	30.95009903520542	31.2759568078717	12.983195961919366	24.78435882691202	0.0063893680914957505
46.0	30.96287777138841	31.352629224969654	13.034310906651333	24.64379272889911	0.0063893680914957505
47.0	30.892594722381954	31.282346175963198	13.040700274742829	24.77796945882052	0.0063893680914957505
48.0	31.013992716120377	31.2759568078717	13.00875343428535	24.69490767363108	0.0063893680914957505
49.0	30.98843524375439	31.307903648329184	13.040700274742829	24.656571465082102	0.0063893680914957505
50.0	31.020382084211874	31.180116286499267	13.021532170468342	24.771580090729024	0.0063893680914957505
51.0	30.956488403296913	31.301514280237686	12.964027857644881	24.771580090729024	0.0063893680914957505
52.0	31.013992716120377	31.29512491214619	12.964027857644881	24.72046514599706	0.0063893680914957505
53.0	30.94370966711392	31.307903648329184	13.00875343428535	24.73324388218005	0.0063893680914957505
54.0	31.013992716120377	31.2759568078717	12.976806593827868	24.726854514088554	0.0063893680914957505
55.0	30.937320299022424	31.32707175260367	12.995974698102359	24.73324388218005	0.0063893680914957505
56.0	30.969267139479907	31.24400996741422	12.995974698102359	24.78435882691202	0.0063893680914957505
57.0	30.937320299022424	31.359018593061144	13.027921538559836	24.669350201265093	0.0063893680914957505
58.0	30.98843524375439	31.390965433518623	12.938470385278897	24.67573956935659	0.0063893680914957505
59.0	30.969267139479907	31.23123123123123	13.05347901092582	24.73963325027155	0.0063893680914957505
60.0	30.982045875662894	31.448469746342088	12.9320810171874	24.63101399271612	0.0063893680914957505
61.0	30.937320299022424	31.346239856878157	12.976806593827868	24.73324388218005	0.0063893680914957505
62.0	30.98843524375439	31.352629224969654	12.964027857644881	24.688518305539585	0.0063893680914957505
63.0	30.937320299022424	31.352629224969654	12.970417225736375	24.73324388218005	0.0063893680914957505
64.0	31.02677145230337	31.36540796115264	12.88735544054693	24.714075777905563	0.0063893680914957505
65.0	30.937320299022424	31.37179732924414	12.989585330010861	24.69490767363108	0.0063893680914957505
66.0	30.956488403296913	31.41652290588461	12.951249121461888	24.669350201265093	0.0063893680914957505
67.0	30.96287777138841	31.378186697335636	12.989585330010861	24.6629608331736	0.0063893680914957505
68.0	30.930930930930934	31.36540796115264	12.925691649095905	24.771580090729024	0.0063893680914957505
69.0	31.001213979937386	31.359018593061144	12.938470385278897	24.69490767363108	0.0063893680914957505
70.0	31.02677145230337	31.307903648329184	12.957638489553384	24.701297041722572	0.0063893680914957505
71.0	30.956488403296913	31.448469746342088	12.919302281004407	24.669350201265093	0.0063893680914957505
72.0	30.956488403296913	31.41652290588461	12.938470385278897	24.682128937448088	0.0063893680914957505
73.0	30.956488403296913	31.448469746342088	12.925691649095905	24.6629608331736	0.0063893680914957505
74.0	30.937320299022424	31.378186697335636	12.995974698102359	24.682128937448088	0.0063893680914957505
75.0	31.001213979937386	31.307903648329184	12.951249121461888	24.73324388218005	0.0063893680914957505
76.0	30.99482461184589	31.314293016420674	12.970417225736375	24.714075777905563	0.0063893680914957505
77.0	30.956488403296913	31.352629224969654	12.995974698102359	24.688518305539585	0.0063893680914957505
78.0	31.033160820394862	31.32068238451217	12.944859753370391	24.69490767363108	0.0063893680914957505
79.0	30.924541562839437	31.307903648329184	12.964027857644881	24.79713756309501	0.0063893680914957505
80.0	30.91815219474794	31.403744169701614	12.976806593827868	24.69490767363108	0.0063893680914957505
81.0	31.013992716120377	31.24400996741422	12.951249121461888	24.78435882691202	0.0063893680914957505
82.0	30.847869145741484	31.39735480161012	13.027921538559836	24.72046514599706	0.0063893680914957505
83.0	31.001213979937386	31.346239856878157	12.951249121461888	24.69490767363108	0.0063893680914957505
84.0	30.90537345856495	31.333461120695162	12.995974698102359	24.758801354546037	0.0063893680914957505
85.0	30.969267139479907	31.352629224969654	12.912912912912914	24.758801354546037	0.0063893680914957505
86.0	30.937320299022424	31.384576065427126	13.00875343428535	24.6629608331736	0.0063893680914957505
87.0	30.956488403296913	31.352629224969654	12.893744808638424	24.790748195003516	0.0063893680914957505
88.0	30.867037250015972	31.422912273976106	13.034310906651333	24.669350201265093	0.0063893680914957505
89.0	30.982045875662894	31.41652290588461	12.912912912912914	24.682128937448088	0.0063893680914957505
90.0	30.90537345856495	31.346239856878157	13.034310906651333	24.70768640981407	0.0063893680914957505
91.0	30.930930930930934	31.37179732924414	12.964027857644881	24.726854514088554	0.0063893680914957505
92.0	30.94370966711392	31.39735480161012	12.970417225736375	24.682128937448088	0.0063893680914957505
93.0	30.930930930930934	31.46124848252508	12.855408600089453	24.746022618363046	0.0063893680914957505
94.0	30.975656507571404	31.301514280237686	12.976806593827868	24.73963325027155	0.0063893680914957505
95.0	30.975656507571404	31.44208037825059	12.855408600089453	24.72046514599706	0.0063893680914957505
96.0	30.87342661810747	31.359018593061144	12.976806593827868	24.78435882691202	0.0063893680914957505
97.0	30.89898409047345	31.525142163440034	12.874576704363939	24.69490767363108	0.0063893680914957505
98.0	30.93290734824281	31.424920127795524	12.945686900958467	24.696485623003195	0.0
