# Position (bp)	A	C	G	T	N
0.0	31.008476689104963	31.28895537272501	13.001745200698082	24.694589877835952	0.006232859636000998
1.0	31.002243829468963	31.363749688357018	12.914485165794066	24.713288456743953	0.006232859636000998
2.0	30.99601096983296	31.388681126901023	12.939416604338069	24.669658439291947	0.006232859636000998
3.0	30.952380952380953	31.32011967090501	13.00797806033408	24.713288456743953	0.006232859636000998
4.0	30.91498379456495	31.413612565445025	12.939416604338069	24.725754176015958	0.006232859636000998
5.0	30.977312390924954	31.401146846173024	12.926950885066068	24.688357018199948	0.006232859636000998
6.0	30.964846671652957	31.326352530541012	13.001745200698082	24.700822737471952	0.006232859636000998
7.0	30.908750934928946	31.41984542508103	12.951882323610073	24.713288456743953	0.006232859636000998
8.0	30.933682373472948	31.407379705809024	12.99551234106208	24.657192720019946	0.006232859636000998
9.0	30.964846671652957	31.45100972326103	12.895786586886063	24.682124158563948	0.006232859636000998
10.0	30.952380952380953	31.332585390177016	12.951882323610073	24.75691847419596	0.006232859636000998
11.0	30.921216654200943	31.382448267265023	13.001745200698082	24.688357018199948	0.006232859636000998
12.0	30.921216654200943	31.45100972326103	12.939416604338069	24.682124158563948	0.006232859636000998
13.0	30.902518075292946	31.345051109449013	12.970580902518074	24.775617053103964	0.006232859636000998
14.0	30.964846671652957	31.376215407629022	12.964348042882074	24.688357018199948	0.006232859636000998
15.0	30.85888805784094	31.401146846173024	13.001745200698082	24.731987035651954	0.006232859636000998
16.0	30.958613812016957	31.357516828721018	12.964348042882074	24.713288456743953	0.006232859636000998
17.0	30.908750934928946	31.407379705809024	12.99551234106208	24.682124158563948	0.006232859636000998
18.0	30.939915233108948	31.338818249813016	12.99551234106208	24.719521316379954	0.006232859636000998
19.0	30.88381949638494	31.401146846173024	12.964348042882074	24.74445275492396	0.006232859636000998
20.0	30.91498379456495	31.39491398653702	12.989279481426077	24.694589877835952	0.006232859636000998
21.0	30.939915233108948	31.270256793817	13.020443779606083	24.763151333831964	0.006232859636000998
22.0	30.840189478932935	31.45724258289703	12.99551234106208	24.700822737471952	0.006232859636000998
23.0	30.939915233108948	31.338818249813016	13.032909498878084	24.682124158563948	0.006232859636000998
24.0	30.83395661929693	31.376215407629022	12.964348042882074	24.81924707055597	0.006232859636000998
25.0	30.964846671652957	31.36998254799302	12.958115183246074	24.700822737471952	0.006232859636000998
26.0	30.85888805784094	31.351283969085014	13.070306656694092	24.713288456743953	0.006232859636000998
27.0	30.86512091747694	31.36998254799302	13.045375218150088	24.713288456743953	0.006232859636000998
28.0	30.846422338568935	31.401146846173024	13.001745200698082	24.74445275492396	0.006232859636000998
29.0	30.86512091747694	31.376215407629022	13.057840937422089	24.694589877835952	0.006232859636000998
30.0	30.85888805784094	31.332585390177016	13.00797806033408	24.79431563201197	0.006232859636000998
31.0	30.871353777112944	31.438544003989033	13.020443779606083	24.663425579655947	0.006232859636000998
32.0	30.877586636748937	31.401146846173024	13.032909498878084	24.682124158563948	0.006232859636000998
33.0	30.91498379456495	31.32011967090501	13.076539516330094	24.682124158563948	0.006232859636000998
34.0	30.840189478932935	31.41984542508103	13.026676639242085	24.707055597107953	0.006232859636000998
35.0	30.933682373472948	31.29518823236101	13.057840937422089	24.707055597107953	0.006232859636000998
36.0	30.896285215656942	31.401146846173024	13.026676639242085	24.669658439291947	0.006232859636000998
37.0	30.91498379456495	31.39491398653702	13.026676639242085	24.657192720019946	0.006232859636000998
38.0	30.908750934928946	31.270256793817	13.057840937422089	24.75691847419596	0.006232859636000998
39.0	30.85888805784094	31.357516828721018	13.026676639242085	24.750685614559963	0.006232859636000998
40.0	30.85888805784094	31.388681126901023	13.001745200698082	24.74445275492396	0.006232859636000998
41.0	30.896285215656942	31.332585390177016	13.039142358514086	24.725754176015958	0.006232859636000998
42.0	30.91498379456495	31.332585390177016	13.001745200698082	24.74445275492396	0.006232859636000998
43.0	30.83395661929693	31.282722513089006	13.06407379705809	24.81301421091997	0.006232859636000998
44.0	30.952380952380953	31.332585390177016	13.045375218150088	24.663425579655947	0.006232859636000998
45.0	30.983545250560958	31.264023934181	13.039142358514086	24.707055597107953	0.006232859636000998
46.0	30.964846671652957	31.332585390177016	12.99551234106208	24.700822737471952	0.006232859636000998
47.0	30.927449513836947	31.363749688357018	13.051608077786089	24.650959860383946	0.006232859636000998
48.0	30.99601096983296	31.29518823236101	12.964348042882074	24.73821989528796	0.006232859636000998
49.0	30.958613812016957	31.245325355273003	13.039142358514086	24.750685614559963	0.006232859636000998
50.0	30.977312390924954	31.32011967090501	13.032909498878084	24.663425579655947	0.006232859636000998
51.0	31.033408127648965	31.313886811269008	13.045375218150088	24.601096983295935	0.006232859636000998
52.0	30.908750934928946	31.28895537272501	12.99551234106208	24.800548491647966	0.006232859636000998
53.0	30.91498379456495	31.332585390177016	13.00797806033408	24.73821989528796	0.006232859636000998
54.0	30.927449513836947	31.345051109449013	13.070306656694092	24.650959860383946	0.006232859636000998
55.0	30.971079531288954	31.28895537272501	13.039142358514086	24.694589877835952	0.006232859636000998
56.0	30.964846671652957	31.326352530541012	13.039142358514086	24.663425579655947	0.006232859636000998
57.0	30.908750934928946	31.363749688357018	13.06407379705809	24.657192720019946	0.006232859636000998
58.0	30.964846671652957	31.326352530541012	13.051608077786089	24.650959860383946	0.006232859636000998
59.0	30.964846671652957	31.307653951633007	13.06407379705809	24.657192720019946	0.006232859636000998
60.0	30.958613812016957	31.363749688357018	12.99551234106208	24.675891298927947	0.006232859636000998
61.0	31.002243829468963	31.301421091997007	13.089005235602095	24.601096983295935	0.006232859636000998
62.0	30.964846671652957	31.401146846173024	12.99551234106208	24.63226128147594	0.006232859636000998
63.0	30.946148092744952	31.345051109449013	13.051608077786089	24.650959860383946	0.006232859636000998
64.0	31.02094240837696	31.326352530541012	13.039142358514086	24.60732984293194	0.006232859636000998
65.0	30.946148092744952	31.313886811269008	13.020443779606083	24.713288456743953	0.006232859636000998
66.0	31.027175268012964	31.32011967090501	13.032909498878084	24.613562702567936	0.006232859636000998
67.0	30.952380952380953	31.28895537272501	13.06407379705809	24.688357018199948	0.006232859636000998
68.0	30.98977811019696	31.326352530541012	13.014210919970083	24.663425579655947	0.006232859636000998
69.0	31.039640987284965	31.28895537272501	13.014210919970083	24.650959860383946	0.006232859636000998
70.0	30.933682373472948	31.376215407629022	12.99551234106208	24.688357018199948	0.006232859636000998
71.0	31.008476689104963	31.239092495637	13.076539516330094	24.669658439291947	0.006232859636000998
72.0	31.05210670655697	31.257791074545	13.026676639242085	24.657192720019946	0.006232859636000998
73.0	30.946148092744952	31.363749688357018	13.026676639242085	24.657192720019946	0.006232859636000998
74.0	30.983545250560958	31.28895537272501	12.964348042882074	24.75691847419596	0.006232859636000998
75.0	30.983545250560958	31.332585390177016	13.051608077786089	24.62602842183994	0.006232859636000998
76.0	30.971079531288954	31.363749688357018	12.945649463974071	24.713288456743953	0.006232859636000998
77.0	30.99601096983296	31.270256793817	13.026676639242085	24.700822737471952	0.006232859636000998
78.0	30.964846671652957	31.301421091997007	13.020443779606083	24.707055597107953	0.006232859636000998
79.0	30.977312390924954	31.313886811269008	13.026676639242085	24.675891298927947	0.006232859636000998
80.0	30.952380952380953	31.29518823236101	13.045375218150088	24.700822737471952	0.006232859636000998
81.0	30.983545250560958	31.28895537272501	12.99551234106208	24.725754176015958	0.006232859636000998
82.0	30.946148092744952	31.36998254799302	12.99551234106208	24.682124158563948	0.006232859636000998
83.0	30.927449513836947	31.376215407629022	13.026676639242085	24.663425579655947	0.006232859636000998
84.0	30.939915233108948	31.376215407629022	12.976813762154077	24.700822737471952	0.006232859636000998
85.0	30.908750934928946	31.307653951633007	13.057840937422089	24.719521316379954	0.006232859636000998
86.0	30.99601096983296	31.36998254799302	12.970580902518074	24.657192720019946	0.006232859636000998
87.0	30.952380952380953	31.357516828721018	12.951882323610073	24.731987035651954	0.006232859636000998
88.0	30.871353777112944	31.36998254799302	13.00797806033408	24.74445275492396	0.006232859636000998
89.0	30.89005235602094	31.39491398653702	12.989279481426077	24.719521316379954	0.006232859636000998
90.0	30.896285215656942	31.401146846173024	12.976813762154077	24.719521316379954	0.006232859636000998
91.0	30.983545250560958	31.326352530541012	12.976813762154077	24.707055597107953	0.006232859636000998
92.0	30.852655198204936	31.39491398653702	13.001745200698082	24.74445275492396	0.006232859636000998
93.0	30.977312390924954	31.326352530541012	12.989279481426077	24.700822737471952	0.006232859636000998
94.0	30.846422338568935	31.45100972326103	12.88955372725006	24.80678135128397	0.006232859636000998
95.0	30.946148092744952	31.382448267265023	12.951882323610073	24.713288456743953	0.006232859636000998
96.0	30.946148092744952	31.351283969085014	12.951882323610073	24.74445275492396	0.006232859636000998
97.0	30.946148092744952	31.39491398653702	12.93318374470207	24.719521316379954	0.006232859636000998
98.0	30.896285215656942	31.388681126901023	12.958115183246074	24.750685614559963	0.006232859636000998
99.0	30.983545250560958	31.313886811269008	12.970580902518074	24.725754176015958	0.006232859636000998
100.0	30.964846671652957	31.388681126901023	12.939416604338069	24.700822737471952	0.006232859636000998
101.0	30.99601096983296	31.307653951633007	12.951882323610073	24.73821989528796	0.006232859636000998
102.0	30.933682373472948	31.407379705809024	12.93318374470207	24.719521316379954	0.006232859636000998
103.0	30.939915233108948	31.382448267265023	12.883320867614062	24.788082772375965	0.006232859636000998
104.0	30.964846671652957	31.382448267265023	12.914485165794066	24.731987035651954	0.006232859636000998
105.0	31.002243829468963	31.345051109449013	12.926950885066068	24.719521316379954	0.006232859636000998
106.0	30.98977811019696	31.36998254799302	12.951882323610073	24.682124158563948	0.006232859636000998
107.0	30.98977811019696	31.345051109449013	12.93318374470207	24.725754176015958	0.006232859636000998
108.0	30.927449513836947	31.332585390177016	12.970580902518074	24.763151333831964	0.006232859636000998
109.0	31.10196958364498	31.28895537272501	12.895786586886063	24.707055597107953	0.006232859636000998
110.0	31.002243829468963	31.357516828721018	12.858389429070058	24.775617053103964	0.006232859636000998
111.0	30.983545250560958	31.313886811269008	12.939416604338069	24.75691847419596	0.006232859636000998
112.0	31.095736724008976	31.363749688357018	12.908252306158067	24.62602842183994	0.006232859636000998
113.0	31.02094240837696	31.32011967090501	12.902019446522065	24.750685614559963	0.006232859636000998
114.0	31.02094240837696	31.307653951633007	12.939416604338069	24.725754176015958	0.006232859636000998
115.0	31.039640987284965	31.345051109449013	12.914485165794066	24.694589877835952	0.006232859636000998
116.0	31.008476689104963	31.357516828721018	12.93318374470207	24.694589877835952	0.006232859636000998
117.0	31.033408127648965	31.351283969085014	12.939416604338069	24.669658439291947	0.006232859636000998
118.0	30.971079531288954	31.382448267265023	12.908252306158067	24.731987035651954	0.006232859636000998
119.0	31.05210670655697	31.332585390177016	12.864622288706059	24.74445275492396	0.006232859636000998
120.0	31.089503864372976	31.307653951633007	12.958115183246074	24.63849414111194	0.006232859636000998
121.0	31.027175268012964	31.401146846173024	12.845923709798054	24.719521316379954	0.006232859636000998
122.0	31.05210670655697	31.345051109449013	12.902019446522065	24.694589877835952	0.006232859636000998
123.0	30.99601096983296	31.39491398653702	12.93318374470207	24.669658439291947	0.006232859636000998
124.0	30.98977811019696	31.376215407629022	12.914485165794066	24.713288456743953	0.006232859636000998
125.0	31.07703814510097	31.376215407629022	12.845923709798054	24.694589877835952	0.006232859636000998
126.0	31.002243829468963	31.251558214908997	12.970580902518074	24.769384193467964	0.006232859636000998
127.0	31.10196958364498	31.36998254799302	12.852156569434056	24.669658439291947	0.006232859636000998
128.0	31.033408127648965	31.301421091997007	12.920718025430066	24.73821989528796	0.006232859636000998
129.0	31.002243829468963	31.28895537272501	12.945649463974071	24.75691847419596	0.006232859636000998
130.0	31.08327100473697	31.351283969085014	12.87708800797806	24.682124158563948	0.006232859636000998
131.0	31.01470954874096	31.363749688357018	12.852156569434056	24.763151333831964	0.006232859636000998
132.0	31.05210670655697	31.357516828721018	12.920718025430066	24.663425579655947	0.006232859636000998
133.0	30.964846671652957	31.326352530541012	12.88955372725006	24.81301421091997	0.006232859636000998
134.0	31.02094240837696	31.345051109449013	12.926950885066068	24.700822737471952	0.006232859636000998
135.0	31.04587384692097	31.326352530541012	12.908252306158067	24.713288456743953	0.006232859636000998
136.0	31.033408127648965	31.338818249813016	12.833457990526053	24.788082772375965	0.006232859636000998
137.0	31.10196958364498	31.282722513089006	12.93318374470207	24.675891298927947	0.006232859636000998
138.0	31.07703814510097	31.332585390177016	12.87085514834206	24.713288456743953	0.006232859636000998
139.0	31.089503864372976	31.307653951633007	12.93318374470207	24.663425579655947	0.006232859636000998
140.0	31.05210670655697	31.307653951633007	12.93318374470207	24.700822737471952	0.006232859636000998
141.0	31.039640987284965	31.326352530541012	12.970580902518074	24.657192720019946	0.006232859636000998
142.0	31.008476689104963	31.36998254799302	12.920718025430066	24.694589877835952	0.006232859636000998
143.0	31.002243829468963	31.313886811269008	12.926950885066068	24.750685614559963	0.006232859636000998
144.0	31.133133881824982	31.29518823236101	12.88955372725006	24.675891298927947	0.006232859636000998
145.0	31.027175268012964	31.282722513089006	12.964348042882074	24.719521316379954	0.006232859636000998
146.0	31.08327100473697	31.32011967090501	12.87708800797806	24.713288456743953	0.006232859636000998
147.0	31.027175268012964	31.351283969085014	12.945649463974071	24.669658439291947	0.006232859636000998
148.0	31.05833956619297	31.29518823236101	12.951882323610073	24.688357018199948	0.006232859636000998
149.0	31.027175268012964	31.345051109449013	12.945649463974071	24.675891298927947	0.006232859636000998
