# Position (bp)	A	C	G	T	N
0.0	31.051188882514186	31.369924141008475	12.902403263849047	24.670109007458404	0.006374705169885892
1.0	30.879071842927264	31.408172372027792	13.042646777586537	24.66373430228852	0.006374705169885892
2.0	30.98106712564544	31.376298846178365	12.947026200038248	24.689233122968062	0.006374705169885892
3.0	30.88544654809715	31.459170013386885	13.036272072416653	24.612736660929432	0.006374705169885892
4.0	30.987441830815328	31.427296487537454	12.934276789698476	24.644610186778863	0.006374705169885892
5.0	30.89182125326704	31.395422961688023	13.029897367246765	24.67648371262829	0.006374705169885892
6.0	31.063938292853955	31.44642060304711	12.940651494868364	24.542614904060684	0.006374705169885892
7.0	30.898195958436926	31.440045897877223	12.998023841397336	24.657359597118635	0.006374705169885892
8.0	31.006565946324983	31.389048256518137	12.921527379358706	24.67648371262829	0.006374705169885892
9.0	30.808950086058516	31.459170013386885	13.042646777586537	24.682858417798176	0.006374705169885892
10.0	31.03843947217441	31.344425320328934	12.927902084528592	24.682858417798176	0.006374705169885892
11.0	30.828074201568178	31.401797666857906	13.049021482756423	24.714731943647607	0.006374705169885892
12.0	31.01294065149487	31.35080002549882	12.934276789698476	24.69560782813795	0.006374705169885892
13.0	30.872697137757378	31.395422961688023	13.080895008605854	24.644610186778863	0.006374705169885892
14.0	30.974692420475552	31.29342767896985	12.978899725887677	24.746605469497034	0.006374705169885892
15.0	30.89182125326704	31.38267355134825	13.042646777586537	24.67648371262829	0.006374705169885892
16.0	30.936444189456235	31.338050615159048	13.017147956906994	24.701982533307834	0.006374705169885892
17.0	30.872697137757378	31.357174730668707	13.042646777586537	24.721106648817493	0.006374705169885892
18.0	30.91732007394658	31.306177089309617	13.004398546567222	24.765729585006692	0.006374705169885892
19.0	30.94281889462612	31.31892649964939	13.080895008605854	24.650984891948745	0.006374705169885892
20.0	30.88544654809715	31.369924141008475	13.029897367246765	24.70835723847772	0.006374705169885892
21.0	30.866322432587495	31.261554153120418	13.049021482756423	24.81672722636578	0.006374705169885892
22.0	31.000191241155093	31.280678268630073	13.029897367246765	24.682858417798176	0.006374705169885892
23.0	30.872697137757378	31.31892649964939	13.049021482756423	24.752980174666924	0.006374705169885892
24.0	30.974692420475552	31.248804742780646	13.036272072416653	24.733856059157265	0.006374705169885892
25.0	30.88544654809715	31.331675909989166	13.068145598266081	24.70835723847772	0.006374705169885892
26.0	30.94281889462612	31.299802384139735	13.010773251737106	24.74023076432715	0.006374705169885892
27.0	30.91732007394658	31.363549435838596	13.010773251737106	24.701982533307834	0.006374705169885892
28.0	30.904570663606805	31.357174730668707	12.991649136227448	24.74023076432715	0.006374705169885892
29.0	30.974692420475552	31.31892649964939	13.004398546567222	24.69560782813795	0.006374705169885892
30.0	30.904570663606805	31.344425320328934	13.042646777586537	24.701982533307834	0.006374705169885892
31.0	30.961943010135784	31.280678268630073	13.049021482756423	24.701982533307834	0.006374705169885892
32.0	30.98106712564544	31.344425320328934	13.010773251737106	24.657359597118635	0.006374705169885892
33.0	30.94281889462612	31.331675909989166	13.068145598266081	24.650984891948745	0.006374705169885892
34.0	31.032064767004524	31.24243003761076	13.055396187926307	24.66373430228852	0.006374705169885892
35.0	30.88544654809715	31.408172372027792	13.010773251737106	24.689233122968062	0.006374705169885892
36.0	30.987441830815328	31.306177089309617	13.017147956906994	24.682858417798176	0.006374705169885892
37.0	30.936444189456235	31.274303563460187	13.023522662076878	24.759354879836806	0.006374705169885892
38.0	31.000191241155093	31.363549435838596	12.972525020717793	24.657359597118635	0.006374705169885892
39.0	30.936444189456235	31.267928858290304	13.010773251737106	24.778478995346465	0.006374705169885892
40.0	31.051188882514186	31.287052973799963	12.953400905208134	24.701982533307834	0.006374705169885892
41.0	30.94281889462612	31.261554153120418	13.131892649964938	24.657359597118635	0.006374705169885892
42.0	31.051188882514186	31.280678268630073	12.947026200038248	24.714731943647607	0.006374705169885892
43.0	30.936444189456235	31.31892649964939	13.042646777586537	24.69560782813795	0.006374705169885892
44.0	30.961943010135784	31.395422961688023	12.940651494868364	24.69560782813795	0.006374705169885892
45.0	30.955568304965897	31.287052973799963	12.991649136227448	24.759354879836806	0.006374705169885892
46.0	30.94919359979601	31.35080002549882	13.029897367246765	24.66373430228852	0.006374705169885892
47.0	30.904570663606805	31.287052973799963	13.049021482756423	24.752980174666924	0.006374705169885892
48.0	31.019315356664755	31.261554153120418	13.010773251737106	24.701982533307834	0.006374705169885892
49.0	31.000191241155093	31.306177089309617	13.055396187926307	24.63186077643909	0.006374705169885892
50.0	31.03843947217441	31.185057691081784	13.010773251737106	24.759354879836806	0.006374705169885892
51.0	30.94919359979601	31.299802384139735	12.966150315547905	24.778478995346465	0.006374705169885892
52.0	31.019315356664755	31.287052973799963	12.985274431057563	24.701982533307834	0.006374705169885892
53.0	30.955568304965897	31.31892649964939	12.991649136227448	24.72748135398738	0.006374705169885892
54.0	31.000191241155093	31.287052973799963	12.985274431057563	24.721106648817493	0.006374705169885892
55.0	30.94919359979601	31.312551794479504	13.004398546567222	24.72748135398738	0.006374705169885892
56.0	30.961943010135784	31.261554153120418	13.010773251737106	24.759354879836806	0.006374705169885892
57.0	30.94919359979601	31.338050615159048	13.023522662076878	24.682858417798176	0.006374705169885892
58.0	30.993816535985207	31.38267355134825	12.953400905208134	24.66373430228852	0.006374705169885892
59.0	30.98106712564544	31.22968062727099	13.042646777586537	24.74023076432715	0.006374705169885892
60.0	30.987441830815328	31.427296487537454	12.947026200038248	24.63186077643909	0.006374705169885892
61.0	30.936444189456235	31.357174730668707	12.978899725887677	24.721106648817493	0.006374705169885892
62.0	30.987441830815328	31.35080002549882	12.972525020717793	24.682858417798176	0.006374705169885892
63.0	30.955568304965897	31.338050615159048	12.966150315547905	24.733856059157265	0.006374705169885892
64.0	31.025690061834638	31.369924141008475	12.896028558679163	24.701982533307834	0.006374705169885892
65.0	30.968317715305666	31.357174730668707	12.978899725887677	24.689233122968062	0.006374705169885892
66.0	30.94919359979601	31.41454707719768	12.959775610378019	24.670109007458404	0.006374705169885892
67.0	30.974692420475552	31.38267355134825	12.978899725887677	24.657359597118635	0.006374705169885892
68.0	30.91732007394658	31.357174730668707	12.940651494868364	24.778478995346465	0.006374705169885892
69.0	31.03843947217441	31.35080002549882	12.927902084528592	24.67648371262829	0.006374705169885892
70.0	31.006565946324983	31.31892649964939	12.953400905208134	24.714731943647607	0.006374705169885892
71.0	30.968317715305666	31.420921782367568	12.927902084528592	24.67648371262829	0.006374705169885892
72.0	30.961943010135784	31.440045897877223	12.940651494868364	24.650984891948745	0.006374705169885892
73.0	30.987441830815328	31.41454707719768	12.915152674188818	24.67648371262829	0.006374705169885892
74.0	30.923694779116467	31.401797666857906	13.004398546567222	24.66373430228852	0.006374705169885892
75.0	31.019315356664755	31.299802384139735	12.934276789698476	24.74023076432715	0.006374705169885892
76.0	30.993816535985207	31.299802384139735	12.998023841397336	24.701982533307834	0.006374705169885892
77.0	30.968317715305666	31.35080002549882	12.978899725887677	24.69560782813795	0.006374705169885892
78.0	31.03843947217441	31.331675909989166	12.959775610378019	24.66373430228852	0.006374705169885892
79.0	30.94281889462612	31.306177089309617	12.953400905208134	24.791228405686237	0.006374705169885892
80.0	30.91732007394658	31.395422961688023	12.998023841397336	24.682858417798176	0.006374705169885892
81.0	31.01294065149487	31.267928858290304	12.947026200038248	24.765729585006692	0.006374705169885892
82.0	30.879071842927264	31.38267355134825	13.036272072416653	24.69560782813795	0.006374705169885892
83.0	30.993816535985207	31.376298846178365	12.959775610378019	24.66373430228852	0.006374705169885892
84.0	30.898195958436926	31.331675909989166	13.004398546567222	24.759354879836806	0.006374705169885892
85.0	30.98106712564544	31.38267355134825	12.908777969018933	24.721106648817493	0.006374705169885892
86.0	30.930069484286353	31.389048256518137	13.004398546567222	24.670109007458404	0.006374705169885892
87.0	30.961943010135784	31.35080002549882	12.902403263849047	24.778478995346465	0.006374705169885892
88.0	30.866322432587495	31.440045897877223	13.029897367246765	24.657359597118635	0.006374705169885892
89.0	30.968317715305666	31.41454707719768	12.927902084528592	24.682858417798176	0.006374705169885892
90.0	30.89182125326704	31.357174730668707	13.049021482756423	24.69560782813795	0.006374705169885892
91.0	30.968317715305666	31.369924141008475	12.959775610378019	24.69560782813795	0.006374705169885892
92.0	30.91732007394658	31.41454707719768	12.985274431057563	24.67648371262829	0.006374705169885892
93.0	30.955568304965897	31.459170013386885	12.857780327659846	24.721106648817493	0.006374705169885892
94.0	30.968317715305666	31.31892649964939	12.972525020717793	24.733856059157265	0.006374705169885892
95.0	30.961943010135784	31.44642060304711	12.864155032829732	24.721106648817493	0.006374705169885892
96.0	30.904570663606805	31.357174730668707	12.972525020717793	24.759354879836806	0.006374705169885892
97.0	30.898195958436926	31.542041180595398	12.876904443169504	24.67648371262829	0.006374705169885892
98.0	30.95754175698075	31.41017467805687	12.941476475838327	24.69080708912406	0.0
