# Position (bp)	A	C	G	T	N
0.0	31.023533806499813	31.291246420122025	12.987174698045076	24.691819200597685	0.006225874735400324
1.0	31.01108205702901	31.35973104221143	12.90001245174947	24.722948574274685	0.006225874735400324
2.0	31.01108205702901	31.378408666417634	12.931141825426472	24.673141576391483	0.006225874735400324
3.0	30.973726808616608	31.31614991906363	12.993400572780475	24.710496824803883	0.006225874735400324
4.0	30.94882330967501	31.397086290623832	12.924915950691071	24.722948574274685	0.006225874735400324
5.0	30.998630307558212	31.397086290623832	12.918690075955672	24.679367451126883	0.006225874735400324
6.0	30.992404432822813	31.30992404432823	12.993400572780475	24.698045075333084	0.006225874735400324
7.0	30.91769393599801	31.415763914830038	12.937367700161872	24.722948574274685	0.006225874735400324
8.0	30.95504918441041	31.397086290623832	12.980948823309674	24.66068982692068	0.006225874735400324
9.0	30.986178558087413	31.434441539036236	12.88133482754327	24.691819200597685	0.006225874735400324
10.0	30.986178558087413	31.32237579379903	12.931141825426472	24.754077947951686	0.006225874735400324
11.0	30.94259743493961	31.36595691694683	12.980948823309674	24.704270950068484	0.006225874735400324
12.0	30.96127505914581	31.428215664300836	12.931141825426472	24.673141576391483	0.006225874735400324
13.0	30.94259743493961	31.32237579379903	12.956045324368073	24.772755572157887	0.006225874735400324
14.0	30.998630307558212	31.35973104221143	12.949819449632674	24.685593325862285	0.006225874735400324
15.0	30.892790437056405	31.384634541153034	12.987174698045076	24.729174449010085	0.006225874735400324
16.0	30.979952683352014	31.35350516747603	12.949819449632674	24.710496824803883	0.006225874735400324
17.0	30.936371560204208	31.384634541153034	12.980948823309674	24.691819200597685	0.006225874735400324
18.0	30.973726808616608	31.32237579379903	12.980948823309674	24.716722699539282	0.006225874735400324
19.0	30.91146806126261	31.378408666417634	12.956045324368073	24.747852073216286	0.006225874735400324
20.0	30.94259743493961	31.384634541153034	12.980948823309674	24.685593325862285	0.006225874735400324
21.0	30.967500933881208	31.253891171709625	13.005852322251277	24.766529697422488	0.006225874735400324
22.0	30.874112812850207	31.434441539036236	12.993400572780475	24.691819200597685	0.006225874735400324
23.0	30.973726808616608	31.30992404432823	13.024529946457477	24.685593325862285	0.006225874735400324
24.0	30.861661063379405	31.35973104221143	12.962271199103473	24.81011082057029	0.006225874735400324
25.0	30.992404432822813	31.35350516747603	12.949819449632674	24.698045075333084	0.006225874735400324
26.0	30.886564562321006	31.34105341800523	13.061885194869879	24.704270950068484	0.006225874735400324
27.0	30.90524218652721	31.34727929274063	13.030755821192876	24.710496824803883	0.006225874735400324
28.0	30.880338687585606	31.36595691694683	12.993400572780475	24.754077947951686	0.006225874735400324
29.0	30.90524218652721	31.34727929274063	13.049433445399078	24.691819200597685	0.006225874735400324
30.0	30.880338687585606	31.32237579379903	12.999626447515874	24.79143319636409	0.006225874735400324
31.0	30.90524218652721	31.40331216535923	13.018304071722078	24.666915701656084	0.006225874735400324
32.0	30.92391981073341	31.36595691694683	13.03698169592828	24.666915701656084	0.006225874735400324
33.0	30.94882330967501	31.291246420122025	13.061885194869879	24.691819200597685	0.006225874735400324
34.0	30.861661063379405	31.40331216535923	13.030755821192876	24.698045075333084	0.006225874735400324
35.0	30.96127505914581	31.278794670651227	13.049433445399078	24.704270950068484	0.006225874735400324
36.0	30.91769393599801	31.378408666417634	13.030755821192876	24.666915701656084	0.006225874735400324
37.0	30.94882330967501	31.36595691694683	13.024529946457477	24.65446395218528	0.006225874735400324
38.0	30.94259743493961	31.247665296974226	13.05565932013448	24.747852073216286	0.006225874735400324
39.0	30.899016311791804	31.32860166853443	13.012078196986677	24.754077947951686	0.006225874735400324
40.0	30.880338687585606	31.35973104221143	13.005852322251277	24.747852073216286	0.006225874735400324
41.0	30.91769393599801	31.30992404432823	13.03698169592828	24.729174449010085	0.006225874735400324
42.0	30.94882330967501	31.31614991906363	12.993400572780475	24.735400323745484	0.006225874735400324
43.0	30.849209313908606	31.260117046445025	13.061885194869879	24.82256257004109	0.006225874735400324
44.0	30.967500933881208	31.31614991906363	13.049433445399078	24.66068982692068	0.006225874735400324
45.0	31.00485618229361	31.22898767276802	13.030755821192876	24.729174449010085	0.006225874735400324
46.0	30.973726808616608	31.31614991906363	13.005852322251277	24.698045075333084	0.006225874735400324
47.0	30.94882330967501	31.35973104221143	13.043207570663679	24.64201220271448	0.006225874735400324
48.0	31.01108205702901	31.266342921180424	12.968497073838876	24.747852073216286	0.006225874735400324
49.0	30.96127505914581	31.22276179803262	13.043207570663679	24.766529697422488	0.006225874735400324
50.0	30.986178558087413	31.291246420122025	13.043207570663679	24.673141576391483	0.006225874735400324
51.0	31.04221143070601	31.303698169592824	13.03698169592828	24.610882829037482	0.006225874735400324
52.0	30.90524218652721	31.278794670651227	13.005852322251277	24.803884945834888	0.006225874735400324
53.0	30.92391981073341	31.303698169592824	13.012078196986677	24.754077947951686	0.006225874735400324
54.0	30.93014568546881	31.32237579379903	13.074336944340681	24.666915701656084	0.006225874735400324
55.0	30.973726808616608	31.266342921180424	13.030755821192876	24.722948574274685	0.006225874735400324
56.0	30.973726808616608	31.31614991906363	13.03698169592828	24.666915701656084	0.006225874735400324
57.0	30.91146806126261	31.34105341800523	13.068111069605278	24.673141576391483	0.006225874735400324
58.0	30.967500933881208	31.297472294857425	13.05565932013448	24.673141576391483	0.006225874735400324
59.0	30.973726808616608	31.278794670651227	13.05565932013448	24.685593325862285	0.006225874735400324
60.0	30.94259743493961	31.34727929274063	12.999626447515874	24.704270950068484	0.006225874735400324
61.0	30.998630307558212	31.303698169592824	13.08056281907608	24.610882829037482	0.006225874735400324
62.0	30.967500933881208	31.372182791682228	13.005852322251277	24.648238077449882	0.006225874735400324
63.0	30.94882330967501	31.32860166853443	13.030755821192876	24.685593325862285	0.006225874735400324
64.0	31.01108205702901	31.31614991906363	13.03698169592828	24.62956045324368	0.006225874735400324
65.0	30.94882330967501	31.297472294857425	13.030755821192876	24.716722699539282	0.006225874735400324
66.0	31.023533806499813	31.31614991906363	13.030755821192876	24.62333457850828	0.006225874735400324
67.0	30.94882330967501	31.278794670651227	13.05565932013448	24.710496824803883	0.006225874735400324
68.0	30.992404432822813	31.30992404432823	13.012078196986677	24.679367451126883	0.006225874735400324
69.0	31.035985555970612	31.272568795915827	13.012078196986677	24.673141576391483	0.006225874735400324
70.0	30.92391981073341	31.378408666417634	12.993400572780475	24.698045075333084	0.006225874735400324
71.0	31.00485618229361	31.241439422238827	13.061885194869879	24.685593325862285	0.006225874735400324
72.0	31.035985555970612	31.241439422238827	13.024529946457477	24.691819200597685	0.006225874735400324
73.0	30.936371560204208	31.372182791682228	13.012078196986677	24.673141576391483	0.006225874735400324
74.0	30.986178558087413	31.272568795915827	12.974722948574275	24.76030382268709	0.006225874735400324
75.0	30.967500933881208	31.32237579379903	13.043207570663679	24.66068982692068	0.006225874735400324
76.0	30.95504918441041	31.36595691694683	12.943593574897271	24.729174449010085	0.006225874735400324
77.0	30.973726808616608	31.278794670651227	13.030755821192876	24.710496824803883	0.006225874735400324
78.0	30.96127505914581	31.278794670651227	13.024529946457477	24.729174449010085	0.006225874735400324
79.0	30.96127505914581	31.31614991906363	13.024529946457477	24.691819200597685	0.006225874735400324
80.0	30.936371560204208	31.285020545386626	13.049433445399078	24.722948574274685	0.006225874735400324
81.0	30.95504918441041	31.303698169592824	12.993400572780475	24.741626198480887	0.006225874735400324
82.0	30.936371560204208	31.384634541153034	12.980948823309674	24.691819200597685	0.006225874735400324
83.0	30.92391981073341	31.35973104221143	13.030755821192876	24.679367451126883	0.006225874735400324
84.0	30.92391981073341	31.372182791682228	12.980948823309674	24.716722699539282	0.006225874735400324
85.0	30.892790437056405	31.31614991906363	13.05565932013448	24.729174449010085	0.006225874735400324
86.0	30.986178558087413	31.372182791682228	12.980948823309674	24.65446395218528	0.006225874735400324
87.0	30.936371560204208	31.35973104221143	12.949819449632674	24.747852073216286	0.006225874735400324
88.0	30.861661063379405	31.378408666417634	12.999626447515874	24.754077947951686	0.006225874735400324
89.0	30.880338687585606	31.390860415888433	13.005852322251277	24.716722699539282	0.006225874735400324
90.0	30.880338687585606	31.40331216535923	12.980948823309674	24.729174449010085	0.006225874735400324
91.0	30.96127505914581	31.34105341800523	12.968497073838876	24.722948574274685	0.006225874735400324
92.0	30.855435188644005	31.390860415888433	13.018304071722078	24.729174449010085	0.006225874735400324
93.0	30.95504918441041	31.334827543269828	12.993400572780475	24.710496824803883	0.006225874735400324
94.0	30.836757564437807	31.440667413771635	12.90001245174947	24.81633669530569	0.006225874735400324
95.0	30.936371560204208	31.397086290623832	12.962271199103473	24.698045075333084	0.006225874735400324
96.0	30.93014568546881	31.34727929274063	12.956045324368073	24.76030382268709	0.006225874735400324
97.0	30.936371560204208	31.397086290623832	12.937367700161872	24.722948574274685	0.006225874735400324
98.0	30.91146806126261	31.390860415888433	12.956045324368073	24.735400323745484	0.006225874735400324
99.0	30.967500933881208	31.297472294857425	12.980948823309674	24.747852073216286	0.006225874735400324
100.0	30.94882330967501	31.384634541153034	12.943593574897271	24.716722699539282	0.006225874735400324
101.0	30.998630307558212	31.297472294857425	12.956045324368073	24.741626198480887	0.006225874735400324
102.0	30.90524218652721	31.415763914830038	12.931141825426472	24.741626198480887	0.006225874735400324
103.0	30.936371560204208	31.378408666417634	12.87510895280787	24.803884945834888	0.006225874735400324
104.0	30.967500933881208	31.36595691694683	12.924915950691071	24.735400323745484	0.006225874735400324
105.0	30.973726808616608	31.31614991906363	12.943593574897271	24.76030382268709	0.006225874735400324
106.0	30.986178558087413	31.36595691694683	12.943593574897271	24.698045075333084	0.006225874735400324
107.0	30.967500933881208	31.35350516747603	12.937367700161872	24.735400323745484	0.006225874735400324
108.0	30.91146806126261	31.31614991906363	12.980948823309674	24.78520732162869	0.006225874735400324
109.0	31.09824430332462	31.278794670651227	12.88756070227867	24.729174449010085	0.006225874735400324
110.0	30.992404432822813	31.35973104221143	12.85643132860167	24.78520732162869	0.006225874735400324
111.0	30.94882330967501	31.31614991906363	12.943593574897271	24.78520732162869	0.006225874735400324
112.0	31.067114929647616	31.378408666417634	12.90001245174947	24.648238077449882	0.006225874735400324
113.0	31.01108205702901	31.31614991906363	12.90623832648487	24.76030382268709	0.006225874735400324
114.0	30.998630307558212	31.31614991906363	12.931141825426472	24.747852073216286	0.006225874735400324
115.0	31.023533806499813	31.334827543269828	12.89378657701407	24.741626198480887	0.006225874735400324
116.0	30.992404432822813	31.35973104221143	12.943593574897271	24.698045075333084	0.006225874735400324
117.0	31.01108205702901	31.34105341800523	12.931141825426472	24.710496824803883	0.006225874735400324
118.0	30.95504918441041	31.378408666417634	12.90001245174947	24.76030382268709	0.006225874735400324
119.0	31.029759681235213	31.32860166853443	12.88133482754327	24.754077947951686	0.006225874735400324
120.0	31.079566679118415	31.303698169592824	12.949819449632674	24.66068982692068	0.006225874735400324
121.0	31.017307931764414	31.384634541153034	12.843979579130869	24.747852073216286	0.006225874735400324
122.0	31.035985555970612	31.34727929274063	12.90001245174947	24.710496824803883	0.006225874735400324
123.0	30.96127505914581	31.397086290623832	12.924915950691071	24.710496824803883	0.006225874735400324
124.0	30.979952683352014	31.36595691694683	12.912464201220272	24.735400323745484	0.006225874735400324
125.0	31.079566679118415	31.35973104221143	12.843979579130869	24.710496824803883	0.006225874735400324
126.0	30.979952683352014	31.253891171709625	12.956045324368073	24.803884945834888	0.006225874735400324
127.0	31.067114929647616	31.372182791682228	12.850205453866268	24.704270950068484	0.006225874735400324
128.0	31.029759681235213	31.30992404432823	12.912464201220272	24.741626198480887	0.006225874735400324
129.0	30.973726808616608	31.285020545386626	12.937367700161872	24.79765907109949	0.006225874735400324
130.0	31.073340804383015	31.34727929274063	12.868883078072468	24.704270950068484	0.006225874735400324
131.0	31.00485618229361	31.35350516747603	12.843979579130869	24.79143319636409	0.006225874735400324
132.0	31.035985555970612	31.36595691694683	12.90623832648487	24.685593325862285	0.006225874735400324
133.0	30.95504918441041	31.32237579379903	12.88133482754327	24.83501431951189	0.006225874735400324
134.0	31.029759681235213	31.34105341800523	12.912464201220272	24.710496824803883	0.006225874735400324
135.0	31.023533806499813	31.32860166853443	12.89378657701407	24.747852073216286	0.006225874735400324
136.0	31.029759681235213	31.32860166853443	12.825301954924667	24.81011082057029	0.006225874735400324
137.0	31.09201842858922	31.285020545386626	12.918690075955672	24.698045075333084	0.006225874735400324
138.0	31.073340804383015	31.32860166853443	12.85643132860167	24.735400323745484	0.006225874735400324
139.0	31.060889054912217	31.30992404432823	12.918690075955672	24.704270950068484	0.006225874735400324
140.0	31.04843730544141	31.32860166853443	12.924915950691071	24.691819200597685	0.006225874735400324
141.0	31.035985555970612	31.32237579379903	12.956045324368073	24.679367451126883	0.006225874735400324
142.0	30.998630307558212	31.378408666417634	12.90623832648487	24.710496824803883	0.006225874735400324
143.0	30.992404432822813	31.31614991906363	12.918690075955672	24.766529697422488	0.006225874735400324
144.0	31.14182542647242	31.291246420122025	12.87510895280787	24.685593325862285	0.006225874735400324
145.0	31.017307931764414	31.285020545386626	12.956045324368073	24.735400323745484	0.006225874735400324
146.0	31.09824430332462	31.31614991906363	12.862657203337069	24.716722699539282	0.006225874735400324
147.0	31.017307931764414	31.334827543269828	12.931141825426472	24.710496824803883	0.006225874735400324
148.0	31.054663180176817	31.30992404432823	12.937367700161872	24.691819200597685	0.006225874735400324
149.0	31.023533806499813	31.34727929274063	12.937367700161872	24.685593325862285	0.006225874735400324
