# Position (bp)	A	C	G	T	N
0.0	31.033194245500408	31.29476240891823	12.991218783085259	24.6745967490814	0.006227813414710096
1.0	31.026966432085697	31.363268356480038	12.897801581864607	24.70573581615495	0.006227813414710096
2.0	31.026966432085697	31.381951796724174	12.928940648938159	24.655913308837267	0.006227813414710096
3.0	30.989599551597436	31.31967366257707	12.984990969670548	24.699508002740238	0.006227813414710096
4.0	30.958460484523886	31.394407423553588	12.922712835523448	24.71819144298437	0.006227813414710096
5.0	31.00828299184156	31.394407423553588	12.916485022108738	24.6745967490814	0.006227813414710096
6.0	31.00205517842685	31.300990222332935	12.991218783085259	24.699508002740238	0.006227813414710096
7.0	30.933549230865044	31.40686305038301	12.935168462352866	24.71819144298437	0.006227813414710096
8.0	30.970916111353304	31.388179610138877	12.978763156255837	24.655913308837267	0.006227813414710096
9.0	30.989599551597436	31.42554649062714	12.891573768449897	24.687052375910817	0.006227813414710096
10.0	30.983371738182726	31.31967366257707	12.941396275767577	24.749330510057916	0.006227813414710096
11.0	30.939777044279754	31.363268356480038	12.991218783085259	24.699508002740238	0.006227813414710096
12.0	30.958460484523886	31.42554649062714	12.935168462352866	24.6745967490814	0.006227813414710096
13.0	30.939777044279754	31.32590147599178	12.960079716011707	24.76801395030205	0.006227813414710096
14.0	31.00205517842685	31.350812729650617	12.960079716011707	24.680824562496106	0.006227813414710096
15.0	30.902410163791494	31.375723983309463	12.991218783085259	24.724419256399077	0.006227813414710096
16.0	30.989599551597436	31.344584916235906	12.953851902597	24.70573581615495	0.006227813414710096
17.0	30.939777044279754	31.375723983309463	12.991218783085259	24.687052375910817	0.006227813414710096
18.0	30.970916111353304	31.31967366257707	12.991218783085259	24.71196362956966	0.006227813414710096
19.0	30.908637977206205	31.375723983309463	12.953851902597	24.75555832347263	0.006227813414710096
20.0	30.939777044279754	31.388179610138877	12.984990969670548	24.680824562496106	0.006227813414710096
21.0	30.970916111353304	31.25739552842997	13.009902223329389	24.75555832347263	0.006227813414710096
22.0	30.883726723547362	31.43800211745656	12.991218783085259	24.680824562496106	0.006227813414710096
23.0	30.970916111353304	31.31967366257707	13.022357850158809	24.680824562496106	0.006227813414710096
24.0	30.858815469888523	31.369496169894752	12.960079716011707	24.80538083079031	0.006227813414710096
25.0	30.989599551597436	31.363268356480038	12.953851902597	24.687052375910817	0.006227813414710096
26.0	30.889954536962072	31.344584916235906	13.06595254406178	24.693280189325527	0.006227813414710096
27.0	30.896182350376783	31.350812729650617	13.041041290402939	24.70573581615495	0.006227813414710096
28.0	30.871271096717944	31.375723983309463	12.997446596499968	24.749330510057916	0.006227813414710096
29.0	30.908637977206205	31.344584916235906	13.05349691723236	24.687052375910817	0.006227813414710096
30.0	30.87749891013265	31.31967366257707	13.009902223329389	24.786697390546177	0.006227813414710096
31.0	30.896182350376783	31.4006352369683	13.022357850158809	24.6745967490814	0.006227813414710096
32.0	30.914865790620915	31.369496169894752	13.041041290402939	24.668368935666688	0.006227813414710096
33.0	30.939777044279754	31.29476240891823	13.06595254406178	24.693280189325527	0.006227813414710096
34.0	30.858815469888523	31.4006352369683	13.03481347698823	24.699508002740238	0.006227813414710096
35.0	30.952232671109176	31.28853459550352	13.05349691723236	24.699508002740238	0.006227813414710096
36.0	30.914865790620915	31.381951796724174	13.02858566357352	24.668368935666688	0.006227813414710096
37.0	30.958460484523886	31.363268356480038	13.022357850158809	24.649685495422556	0.006227813414710096
38.0	30.958460484523886	31.24493990160055	13.05349691723236	24.7368748832285	0.006227813414710096
39.0	30.914865790620915	31.31967366257707	13.0161300367441	24.74310269664321	0.006227813414710096
40.0	30.902410163791494	31.357040543065327	12.997446596499968	24.7368748832285	0.006227813414710096
41.0	30.933549230865044	31.300990222332935	13.03481347698823	24.724419256399077	0.006227813414710096
42.0	30.964688297938594	31.300990222332935	12.991218783085259	24.7368748832285	0.006227813414710096
43.0	30.865043283303233	31.25116771501526	13.059724730647071	24.81783645761973	0.006227813414710096
44.0	30.977143924768015	31.307218035747646	13.04726910381765	24.662141122251978	0.006227813414710096
45.0	31.014510805256272	31.226256461356417	13.022357850158809	24.730647069813788	0.006227813414710096
46.0	30.970916111353304	31.313445849162356	13.009902223329389	24.699508002740238	0.006227813414710096
47.0	30.946004857694465	31.357040543065327	13.041041290402939	24.649685495422556	0.006227813414710096
48.0	31.00205517842685	31.26985115525939	12.97253534284113	24.749330510057916	0.006227813414710096
49.0	30.958460484523886	31.226256461356417	13.041041290402939	24.76801395030205	0.006227813414710096
50.0	30.983371738182726	31.28853459550352	13.04726910381765	24.6745967490814	0.006227813414710096
51.0	31.039422058915118	31.300990222332935	13.041041290402939	24.6123186149343	0.006227813414710096
52.0	30.914865790620915	31.26985115525939	13.009902223329389	24.7991530173756	0.006227813414710096
53.0	30.927321417450333	31.300990222332935	13.0161300367441	24.749330510057916	0.006227813414710096
54.0	30.933549230865044	31.31967366257707	13.07218035747649	24.668368935666688	0.006227813414710096
55.0	30.977143924768015	31.26985115525939	13.022357850158809	24.724419256399077	0.006227813414710096
56.0	30.977143924768015	31.313445849162356	13.03481347698823	24.668368935666688	0.006227813414710096
57.0	30.927321417450333	31.332129289406492	13.059724730647071	24.6745967490814	0.006227813414710096
58.0	30.977143924768015	31.29476240891823	13.04726910381765	24.6745967490814	0.006227813414710096
59.0	30.977143924768015	31.2760789686741	13.05349691723236	24.687052375910817	0.006227813414710096
60.0	30.952232671109176	31.338357102821202	12.997446596499968	24.70573581615495	0.006227813414710096
61.0	31.00205517842685	31.29476240891823	13.084635984305908	24.6123186149343	0.006227813414710096
62.0	30.970916111353304	31.363268356480038	13.009902223329389	24.649685495422556	0.006227813414710096
63.0	30.952232671109176	31.32590147599178	13.03481347698823	24.680824562496106	0.006227813414710096
64.0	31.020738618670983	31.31967366257707	13.03481347698823	24.618546428349006	0.006227813414710096
65.0	30.952232671109176	31.307218035747646	13.02858566357352	24.70573581615495	0.006227813414710096
66.0	31.026966432085697	31.32590147599178	13.02858566357352	24.6123186149343	0.006227813414710096
67.0	30.946004857694465	31.28230678208881	13.059724730647071	24.70573581615495	0.006227813414710096
68.0	30.983371738182726	31.31967366257707	13.022357850158809	24.668368935666688	0.006227813414710096
69.0	31.033194245500408	31.2760789686741	13.0161300367441	24.668368935666688	0.006227813414710096
70.0	30.921093604035622	31.381951796724174	12.997446596499968	24.693280189325527	0.006227813414710096
71.0	31.00205517842685	31.23871208818584	13.07218035747649	24.680824562496106	0.006227813414710096
72.0	31.033194245500408	31.24493990160055	13.02858566357352	24.687052375910817	0.006227813414710096
73.0	30.933549230865044	31.369496169894752	13.022357850158809	24.668368935666688	0.006227813414710096
74.0	30.983371738182726	31.2760789686741	12.978763156255837	24.75555832347263	0.006227813414710096
75.0	30.964688297938594	31.32590147599178	13.04726910381765	24.655913308837267	0.006227813414710096
76.0	30.952232671109176	31.369496169894752	12.935168462352866	24.7368748832285	0.006227813414710096
77.0	30.970916111353304	31.28853459550352	13.022357850158809	24.71196362956966	0.006227813414710096
78.0	30.958460484523886	31.28853459550352	13.0161300367441	24.730647069813788	0.006227813414710096
79.0	30.970916111353304	31.313445849162356	13.0161300367441	24.693280189325527	0.006227813414710096
80.0	30.946004857694465	31.28853459550352	13.041041290402939	24.71819144298437	0.006227813414710096
81.0	30.970916111353304	31.300990222332935	12.984990969670548	24.7368748832285	0.006227813414710096
82.0	30.946004857694465	31.388179610138877	12.97253534284113	24.687052375910817	0.006227813414710096
83.0	30.939777044279754	31.357040543065327	13.022357850158809	24.6745967490814	0.006227813414710096
84.0	30.939777044279754	31.369496169894752	12.97253534284113	24.71196362956966	0.006227813414710096
85.0	30.908637977206205	31.32590147599178	13.03481347698823	24.724419256399077	0.006227813414710096
86.0	31.00205517842685	31.381951796724174	12.960079716011707	24.649685495422556	0.006227813414710096
87.0	30.952232671109176	31.369496169894752	12.928940648938159	24.74310269664321	0.006227813414710096
88.0	30.87749891013265	31.375723983309463	12.991218783085259	24.749330510057916	0.006227813414710096
89.0	30.896182350376783	31.394407423553588	12.991218783085259	24.71196362956966	0.006227813414710096
90.0	30.896182350376783	31.41309086379772	12.97253534284113	24.71196362956966	0.006227813414710096
91.0	30.983371738182726	31.338357102821202	12.966307529426418	24.70573581615495	0.006227813414710096
92.0	30.865043283303233	31.394407423553588	13.0161300367441	24.71819144298437	0.006227813414710096
93.0	30.964688297938594	31.338357102821202	12.997446596499968	24.693280189325527	0.006227813414710096
94.0	30.84013202964439	31.45045774428598	12.904029395279318	24.7991530173756	0.006227813414710096
95.0	30.939777044279754	31.4006352369683	12.966307529426418	24.687052375910817	0.006227813414710096
96.0	30.933549230865044	31.350812729650617	12.960079716011707	24.749330510057916	0.006227813414710096
97.0	30.939777044279754	31.4006352369683	12.941396275767577	24.71196362956966	0.006227813414710096
98.0	30.921093604035622	31.381951796724174	12.960079716011707	24.730647069813788	0.006227813414710096
99.0	30.977143924768015	31.29476240891823	12.984990969670548	24.7368748832285	0.006227813414710096
100.0	30.970916111353304	31.369496169894752	12.94762408918229	24.70573581615495	0.006227813414710096
101.0	31.020738618670983	31.28230678208881	12.960079716011707	24.730647069813788	0.006227813414710096
102.0	30.914865790620915	31.40686305038301	12.941396275767577	24.730647069813788	0.006227813414710096
103.0	30.946004857694465	31.375723983309463	12.872890328205767	24.7991530173756	0.006227813414710096
104.0	30.977143924768015	31.369496169894752	12.922712835523448	24.724419256399077	0.006227813414710096
105.0	30.970916111353304	31.32590147599178	12.935168462352866	24.76178613688734	0.006227813414710096
106.0	30.995827365012147	31.375723983309463	12.928940648938159	24.693280189325527	0.006227813414710096
107.0	30.964688297938594	31.369496169894752	12.922712835523448	24.7368748832285	0.006227813414710096
108.0	30.908637977206205	31.332129289406492	12.960079716011707	24.792925203960888	0.006227813414710096
109.0	31.095472379647504	31.28853459550352	12.872890328205767	24.7368748832285	0.006227813414710096
110.0	31.00205517842685	31.363268356480038	12.841751261132217	24.786697390546177	0.006227813414710096
111.0	30.958460484523886	31.31967366257707	12.935168462352866	24.78046957713147	0.006227813414710096
112.0	31.08301675281809	31.375723983309463	12.891573768449897	24.643457682007845	0.006227813414710096
113.0	31.026966432085697	31.31967366257707	12.897801581864607	24.749330510057916	0.006227813414710096
114.0	31.014510805256272	31.313445849162356	12.935168462352866	24.730647069813788	0.006227813414710096
115.0	31.033194245500408	31.338357102821202	12.897801581864607	24.724419256399077	0.006227813414710096
116.0	31.014510805256272	31.363268356480038	12.941396275767577	24.6745967490814	0.006227813414710096
117.0	31.026966432085697	31.350812729650617	12.922712835523448	24.693280189325527	0.006227813414710096
118.0	30.977143924768015	31.381951796724174	12.897801581864607	24.7368748832285	0.006227813414710096
119.0	31.039422058915118	31.332129289406492	12.879118141620477	24.74310269664321	0.006227813414710096
120.0	31.08301675281809	31.307218035747646	12.94762408918229	24.655913308837267	0.006227813414710096
121.0	31.020738618670983	31.394407423553588	12.841751261132217	24.7368748832285	0.006227813414710096
122.0	31.04564987232982	31.350812729650617	12.897801581864607	24.699508002740238	0.006227813414710096
123.0	30.970916111353304	31.4006352369683	12.922712835523448	24.699508002740238	0.006227813414710096
124.0	30.977143924768015	31.375723983309463	12.910257208694029	24.730647069813788	0.006227813414710096
125.0	31.08301675281809	31.363268356480038	12.841751261132217	24.70573581615495	0.006227813414710096
126.0	30.989599551597436	31.25739552842997	12.953851902597	24.792925203960888	0.006227813414710096
127.0	31.070561125988664	31.375723983309463	12.847979074546926	24.699508002740238	0.006227813414710096
128.0	31.026966432085697	31.31967366257707	12.910257208694029	24.7368748832285	0.006227813414710096
129.0	30.970916111353304	31.28853459550352	12.941396275767577	24.792925203960888	0.006227813414710096
130.0	31.070561125988664	31.350812729650617	12.872890328205767	24.699508002740238	0.006227813414710096
131.0	31.00205517842685	31.350812729650617	12.847979074546926	24.792925203960888	0.006227813414710096
132.0	31.039422058915118	31.357040543065327	12.910257208694029	24.687052375910817	0.006227813414710096
133.0	30.964688297938594	31.313445849162356	12.879118141620477	24.83651989786386	0.006227813414710096
134.0	31.039422058915118	31.32590147599178	12.910257208694029	24.71819144298437	0.006227813414710096
135.0	31.039422058915118	31.31967366257707	12.891573768449897	24.74310269664321	0.006227813414710096
136.0	31.039422058915118	31.32590147599178	12.823067820888086	24.80538083079031	0.006227813414710096
137.0	31.095472379647504	31.28230678208881	12.922712835523448	24.693280189325527	0.006227813414710096
138.0	31.070561125988664	31.338357102821202	12.854206887961636	24.730647069813788	0.006227813414710096
139.0	31.064333312573954	31.307218035747646	12.922712835523448	24.699508002740238	0.006227813414710096
140.0	31.051877685744532	31.31967366257707	12.928940648938159	24.693280189325527	0.006227813414710096
141.0	31.039422058915118	31.313445849162356	12.960079716011707	24.680824562496106	0.006227813414710096
142.0	31.00205517842685	31.369496169894752	12.910257208694029	24.71196362956966	0.006227813414710096
143.0	31.00205517842685	31.307218035747646	12.922712835523448	24.76178613688734	0.006227813414710096
144.0	31.145294886965186	31.28230678208881	12.879118141620477	24.687052375910817	0.006227813414710096
145.0	31.026966432085697	31.2760789686741	12.960079716011707	24.730647069813788	0.006227813414710096
146.0	31.095472379647504	31.313445849162356	12.866662514791058	24.71819144298437	0.006227813414710096
147.0	31.020738618670983	31.32590147599178	12.935168462352866	24.71196362956966	0.006227813414710096
148.0	31.051877685744532	31.300990222332935	12.94762408918229	24.693280189325527	0.006227813414710096
149.0	31.033194245500408	31.338357102821202	12.941396275767577	24.680824562496106	0.006227813414710096
