# Position (bp)	A	C	G	T	N
0.0	31.03184225639717	31.357284155446365	12.915576542658414	24.688915831791206	0.006381213706847043
1.0	30.865930700019145	31.401952651394293	13.049582030502203	24.676153404377512	0.006381213706847043
2.0	30.955267691915	31.350902941739516	12.96662625231319	24.720821900325443	0.006381213706847043
3.0	30.87869312743284	31.44023993363538	13.043200816795355	24.63148490842958	0.006381213706847043
4.0	30.974411333035544	31.401952651394293	12.953863824899495	24.66339097696382	0.006381213706847043
5.0	30.865930700019145	31.389190223980602	13.043200816795355	24.695297045498055	0.006381213706847043
6.0	31.04460468381086	31.427477506221685	12.953863824899495	24.567672771361114	0.006381213706847043
7.0	30.87231191372599	31.43385871992853	13.017675961967967	24.669772190670667	0.006381213706847043
8.0	30.980792546742393	31.370046582860063	12.941101397485802	24.7016782592049	0.006381213706847043
9.0	30.78297492183013	31.446621147342224	13.055963244209048	24.70805947291175	0.006381213706847043
10.0	31.02546104269032	31.318996873205286	12.941101397485802	24.70805947291175	0.006381213706847043
11.0	30.81488099036437	31.382809010273753	13.062344457915895	24.733584327739138	0.006381213706847043
12.0	30.999936187862932	31.32537808691213	12.947482611192648	24.720821900325443	0.006381213706847043
13.0	30.8595494863123	31.376427796566908	13.087869312743283	24.669772190670667	0.006381213706847043
14.0	30.955267691915	31.274328377257355	12.985769893433732	24.778252823687065	0.006381213706847043
15.0	30.87869312743284	31.370046582860063	13.049582030502203	24.695297045498055	0.006381213706847043
16.0	30.904217982260224	31.32537808691213	13.03043838938166	24.733584327739138	0.006381213706847043
17.0	30.865930700019145	31.338140514325826	13.043200816795355	24.746346755152828	0.006381213706847043
18.0	30.904217982260224	31.29985323208474	13.004913534554271	24.784634037393914	0.006381213706847043
19.0	30.923361623380767	31.312615659498437	13.081488099036436	24.676153404377512	0.006381213706847043
20.0	30.89145555484653	31.357284155446365	13.017675961967967	24.72720311403229	0.006381213706847043
21.0	30.853168272605448	31.26156594984366	13.043200816795355	24.83568374704869	0.006381213706847043
22.0	30.987173760449238	31.2807095909642	13.024057175674814	24.7016782592049	0.006381213706847043
23.0	30.8595494863123	31.32537808691213	13.036819603088507	24.771871609980217	0.006381213706847043
24.0	30.9680301193287	31.255184736136815	13.017675961967967	24.752727968859677	0.006381213706847043
25.0	30.8595494863123	31.331759300618977	13.062344457915895	24.739965541445983	0.006381213706847043
26.0	30.942505264501307	31.306234445791592	12.985769893433732	24.759109182566526	0.006381213706847043
27.0	30.904217982260224	31.376427796566908	12.985769893433732	24.72720311403229	0.006381213706847043
28.0	30.885074341139685	31.363665369153214	12.979388679726883	24.76549039627337	0.006381213706847043
29.0	30.961648905621846	31.331759300618977	12.979388679726883	24.720821900325443	0.006381213706847043
30.0	30.897836768553375	31.357284155446365	13.024057175674814	24.714440686618595	0.006381213706847043
31.0	30.929742837087616	31.293472018377894	13.03043838938166	24.739965541445983	0.006381213706847043
32.0	30.9680301193287	31.350902941739516	12.992151107140579	24.682534618084357	0.006381213706847043
33.0	30.923361623380767	31.338140514325826	13.049582030502203	24.682534618084357	0.006381213706847043
34.0	31.01907982898347	31.24880352242997	13.036819603088507	24.688915831791206	0.006381213706847043
35.0	30.87231191372599	31.40833386510114	12.992151107140579	24.720821900325443	0.006381213706847043
36.0	30.9680301193287	31.312615659498437	12.998532320847426	24.714440686618595	0.006381213706847043
37.0	30.923361623380767	31.2807095909642	13.004913534554271	24.784634037393914	0.006381213706847043
38.0	30.961648905621846	31.370046582860063	12.973007466020036	24.688915831791206	0.006381213706847043
39.0	30.916980409673922	31.274328377257355	12.998532320847426	24.803777678514454	0.006381213706847043
40.0	31.02546104269032	31.287090804671045	12.947482611192648	24.733584327739138	0.006381213706847043
41.0	30.910599195967077	31.255184736136815	13.126156594984367	24.7016782592049	0.006381213706847043
42.0	31.038223470104015	31.26156594984366	12.941101397485802	24.752727968859677	0.006381213706847043
43.0	30.923361623380767	31.29985323208474	13.043200816795355	24.72720311403229	0.006381213706847043
44.0	30.955267691915	31.363665369153214	12.941101397485802	24.733584327739138	0.006381213706847043
45.0	30.929742837087616	31.26794716355051	12.998532320847426	24.797396464807605	0.006381213706847043
46.0	30.93612405079446	31.32537808691213	13.036819603088507	24.695297045498055	0.006381213706847043
47.0	30.87869312743284	31.26794716355051	13.055963244209048	24.79101525110076	0.006381213706847043
48.0	31.006317401569778	31.23604109501627	13.017675961967967	24.733584327739138	0.006381213706847043
49.0	30.987173760449238	31.26794716355051	13.062344457915895	24.676153404377512	0.006381213706847043
50.0	31.012698615276623	31.153085316827262	13.03043838938166	24.797396464807605	0.006381213706847043
51.0	30.948886478208156	31.26156594984366	12.973007466020036	24.810158892221303	0.006381213706847043
52.0	30.999936187862932	31.255184736136815	12.998532320847426	24.739965541445983	0.006381213706847043
53.0	30.929742837087616	31.293472018377894	13.011294748261118	24.759109182566526	0.006381213706847043
54.0	30.999936187862932	31.24880352242997	12.998532320847426	24.746346755152828	0.006381213706847043
55.0	30.93612405079446	31.2807095909642	13.017675961967967	24.759109182566526	0.006381213706847043
56.0	30.955267691915	31.229659881309423	13.024057175674814	24.784634037393914	0.006381213706847043
57.0	30.955267691915	31.29985323208474	13.036819603088507	24.7016782592049	0.006381213706847043
58.0	30.980792546742393	31.350902941739516	12.96662625231319	24.695297045498055	0.006381213706847043
59.0	30.974411333035544	31.20413502648204	13.055963244209048	24.759109182566526	0.006381213706847043
60.0	30.974411333035544	31.401952651394293	12.960245038606343	24.65700976325697	0.006381213706847043
61.0	30.923361623380767	31.331759300618977	12.992151107140579	24.746346755152828	0.006381213706847043
62.0	30.974411333035544	31.32537808691213	12.985769893433732	24.70805947291175	0.006381213706847043
63.0	30.948886478208156	31.312615659498437	12.979388679726883	24.752727968859677	0.006381213706847043
64.0	31.006317401569778	31.350902941739516	12.909195328951567	24.72720311403229	0.006381213706847043
65.0	30.955267691915	31.32537808691213	12.992151107140579	24.720821900325443	0.006381213706847043
66.0	30.942505264501307	31.389190223980602	12.973007466020036	24.688915831791206	0.006381213706847043
67.0	30.974411333035544	31.350902941739516	12.985769893433732	24.682534618084357	0.006381213706847043
68.0	30.897836768553375	31.34452172803267	12.953863824899495	24.797396464807605	0.006381213706847043
69.0	31.02546104269032	31.32537808691213	12.934720183778955	24.70805947291175	0.006381213706847043
70.0	30.993554974156083	31.293472018377894	12.973007466020036	24.733584327739138	0.006381213706847043
71.0	30.955267691915	31.401952651394293	12.941101397485802	24.695297045498055	0.006381213706847043
72.0	30.942505264501307	31.42109629251484	12.947482611192648	24.682534618084357	0.006381213706847043
73.0	30.961648905621846	31.395571437687448	12.934720183778955	24.7016782592049	0.006381213706847043
74.0	30.897836768553375	31.395571437687448	13.011294748261118	24.688915831791206	0.006381213706847043
75.0	30.987173760449238	31.293472018377894	12.934720183778955	24.778252823687065	0.006381213706847043
76.0	30.974411333035544	31.287090804671045	13.004913534554271	24.72720311403229	0.006381213706847043
77.0	30.93612405079446	31.350902941739516	12.979388679726883	24.72720311403229	0.006381213706847043
78.0	31.02546104269032	31.306234445791592	12.96662625231319	24.695297045498055	0.006381213706847043
79.0	30.897836768553375	31.312615659498437	12.960245038606343	24.822921319634993	0.006381213706847043
80.0	30.904217982260224	31.376427796566908	12.998532320847426	24.714440686618595	0.006381213706847043
81.0	30.9680301193287	31.274328377257355	12.953863824899495	24.797396464807605	0.006381213706847043
82.0	30.853168272605448	31.376427796566908	13.036819603088507	24.72720311403229	0.006381213706847043
83.0	30.9680301193287	31.376427796566908	12.960245038606343	24.688915831791206	0.006381213706847043
84.0	30.865930700019145	31.331759300618977	13.004913534554271	24.79101525110076	0.006381213706847043
85.0	30.9680301193287	31.382809010273753	12.909195328951567	24.733584327739138	0.006381213706847043
86.0	30.897836768553375	31.395571437687448	13.011294748261118	24.688915831791206	0.006381213706847043
87.0	30.942505264501307	31.350902941739516	12.90281411524472	24.797396464807605	0.006381213706847043
88.0	30.840405845191754	31.44023993363538	13.036819603088507	24.676153404377512	0.006381213706847043
89.0	30.955267691915	31.414715078807987	12.92833897007211	24.695297045498055	0.006381213706847043
90.0	30.87231191372599	31.350902941739516	13.055963244209048	24.714440686618595	0.006381213706847043
91.0	30.955267691915	31.370046582860063	12.960245038606343	24.70805947291175	0.006381213706847043
92.0	30.904217982260224	31.401952651394293	12.992151107140579	24.695297045498055	0.006381213706847043
93.0	30.948886478208156	31.45938357475592	12.85814561929679	24.72720311403229	0.006381213706847043
94.0	30.955267691915	31.306234445791592	12.985769893433732	24.746346755152828	0.006381213706847043
95.0	30.955267691915	31.45300236104907	12.864526833003637	24.720821900325443	0.006381213706847043
96.0	30.897836768553375	31.34452172803267	12.985769893433732	24.76549039627337	0.006381213706847043
97.0	30.897836768553375	31.535958139238083	12.877289260417331	24.682534618084357	0.006381213706847043
98.0	30.963624760689214	31.40395660497766	12.948308870453095	24.684109763880024	0.0
