# Position (bp)	A	C	G	T	N
0.0	31.03315836640635	31.346818589169125	12.924081423633337	24.689540391755216	0.0064012290359749075
1.0	30.879528869542956	31.378824734348992	13.052106004352837	24.683139162719243	0.0064012290359749075
2.0	30.9691460760466	31.346818589169125	12.968890026885163	24.70874407886314	0.0064012290359749075
3.0	30.879528869542956	31.436435795672768	13.052106004352837	24.62552810139547	0.0064012290359749075
4.0	30.988349763154527	31.404429650492894	12.962488797849186	24.638330559467416	0.0064012290359749075
5.0	30.866726411471003	31.378824734348992	13.052106004352837	24.695941620791192	0.0064012290359749075
6.0	31.05876328255025	31.417232108564846	12.962488797849186	24.555114581999742	0.0064012290359749075
7.0	30.873127640506976	31.430034566636795	13.020099859172962	24.67033670464729	0.0064012290359749075
8.0	30.988349763154527	31.35962104724107	12.943285110741263	24.702342849827165	0.0064012290359749075
9.0	30.789911663039305	31.44923825374472	13.064908462424786	24.689540391755216	0.0064012290359749075
10.0	31.01395467929843	31.321213673025223	12.949686339777235	24.70874407886314	0.0064012290359749075
11.0	30.80271412111125	31.385225963384972	13.064908462424786	24.740750224043015	0.0064012290359749075
12.0	31.001152221226473	31.327614902061196	12.962488797849186	24.702342849827165	0.0064012290359749075
13.0	30.828319037255152	31.385225963384972	13.103315836640636	24.676737933683267	0.0064012290359749075
14.0	30.956343617974653	31.263602611701447	13.000896172065035	24.77275636922289	0.0064012290359749075
15.0	30.853923953399054	31.378824734348992	13.071309691460762	24.689540391755216	0.0064012290359749075
16.0	30.90513378568685	31.321213673025223	13.039303546280886	24.727947765971066	0.0064012290359749075
17.0	30.83472026629113	31.340417360133145	13.064908462424786	24.753552682114965	0.0064012290359749075
18.0	30.8923313276149	31.308411214953267	13.013698630136986	24.779157598258866	0.0064012290359749075
19.0	30.898732556650877	31.29560875688132	13.10971706567661	24.689540391755216	0.0064012290359749075
20.0	30.860325182435027	31.353219818205098	13.039303546280886	24.740750224043015	0.0064012290359749075
21.0	30.83472026629113	31.24439892459352	13.064908462424786	24.84957111765459	0.0064012290359749075
22.0	30.9691460760466	31.25720138266547	13.039303546280886	24.727947765971066	0.0064012290359749075
23.0	30.853923953399054	31.28920752784535	13.071309691460762	24.779157598258866	0.0064012290359749075
24.0	30.937139930866724	31.231596466521573	13.052106004352837	24.77275636922289	0.0064012290359749075
25.0	30.853923953399054	31.308411214953267	13.090513378568685	24.740750224043015	0.0064012290359749075
26.0	30.92433747279478	31.263602611701447	13.026501088208937	24.779157598258866	0.0064012290359749075
27.0	30.88593009857893	31.353219818205098	13.026501088208937	24.727947765971066	0.0064012290359749075
28.0	30.873127640506976	31.314812443989247	13.013698630136986	24.791960056330815	0.0064012290359749075
29.0	30.962744847010626	31.282806298809373	13.026501088208937	24.72154653693509	0.0064012290359749075
30.0	30.879528869542956	31.321213673025223	13.058507233388811	24.734348995007043	0.0064012290359749075
31.0	30.9435411599027	31.237997695557546	13.064908462424786	24.747151453078992	0.0064012290359749075
32.0	30.949942388938677	31.314812443989247	13.026501088208937	24.702342849827165	0.0064012290359749075
33.0	30.917936243758803	31.29560875688132	13.090513378568685	24.689540391755216	0.0064012290359749075
34.0	31.00755345026245	31.212392779413644	13.064908462424786	24.70874407886314	0.0064012290359749075
35.0	30.853923953399054	31.385225963384972	13.026501088208937	24.727947765971066	0.0064012290359749075
36.0	30.962744847010626	31.282806298809373	13.020099859172962	24.727947765971066	0.0064012290359749075
37.0	30.90513378568685	31.2508001536295	13.03290231724491	24.804762514402764	0.0064012290359749075
38.0	30.9691460760466	31.346818589169125	12.975291255921137	24.702342849827165	0.0064012290359749075
39.0	30.917936243758803	31.237997695557546	13.013698630136986	24.82396620151069	0.0064012290359749075
40.0	31.03315836640635	31.263602611701447	12.943285110741263	24.753552682114965	0.0064012290359749075
41.0	30.92433747279478	31.225195237485597	13.13532198182051	24.70874407886314	0.0064012290359749075
42.0	31.03315836640635	31.2508001536295	12.943285110741263	24.766355140186917	0.0064012290359749075
43.0	30.93073870183075	31.276405069773393	13.04570477531686	24.740750224043015	0.0064012290359749075
44.0	30.949942388938677	31.37242350531302	12.943285110741263	24.727947765971066	0.0064012290359749075
45.0	30.956343617974653	31.24439892459352	12.988093713993088	24.804762514402764	0.0064012290359749075
46.0	30.93073870183075	31.327614902061196	13.03290231724491	24.702342849827165	0.0064012290359749075
47.0	30.911535014722823	31.25720138266547	13.039303546280886	24.78555882729484	0.0064012290359749075
48.0	31.020355908334402	31.231596466521573	13.007297401101011	24.734348995007043	0.0064012290359749075
49.0	31.001152221226473	31.27000384073742	13.04570477531686	24.676737933683267	0.0064012290359749075
50.0	31.03315836640635	31.1483804890539	13.013698630136986	24.79836128536679	0.0064012290359749075
51.0	30.9691460760466	31.2508001536295	12.956087568813214	24.817564972474713	0.0064012290359749075
52.0	31.026757137370375	31.237997695557546	12.981692484957112	24.747151453078992	0.0064012290359749075
53.0	30.975547305082575	31.263602611701447	12.988093713993088	24.766355140186917	0.0064012290359749075
54.0	31.01395467929843	31.24439892459352	12.981692484957112	24.753552682114965	0.0064012290359749075
55.0	30.9691460760466	31.2508001536295	13.000896172065035	24.77275636922289	0.0064012290359749075
56.0	30.9691460760466	31.218794008449624	13.007297401101011	24.79836128536679	0.0064012290359749075
57.0	30.9691460760466	31.29560875688132	13.026501088208937	24.702342849827165	0.0064012290359749075
58.0	31.001152221226473	31.340417360133145	12.943285110741263	24.70874407886314	0.0064012290359749075
59.0	30.98194853411855	31.199590321341695	13.04570477531686	24.766355140186917	0.0064012290359749075
60.0	31.001152221226473	31.378824734348992	12.943285110741263	24.67033670464729	0.0064012290359749075
61.0	30.937139930866724	31.327614902061196	12.968890026885163	24.75995391115094	0.0064012290359749075
62.0	30.9947509921905	31.308411214953267	12.968890026885163	24.72154653693509	0.0064012290359749075
63.0	30.9691460760466	31.302009985917294	12.956087568813214	24.766355140186917	0.0064012290359749075
64.0	31.052362053514276	31.321213673025223	12.885674049417489	24.734348995007043	0.0064012290359749075
65.0	30.9691460760466	31.321213673025223	12.962488797849186	24.740750224043015	0.0064012290359749075
66.0	30.9947509921905	31.35962104724107	12.949686339777235	24.689540391755216	0.0064012290359749075
67.0	30.9947509921905	31.33401613109717	12.962488797849186	24.702342849827165	0.0064012290359749075
68.0	30.949942388938677	31.314812443989247	12.924081423633337	24.804762514402764	0.0064012290359749075
69.0	31.071565740622198	31.29560875688132	12.911278965561387	24.715145307899117	0.0064012290359749075
70.0	31.03315836640635	31.25720138266547	12.943285110741263	24.75995391115094	0.0064012290359749075
71.0	31.00755345026245	31.366022276277043	12.911278965561387	24.70874407886314	0.0064012290359749075
72.0	30.98194853411855	31.391627192420945	12.930482652669312	24.689540391755216	0.0064012290359749075
73.0	31.020355908334402	31.35962104724107	12.898476507489438	24.715145307899117	0.0064012290359749075
74.0	30.949942388938677	31.35962104724107	12.988093713993088	24.695941620791192	0.0064012290359749075
75.0	31.05876328255025	31.24439892459352	12.911278965561387	24.779157598258866	0.0064012290359749075
76.0	31.020355908334402	31.25720138266547	12.968890026885163	24.747151453078992	0.0064012290359749075
77.0	31.01395467929843	31.308411214953267	12.956087568813214	24.715145307899117	0.0064012290359749075
78.0	31.065164511586225	31.282806298809373	12.930482652669312	24.715145307899117	0.0064012290359749075
79.0	30.9691460760466	31.263602611701447	12.930482652669312	24.830367430546666	0.0064012290359749075
80.0	30.956343617974653	31.353219818205098	12.968890026885163	24.715145307899117	0.0064012290359749075
81.0	31.052362053514276	31.218794008449624	12.917680194597365	24.804762514402764	0.0064012290359749075
82.0	30.911535014722823	31.346818589169125	13.013698630136986	24.72154653693509	0.0064012290359749075
83.0	31.045960824478303	31.321213673025223	12.930482652669312	24.695941620791192	0.0064012290359749075
84.0	30.93073870183075	31.28920752784535	12.981692484957112	24.791960056330815	0.0064012290359749075
85.0	31.03315836640635	31.33401613109717	12.885674049417489	24.740750224043015	0.0064012290359749075
86.0	30.98194853411855	31.340417360133145	12.981692484957112	24.689540391755216	0.0064012290359749075
87.0	31.01395467929843	31.29560875688132	12.879272820381512	24.804762514402764	0.0064012290359749075
88.0	30.917936243758803	31.378824734348992	13.020099859172962	24.676737933683267	0.0064012290359749075
89.0	31.026757137370375	31.366022276277043	12.904877736525414	24.695941620791192	0.0064012290359749075
90.0	30.93073870183075	31.321213673025223	13.03290231724491	24.70874407886314	0.0064012290359749075
91.0	31.01395467929843	31.321213673025223	12.936883881705288	24.72154653693509	0.0064012290359749075
92.0	30.98194853411855	31.37242350531302	12.962488797849186	24.676737933683267	0.0064012290359749075
93.0	31.001152221226473	31.404429650492894	12.83446421712969	24.753552682114965	0.0064012290359749075
94.0	31.026757137370375	31.263602611701447	12.956087568813214	24.747151453078992	0.0064012290359749075
95.0	31.020355908334402	31.39802842145692	12.847266675201638	24.727947765971066	0.0064012290359749075
96.0	30.956343617974653	31.302009985917294	12.962488797849186	24.77275636922289	0.0064012290359749075
97.0	30.956343617974653	31.48764562796057	12.866470362309562	24.683139162719243	0.0064012290359749075
98.0	31.003136803021576	31.36162857691569	12.944113693105436	24.691120926957304	0.0
