# Position (bp)	A	C	G	T	N
0.0	31.01557632398754	31.302180685358255	12.990654205607477	24.685358255451714	0.006230529595015576
1.0	31.021806853582557	31.370716510903428	12.890965732087228	24.710280373831775	0.006230529595015576
2.0	31.01557632398754	31.38317757009346	12.92834890965732	24.666666666666668	0.006230529595015576
3.0	30.978193146417443	31.327102803738317	12.98442367601246	24.70404984423676	0.006230529595015576
4.0	30.928348909657323	31.414330218068535	12.922118380062306	24.72897196261682	0.006230529595015576
5.0	30.98442367601246	31.401869158878505	12.91588785046729	24.69158878504673	0.006230529595015576
6.0	30.98442367601246	31.3208722741433	12.990654205607477	24.697819314641745	0.006230529595015576
7.0	30.909657320872274	31.426791277258566	12.940809968847352	24.71651090342679	0.006230529595015576
8.0	30.95327102803738	31.401869158878505	12.971962616822431	24.666666666666668	0.006230529595015576
9.0	30.965732087227416	31.45171339563863	12.890965732087228	24.685358255451714	0.006230529595015576
10.0	30.978193146417443	31.333333333333336	12.934579439252335	24.747663551401867	0.006230529595015576
11.0	30.922118380062308	31.376947040498443	12.990654205607477	24.70404984423676	0.006230529595015576
12.0	30.940809968847354	31.433021806853585	12.940809968847352	24.6791277258567	0.006230529595015576
13.0	30.922118380062308	31.345794392523363	12.947040498442366	24.778816199376948	0.006230529595015576
14.0	30.97196261682243	31.370716510903428	12.953271028037383	24.697819314641745	0.006230529595015576
15.0	30.890965732087228	31.39563862928349	12.98442367601246	24.72274143302181	0.006230529595015576
16.0	30.97196261682243	31.358255451713397	12.953271028037383	24.710280373831775	0.006230529595015576
17.0	30.934579439252335	31.38317757009346	12.990654205607477	24.685358255451714	0.006230529595015576
18.0	30.95327102803738	31.333333333333336	12.990654205607477	24.71651090342679	0.006230529595015576
19.0	30.903426791277262	31.38317757009346	12.947040498442366	24.760124610591898	0.006230529595015576
20.0	30.928348909657323	31.389408099688477	12.990654205607477	24.685358255451714	0.006230529595015576
21.0	30.94704049844237	31.26479750778816	13.003115264797508	24.778816199376948	0.006230529595015576
22.0	30.866043613707166	31.45171339563863	12.98442367601246	24.69158878504673	0.006230529595015576
23.0	30.940809968847354	31.327102803738317	13.02803738317757	24.697819314641745	0.006230529595015576
24.0	30.859813084112147	31.370716510903428	12.953271028037383	24.809968847352025	0.006230529595015576
25.0	30.978193146417443	31.376947040498443	12.934579439252335	24.70404984423676	0.006230529595015576
26.0	30.884735202492212	31.345794392523363	13.059190031152648	24.70404984423676	0.006230529595015576
27.0	30.903426791277262	31.358255451713397	13.021806853582554	24.710280373831775	0.006230529595015576
28.0	30.859813084112147	31.38317757009346	12.98442367601246	24.766355140186917	0.006230529595015576
29.0	30.903426791277262	31.345794392523363	13.046728971962619	24.697819314641745	0.006230529595015576
30.0	30.866043613707166	31.339563862928348	13.009345794392523	24.778816199376948	0.006230529595015576
31.0	30.890965732087228	31.42056074766355	13.015576323987538	24.666666666666668	0.006230529595015576
32.0	30.909657320872274	31.38317757009346	13.034267912772584	24.666666666666668	0.006230529595015576
33.0	30.94704049844237	31.29595015576324	13.052959501557632	24.697819314641745	0.006230529595015576
34.0	30.859813084112147	31.414330218068535	13.015576323987538	24.70404984423676	0.006230529595015576
35.0	30.959501557632397	31.28971962616822	13.040498442367602	24.70404984423676	0.006230529595015576
36.0	30.903426791277262	31.39563862928349	13.02803738317757	24.666666666666668	0.006230529595015576
37.0	30.940809968847354	31.38317757009346	13.021806853582554	24.647975077881622	0.006230529595015576
38.0	30.95327102803738	31.246105919003114	13.059190031152648	24.73520249221184	0.006230529595015576
39.0	30.909657320872274	31.339563862928348	13.009345794392523	24.73520249221184	0.006230529595015576
40.0	30.878504672897193	31.370716510903428	12.996884735202494	24.747663551401867	0.006230529595015576
41.0	30.922118380062308	31.31464174454829	13.02803738317757	24.72897196261682	0.006230529595015576
42.0	30.928348909657323	31.327102803738317	12.98442367601246	24.753894080996886	0.006230529595015576
43.0	30.8411214953271	31.271028037383175	13.065420560747665	24.81619937694704	0.006230529595015576
44.0	30.959501557632397	31.3208722741433	13.065420560747665	24.647975077881622	0.006230529595015576
45.0	31.003115264797508	31.239875389408102	13.02803738317757	24.72274143302181	0.006230529595015576
46.0	30.97196261682243	31.327102803738317	13.003115264797508	24.69158878504673	0.006230529595015576
47.0	30.940809968847354	31.35202492211838	13.046728971962619	24.654205607476634	0.006230529595015576
48.0	31.003115264797508	31.277258566978194	12.965732087227414	24.747663551401867	0.006230529595015576
49.0	30.959501557632397	31.221183800623052	13.040498442367602	24.772585669781932	0.006230529595015576
50.0	30.965732087227416	31.308411214953267	13.052959501557632	24.666666666666668	0.006230529595015576
51.0	31.034267912772584	31.31464174454829	13.040498442367602	24.60436137071651	0.006230529595015576
52.0	30.897196261682243	31.28971962616822	13.009345794392523	24.797507788161994	0.006230529595015576
53.0	30.922118380062308	31.29595015576324	13.021806853582554	24.753894080996886	0.006230529595015576
54.0	30.922118380062308	31.3208722741433	13.071651090342678	24.6791277258567	0.006230529595015576
55.0	30.959501557632397	31.271028037383175	13.034267912772584	24.72897196261682	0.006230529595015576
56.0	30.95327102803738	31.3208722741433	13.046728971962619	24.67289719626168	0.006230529595015576
57.0	30.884735202492212	31.358255451713397	13.071651090342678	24.6791277258567	0.006230529595015576
58.0	30.959501557632397	31.302180685358255	13.052959501557632	24.6791277258567	0.006230529595015576
59.0	30.965732087227416	31.28348909657321	13.059190031152648	24.685358255451714	0.006230529595015576
60.0	30.940809968847354	31.345794392523363	12.996884735202494	24.710280373831775	0.006230529595015576
61.0	31.003115264797508	31.28348909657321	13.090342679127726	24.61682242990654	0.006230529595015576
62.0	30.95327102803738	31.370716510903428	13.015576323987538	24.654205607476634	0.006230529595015576
63.0	30.934579439252335	31.333333333333336	13.02803738317757	24.697819314641745	0.006230529595015576
64.0	30.965732087227416	31.339563862928348	13.046728971962619	24.641744548286603	0.006230529595015576
65.0	30.934579439252335	31.302180685358255	13.034267912772584	24.72274143302181	0.006230529595015576
66.0	31.009345794392523	31.327102803738317	13.02803738317757	24.629283489096572	0.006230529595015576
67.0	30.94704049844237	31.26479750778816	13.052959501557632	24.72897196261682	0.006230529595015576
68.0	30.99688473520249	31.308411214953267	13.003115264797508	24.685358255451714	0.006230529595015576
69.0	31.034267912772584	31.271028037383175	13.003115264797508	24.685358255451714	0.006230529595015576
70.0	30.91588785046729	31.38317757009346	12.990654205607477	24.70404984423676	0.006230529595015576
71.0	30.978193146417443	31.25233644859813	13.065420560747665	24.697819314641745	0.006230529595015576
72.0	31.021806853582557	31.26479750778816	13.021806853582554	24.685358255451714	0.006230529595015576
73.0	30.928348909657323	31.376947040498443	13.015576323987538	24.67289719626168	0.006230529595015576
74.0	30.98442367601246	31.28348909657321	12.965732087227414	24.760124610591898	0.006230529595015576
75.0	30.965732087227416	31.3208722741433	13.034267912772584	24.67289719626168	0.006230529595015576
76.0	30.95327102803738	31.36448598130841	12.934579439252335	24.741433021806852	0.006230529595015576
77.0	30.97196261682243	31.29595015576324	13.021806853582554	24.70404984423676	0.006230529595015576
78.0	30.934579439252335	31.302180685358255	13.021806853582554	24.73520249221184	0.006230529595015576
79.0	30.95327102803738	31.31464174454829	13.021806853582554	24.70404984423676	0.006230529595015576
80.0	30.94704049844237	31.28348909657321	13.040498442367602	24.72274143302181	0.006230529595015576
81.0	30.959501557632397	31.28971962616822	12.996884735202494	24.747663551401867	0.006230529595015576
82.0	30.940809968847354	31.389408099688477	12.971962616822431	24.69158878504673	0.006230529595015576
83.0	30.922118380062308	31.36448598130841	13.015576323987538	24.69158878504673	0.006230529595015576
84.0	30.909657320872274	31.376947040498443	12.98442367601246	24.72274143302181	0.006230529595015576
85.0	30.884735202492212	31.327102803738317	13.052959501557632	24.72897196261682	0.006230529595015576
86.0	30.97196261682243	31.389408099688477	12.990654205607477	24.641744548286603	0.006230529595015576
87.0	30.940809968847354	31.36448598130841	12.947040498442366	24.741433021806852	0.006230529595015576
88.0	30.866043613707166	31.376947040498443	12.996884735202494	24.753894080996886	0.006230529595015576
89.0	30.890965732087228	31.38317757009346	12.990654205607477	24.72897196261682	0.006230529595015576
90.0	30.884735202492212	31.414330218068535	12.971962616822431	24.72274143302181	0.006230529595015576
91.0	30.959501557632397	31.35202492211838	12.965732087227414	24.71651090342679	0.006230529595015576
92.0	30.859813084112147	31.401869158878505	13.015576323987538	24.71651090342679	0.006230529595015576
93.0	30.940809968847354	31.345794392523363	12.990654205607477	24.71651090342679	0.006230529595015576
94.0	30.853582554517132	31.426791277258566	12.897196261682243	24.81619937694704	0.006230529595015576
95.0	30.94704049844237	31.38317757009346	12.965732087227414	24.697819314641745	0.006230529595015576
96.0	30.934579439252335	31.345794392523363	12.953271028037383	24.760124610591898	0.006230529595015576
97.0	30.928348909657323	31.401869158878505	12.940809968847352	24.72274143302181	0.006230529595015576
98.0	30.909657320872274	31.401869158878505	12.953271028037383	24.72897196261682	0.006230529595015576
99.0	30.95327102803738	31.302180685358255	12.990654205607477	24.747663551401867	0.006230529595015576
100.0	30.94704049844237	31.38317757009346	12.947040498442366	24.71651090342679	0.006230529595015576
101.0	31.01557632398754	31.277258566978194	12.953271028037383	24.747663551401867	0.006230529595015576
102.0	30.91588785046729	31.39563862928349	12.940809968847352	24.741433021806852	0.006230529595015576
103.0	30.95327102803738	31.35202492211838	12.872274143302182	24.81619937694704	0.006230529595015576
104.0	30.978193146417443	31.358255451713397	12.934579439252335	24.72274143302181	0.006230529595015576
105.0	30.95327102803738	31.3208722741433	12.953271028037383	24.766355140186917	0.006230529595015576
106.0	30.98442367601246	31.36448598130841	12.947040498442366	24.697819314641745	0.006230529595015576
107.0	30.95327102803738	31.36448598130841	12.934579439252335	24.741433021806852	0.006230529595015576
108.0	30.909657320872274	31.308411214953267	12.978193146417446	24.797507788161994	0.006230529595015576
109.0	31.109034267912772	31.26479750778816	12.884735202492212	24.73520249221184	0.006230529595015576
110.0	31.003115264797508	31.36448598130841	12.853582554517134	24.772585669781932	0.006230529595015576
111.0	30.95327102803738	31.31464174454829	12.953271028037383	24.772585669781932	0.006230529595015576
112.0	31.065420560747665	31.38317757009346	12.903426791277258	24.641744548286603	0.006230529595015576
113.0	30.978193146417443	31.333333333333336	12.91588785046729	24.766355140186917	0.006230529595015576
114.0	30.98442367601246	31.31464174454829	12.934579439252335	24.760124610591898	0.006230529595015576
115.0	31.021806853582557	31.3208722741433	12.903426791277258	24.747663551401867	0.006230529595015576
116.0	31.003115264797508	31.35202492211838	12.947040498442366	24.69158878504673	0.006230529595015576
117.0	31.009345794392523	31.333333333333336	12.934579439252335	24.71651090342679	0.006230529595015576
118.0	30.94704049844237	31.38317757009346	12.909657320872276	24.753894080996886	0.006230529595015576
119.0	31.003115264797508	31.339563862928348	12.884735202492212	24.766355140186917	0.006230529595015576
120.0	31.05295950155763	31.308411214953267	12.9595015576324	24.67289719626168	0.006230529595015576
121.0	30.98442367601246	31.389408099688477	12.853582554517134	24.766355140186917	0.006230529595015576
122.0	31.01557632398754	31.358255451713397	12.903426791277258	24.71651090342679	0.006230529595015576
123.0	30.959501557632397	31.389408099688477	12.92834890965732	24.71651090342679	0.006230529595015576
124.0	30.978193146417443	31.370716510903428	12.91588785046729	24.72897196261682	0.006230529595015576
125.0	31.071651090342677	31.370716510903428	12.847352024922118	24.70404984423676	0.006230529595015576
126.0	30.978193146417443	31.246105919003114	12.9595015576324	24.809968847352025	0.006230529595015576
127.0	31.040498442367603	31.38317757009346	12.853582554517134	24.71651090342679	0.006230529595015576
128.0	31.01557632398754	31.31464174454829	12.91588785046729	24.747663551401867	0.006230529595015576
129.0	30.978193146417443	31.277258566978194	12.940809968847352	24.797507788161994	0.006230529595015576
130.0	31.065420560747665	31.358255451713397	12.866043613707165	24.70404984423676	0.006230529595015576
131.0	30.99688473520249	31.358255451713397	12.834890965732088	24.80373831775701	0.006230529595015576
132.0	31.02803738317757	31.36448598130841	12.91588785046729	24.685358255451714	0.006230529595015576
133.0	30.940809968847354	31.339563862928348	12.878504672897195	24.834890965732086	0.006230529595015576
134.0	31.01557632398754	31.339563862928348	12.909657320872276	24.72897196261682	0.006230529595015576
135.0	31.009345794392523	31.339563862928348	12.890965732087228	24.753894080996886	0.006230529595015576
136.0	31.009345794392523	31.339563862928348	12.82866043613707	24.81619937694704	0.006230529595015576
137.0	31.08411214953271	31.271028037383175	12.92834890965732	24.710280373831775	0.006230529595015576
138.0	31.071651090342677	31.3208722741433	12.859813084112147	24.741433021806852	0.006230529595015576
139.0	31.065420560747665	31.302180685358255	12.91588785046729	24.710280373831775	0.006230529595015576
140.0	31.040498442367603	31.327102803738317	12.922118380062306	24.70404984423676	0.006230529595015576
141.0	31.02803738317757	31.3208722741433	12.953271028037383	24.69158878504673	0.006230529595015576
142.0	30.990654205607477	31.370716510903428	12.903426791277258	24.72897196261682	0.006230529595015576
143.0	30.978193146417443	31.3208722741433	12.91588785046729	24.778816199376948	0.006230529595015576
144.0	31.140186915887853	31.28971962616822	12.859813084112147	24.70404984423676	0.006230529595015576
145.0	31.021806853582557	31.277258566978194	12.947040498442366	24.747663551401867	0.006230529595015576
146.0	31.096573208722738	31.29595015576324	12.866043613707165	24.73520249221184	0.006230529595015576
147.0	31.034267912772584	31.3208722741433	12.92834890965732	24.710280373831775	0.006230529595015576
148.0	31.04672897196262	31.308411214953267	12.934579439252335	24.70404984423676	0.006230529595015576
149.0	31.01557632398754	31.345794392523363	12.934579439252335	24.697819314641745	0.006230529595015576
