# Position (bp)	A	C	G	T	N
0.0	31.03646833013436	31.324376199616122	12.91106845809341	24.72168905950096	0.0063979526551503525
1.0	30.88291746641075	31.42034548944338	13.026231605886116	24.664107485604607	0.0063979526551503525
2.0	30.972488803582856	31.356365962891875	12.949456174024313	24.71529110684581	0.0063979526551503525
3.0	30.89571337172105	31.433141394753676	13.026231605886116	24.638515674984003	0.0063979526551503525
4.0	30.98528470889315	31.401151631477926	12.949456174024313	24.657709532949458	0.0063979526551503525
5.0	30.87012156110045	31.394753678822777	13.026231605886116	24.70249520153551	0.0063979526551503525
6.0	31.06206014075496	31.426743442098527	12.92386436340371	24.58093410108765	0.0063979526551503525
7.0	30.9149072296865	31.394753678822777	13.007037747920666	24.676903390914905	0.0063979526551503525
8.0	31.010876519513758	31.381957773512475	12.90467050543826	24.69609724888036	0.0063979526551503525
9.0	30.838131797824698	31.407549584133076	13.019833653230966	24.72808701215611	0.0063979526551503525
10.0	31.06206014075496	31.30518234165067	12.90467050543826	24.72168905950096	0.0063979526551503525
11.0	30.84452975047985	31.349968010236722	13.058221369161869	24.74088291746641	0.0063979526551503525
12.0	31.03007037747921	31.31797824696097	12.92386436340371	24.72168905950096	0.0063979526551503525
13.0	30.8893154190659	31.362763915547028	13.07741522712732	24.664107485604607	0.0063979526551503525
14.0	30.998080614203456	31.25399872040947	12.968650031989764	24.77287268074216	0.0063979526551503525
15.0	30.8893154190659	31.356365962891875	13.058221369161869	24.68969929622521	0.0063979526551503525
16.0	30.940499040307103	31.285988483685223	13.032629558541267	24.73448496481126	0.0063979526551503525
17.0	30.876519513755596	31.349968010236722	13.039027511196416	24.72808701215611	0.0063979526551503525
18.0	30.93410108765195	31.26679462571977	13.013435700575815	24.779270633397314	0.0063979526551503525
19.0	30.98528470889315	31.27959053103007	13.083813179782469	24.644913627639156	0.0063979526551503525
20.0	30.89571337172105	31.337172104926424	13.045425463851569	24.71529110684581	0.0063979526551503525
21.0	30.8893154190659	31.241202815099168	13.051823416506716	24.811260396673067	0.0063979526551503525
22.0	30.998080614203456	31.260396673064616	13.032629558541267	24.70249520153551	0.0063979526551503525
23.0	30.902111324376197	31.26679462571977	13.058221369161869	24.76647472808701	0.0063979526551503525
24.0	30.98528470889315	31.234804862444015	13.026231605886116	24.74728087012156	0.0063979526551503525
25.0	30.90850927703135	31.27959053103007	13.071017274472169	24.73448496481126	0.0063979526551503525
26.0	30.95969289827255	31.25399872040947	13.013435700575815	24.76647472808701	0.0063979526551503525
27.0	30.92130518234165	31.324376199616122	13.039027511196416	24.70889315419066	0.0063979526551503525
28.0	30.9149072296865	31.330774152271275	13.000639795265515	24.74728087012156	0.0063979526551503525
29.0	30.98528470889315	31.285988483685223	13.026231605886116	24.69609724888036	0.0063979526551503525
30.0	30.927703134996804	31.29878438899552	13.058221369161869	24.70889315419066	0.0063979526551503525
31.0	30.953294945617404	31.260396673064616	13.071017274472169	24.70889315419066	0.0063979526551503525
32.0	30.972488803582856	31.31797824696097	13.045425463851569	24.657709532949458	0.0063979526551503525
33.0	30.927703134996804	31.337172104926424	13.07741522712732	24.651311580294305	0.0063979526551503525
34.0	31.042866282789504	31.22840690978887	13.071017274472169	24.651311580294305	0.0063979526551503525
35.0	30.89571337172105	31.388355726167628	13.026231605886116	24.683301343570058	0.0063979526551503525
36.0	30.98528470889315	31.285988483685223	13.039027511196416	24.683301343570058	0.0063979526551503525
37.0	30.94689699296225	31.27319257837492	13.026231605886116	24.74728087012156	0.0063979526551503525
38.0	31.010876519513758	31.337172104926424	12.987843889955213	24.657709532949458	0.0063979526551503525
39.0	30.953294945617404	31.25399872040947	13.013435700575815	24.77287268074216	0.0063979526551503525
40.0	31.068458093410108	31.260396673064616	12.949456174024313	24.71529110684581	0.0063979526551503525
41.0	30.94689699296225	31.222008957133717	13.134996801023672	24.68969929622521	0.0063979526551503525
42.0	31.06206014075496	31.247600767754317	12.955854126679462	24.72808701215611	0.0063979526551503525
43.0	30.940499040307103	31.27319257837492	13.07741522712732	24.70249520153551	0.0063979526551503525
44.0	30.972488803582856	31.375559820857323	12.955854126679462	24.68969929622521	0.0063979526551503525
45.0	30.95969289827255	31.247600767754317	13.019833653230966	24.76647472808701	0.0063979526551503525
46.0	30.972488803582856	31.311580294305823	13.051823416506716	24.657709532949458	0.0063979526551503525
47.0	30.902111324376197	31.27959053103007	13.071017274472169	24.74088291746641	0.0063979526551503525
48.0	31.03007037747921	31.247600767754317	13.032629558541267	24.683301343570058	0.0063979526551503525
49.0	30.98528470889315	31.29878438899552	13.07741522712732	24.632117722328857	0.0063979526551503525
50.0	31.042866282789504	31.164427383237364	13.039027511196416	24.74728087012156	0.0063979526551503525
51.0	30.966090850927703	31.29878438899552	12.975047984644913	24.753678822776713	0.0063979526551503525
52.0	31.004478566858605	31.27319257837492	13.007037747920666	24.70889315419066	0.0063979526551503525
53.0	30.95969289827255	31.311580294305823	13.013435700575815	24.70889315419066	0.0063979526551503525
54.0	31.023672424824056	31.27959053103007	13.007037747920666	24.683301343570058	0.0063979526551503525
55.0	30.966090850927703	31.29238643634037	13.019833653230966	24.71529110684581	0.0063979526551503525
56.0	30.978886756238005	31.222008957133717	13.019833653230966	24.77287268074216	0.0063979526551503525
57.0	30.972488803582856	31.30518234165067	13.039027511196416	24.676903390914905	0.0063979526551503525
58.0	30.998080614203456	31.349968010236722	12.968650031989764	24.676903390914905	0.0063979526551503525
59.0	30.95969289827255	31.215611004478568	13.083813179782469	24.73448496481126	0.0063979526551503525
60.0	30.998080614203456	31.41394753678823	12.968650031989764	24.612923864363403	0.0063979526551503525
61.0	30.93410108765195	31.337172104926424	13.007037747920666	24.71529110684581	0.0063979526551503525
62.0	31.004478566858605	31.324376199616122	12.987843889955213	24.676903390914905	0.0063979526551503525
63.0	30.940499040307103	31.337172104926424	12.994241842610366	24.72168905950096	0.0063979526551503525
64.0	31.017274472168904	31.388355726167628	12.90467050543826	24.683301343570058	0.0063979526551503525
65.0	30.953294945617404	31.356365962891875	12.994241842610366	24.68969929622521	0.0063979526551503525
66.0	30.953294945617404	31.42034548944338	12.968650031989764	24.651311580294305	0.0063979526551503525
67.0	30.98528470889315	31.388355726167628	12.975047984644913	24.644913627639156	0.0063979526551503525
68.0	30.902111324376197	31.362763915547028	12.955854126679462	24.77287268074216	0.0063979526551503525
69.0	31.05566218809981	31.31797824696097	12.94305822136916	24.676903390914905	0.0063979526551503525
70.0	31.010876519513758	31.343570057581573	12.975047984644913	24.664107485604607	0.0063979526551503525
71.0	30.98528470889315	31.394753678822777	12.93026231605886	24.683301343570058	0.0063979526551503525
72.0	30.98528470889315	31.401151631477926	12.949456174024313	24.657709532949458	0.0063979526551503525
73.0	30.998080614203456	31.375559820857323	12.94305822136916	24.676903390914905	0.0063979526551503525
74.0	30.94689699296225	31.388355726167628	13.013435700575815	24.644913627639156	0.0063979526551503525
75.0	30.998080614203456	31.285988483685223	12.968650031989764	24.74088291746641	0.0063979526551503525
76.0	31.023672424824056	31.29238643634037	13.007037747920666	24.670505438259756	0.0063979526551503525
77.0	30.98528470889315	31.343570057581573	12.994241842610366	24.670505438259756	0.0063979526551503525
78.0	31.05566218809981	31.285988483685223	12.975047984644913	24.676903390914905	0.0063979526551503525
79.0	30.94689699296225	31.29878438899552	12.981445937300066	24.76647472808701	0.0063979526551503525
80.0	30.92130518234165	31.394753678822777	13.013435700575815	24.664107485604607	0.0063979526551503525
81.0	31.03007037747921	31.247600767754317	12.968650031989764	24.74728087012156	0.0063979526551503525
82.0	30.876519513755596	31.381957773512475	13.051823416506716	24.683301343570058	0.0063979526551503525
83.0	31.010876519513758	31.356365962891875	12.968650031989764	24.657709532949458	0.0063979526551503525
84.0	30.8893154190659	31.324376199616122	13.032629558541267	24.74728087012156	0.0063979526551503525
85.0	31.004478566858605	31.356365962891875	12.949456174024313	24.683301343570058	0.0063979526551503525
86.0	30.94689699296225	31.401151631477926	13.026231605886116	24.619321817018555	0.0063979526551503525
87.0	30.972488803582856	31.337172104926424	12.93026231605886	24.753678822776713	0.0063979526551503525
88.0	30.876519513755596	31.401151631477926	13.051823416506716	24.664107485604607	0.0063979526551503525
89.0	30.978886756238005	31.388355726167628	12.949456174024313	24.676903390914905	0.0063979526551503525
90.0	30.90850927703135	31.337172104926424	13.058221369161869	24.68969929622521	0.0063979526551503525
91.0	30.953294945617404	31.356365962891875	13.000639795265515	24.683301343570058	0.0063979526551503525
92.0	30.94689699296225	31.41394753678823	12.994241842610366	24.638515674984003	0.0063979526551503525
93.0	30.95969289827255	31.45233525271913	12.866282789507357	24.71529110684581	0.0063979526551503525
94.0	30.972488803582856	31.29238643634037	12.994241842610366	24.73448496481126	0.0063979526551503525
95.0	30.978886756238005	31.43953934740883	12.88547664747281	24.68969929622521	0.0063979526551503525
96.0	30.92130518234165	31.356365962891875	12.981445937300066	24.73448496481126	0.0063979526551503525
97.0	30.953294945617404	31.497120921305182	12.90467050543826	24.638515674984003	0.0063979526551503525
98.0	30.961673811504255	31.41595751487619	12.963081451148506	24.659287222471047	0.0
