# Position (bp)	A	C	G	T	N
0.0	31.028446389496718	31.2472647702407	12.985307908721474	24.732728977805564	0.006251953735542357
1.0	31.022194435761175	31.316036261331664	12.89152860268834	24.763988746483275	0.006251953735542357
2.0	31.028446389496718	31.33479212253829	12.922788371366051	24.707721162863393	0.006251953735542357
3.0	30.984682713347922	31.27227258518287	12.991559862457017	24.74523288527665	0.006251953735542357
4.0	30.953422944670212	31.353547983744924	12.929040325101596	24.757736792747735	0.006251953735542357
5.0	31.003438574554547	31.353547983744924	12.929040325101596	24.707721162863393	0.006251953735542357
6.0	30.990934667083465	31.27227258518287	13.004063769928104	24.72647702407002	0.006251953735542357
7.0	30.928415129728037	31.37230384495155	12.947796186308222	24.74523288527665	0.006251953735542357
8.0	30.965926852141294	31.359799937480464	12.991559862457017	24.676461394185683	0.006251953735542357
9.0	30.990934667083465	31.391059706158174	12.897780556423882	24.713973116598936	0.006251953735542357
10.0	30.990934667083465	31.27852453891841	12.947796186308222	24.77649265395436	0.006251953735542357
11.0	30.94717099093467	31.316036261331664	13.004063769928104	24.72647702407002	0.006251953735542357
12.0	30.959674898405755	31.384807752422635	12.947796186308222	24.70146920912785	0.006251953735542357
13.0	30.940919037199127	31.291028446389497	12.97280400125039	24.788996561425446	0.006251953735542357
14.0	30.997186620819008	31.322288215067207	12.97280400125039	24.70146920912785	0.006251953735542357
15.0	30.890903407314784	31.353547983744924	13.004063769928104	24.74523288527665	0.006251953735542357
16.0	30.97843075961238	31.32854016880275	12.960300093779306	24.72647702407002	0.006251953735542357
17.0	30.934667083463584	31.359799937480464	12.991559862457017	24.707721162863393	0.006251953735542357
18.0	30.97843075961238	31.29728040012504	12.985307908721474	24.732728977805564	0.006251953735542357
19.0	30.915911222256952	31.359799937480464	12.947796186308222	24.770240700218817	0.006251953735542357
20.0	30.953422944670212	31.366051891216006	12.979055954985933	24.69521725539231	0.006251953735542357
21.0	30.972178805876837	31.23476086276962	13.010315723663645	24.77649265395436	0.006251953735542357
22.0	30.88465145357924	31.416067521100345	12.997811816192561	24.69521725539231	0.006251953735542357
23.0	30.97843075961238	31.291028446389497	13.029071584870271	24.69521725539231	0.006251953735542357
24.0	30.865895592372617	31.341044076273832	12.966552047514849	24.820256330103156	0.006251953735542357
25.0	30.990934667083465	31.33479212253829	12.954048140043763	24.713973116598936	0.006251953735542357
26.0	30.890903407314784	31.32854016880275	13.066583307283528	24.707721162863393	0.006251953735542357
27.0	30.909659268521413	31.32854016880275	13.041575492341357	24.713973116598936	0.006251953735542357
28.0	30.878399499843702	31.359799937480464	12.997811816192561	24.757736792747735	0.006251953735542357
29.0	30.909659268521413	31.33479212253829	13.05407939981244	24.69521725539231	0.006251953735542357
30.0	30.878399499843702	31.30978430759612	13.010315723663645	24.79524851516099	0.006251953735542357
31.0	30.90340731478587	31.397311659893717	13.02281963113473	24.67020944045014	0.006251953735542357
32.0	30.928415129728037	31.359799937480464	13.041575492341357	24.6639574867146	0.006251953735542357
33.0	30.94717099093467	31.291028446389497	13.066583307283528	24.68896530165677	0.006251953735542357
34.0	30.859643638637074	31.40356361362926	13.029071584870271	24.70146920912785	0.006251953735542357
35.0	30.959674898405755	31.27852453891841	13.047827446076898	24.707721162863393	0.006251953735542357
36.0	30.922163175992495	31.37230384495155	13.029071584870271	24.67020944045014	0.006251953735542357
37.0	30.965926852141294	31.353547983744924	13.02281963113473	24.651453579243512	0.006251953735542357
38.0	30.953422944670212	31.23476086276962	13.05407939981244	24.751484839012193	0.006251953735542357
39.0	30.90340731478587	31.316036261331664	13.016567677399188	24.757736792747735	0.006251953735542357
40.0	30.890903407314784	31.34729603000938	13.004063769928104	24.751484839012193	0.006251953735542357
41.0	30.915911222256952	31.30353235386058	13.041575492341357	24.732728977805564	0.006251953735542357
42.0	30.94717099093467	31.316036261331664	12.991559862457017	24.738980931541107	0.006251953735542357
43.0	30.84713973116599	31.259768677711786	13.060331353547983	24.8265082838387	0.006251953735542357
44.0	30.965926852141294	31.316036261331664	13.047827446076898	24.6639574867146	0.006251953735542357
45.0	31.00969052829009	31.228508909034076	13.029071584870271	24.72647702407002	0.006251953735542357
46.0	30.97843075961238	31.30978430759612	13.010315723663645	24.69521725539231	0.006251953735542357
47.0	30.959674898405755	31.353547983744924	13.041575492341357	24.63894967177243	0.006251953735542357
48.0	31.015942482025633	31.259768677711786	12.979055954985933	24.738980931541107	0.006251953735542357
49.0	30.959674898405755	31.222256955298533	13.047827446076898	24.763988746483275	0.006251953735542357
50.0	30.984682713347922	31.291028446389497	13.047827446076898	24.67020944045014	0.006251953735542357
51.0	31.034698343232257	31.30978430759612	13.041575492341357	24.607689903094716	0.006251953735542357
52.0	30.90340731478587	31.291028446389497	13.004063769928104	24.79524851516099	0.006251953735542357
53.0	30.915911222256952	31.316036261331664	13.016567677399188	24.74523288527665	0.006251953735542357
54.0	30.915911222256952	31.341044076273832	13.072835261019069	24.6639574867146	0.006251953735542357
55.0	30.953422944670212	31.284776492653954	13.029071584870271	24.72647702407002	0.006251953735542357
56.0	30.94717099093467	31.341044076273832	13.041575492341357	24.6639574867146	0.006251953735542357
57.0	30.890903407314784	31.366051891216006	13.066583307283528	24.67020944045014	0.006251953735542357
58.0	30.940919037199127	31.322288215067207	13.05407939981244	24.676461394185683	0.006251953735542357
59.0	30.940919037199127	31.30978430759612	13.05407939981244	24.68896530165677	0.006251953735542357
60.0	30.922163175992495	31.366051891216006	12.997811816192561	24.707721162863393	0.006251953735542357
61.0	30.97843075961238	31.316036261331664	13.085339168490155	24.61394185683026	0.006251953735542357
62.0	30.94717099093467	31.391059706158174	13.004063769928104	24.651453579243512	0.006251953735542357
63.0	30.928415129728037	31.34729603000938	13.029071584870271	24.68896530165677	0.006251953735542357
64.0	30.984682713347922	31.34729603000938	13.029071584870271	24.632697718036887	0.006251953735542357
65.0	30.922163175992495	31.32854016880275	13.02281963113473	24.72022507033448	0.006251953735542357
66.0	30.997186620819008	31.341044076273832	13.02281963113473	24.632697718036887	0.006251953735542357
67.0	30.922163175992495	31.29728040012504	13.047827446076898	24.72647702407002	0.006251953735542357
68.0	30.959674898405755	31.33479212253829	13.010315723663645	24.68896530165677	0.006251953735542357
69.0	31.003438574554547	31.29728040012504	13.010315723663645	24.682713347921226	0.006251953735542357
70.0	30.88465145357924	31.40356361362926	12.991559862457017	24.713973116598936	0.006251953735542357
71.0	30.965926852141294	31.26602063144733	13.066583307283528	24.69521725539231	0.006251953735542357
72.0	30.990934667083465	31.27227258518287	13.02281963113473	24.707721162863393	0.006251953735542357
73.0	30.88465145357924	31.397311659893717	13.016567677399188	24.69521725539231	0.006251953735542357
74.0	30.940919037199127	31.30353235386058	12.97280400125039	24.77649265395436	0.006251953735542357
75.0	30.922163175992495	31.353547983744924	13.047827446076898	24.67020944045014	0.006251953735542357
76.0	30.909659268521413	31.391059706158174	12.94154423257268	24.751484839012193	0.006251953735542357
77.0	30.928415129728037	31.30978430759612	13.029071584870271	24.72647702407002	0.006251953735542357
78.0	30.90340731478587	31.316036261331664	13.029071584870271	24.74523288527665	0.006251953735542357
79.0	30.909659268521413	31.353547983744924	13.02281963113473	24.707721162863393	0.006251953735542357
80.0	30.88465145357924	31.322288215067207	13.047827446076898	24.738980931541107	0.006251953735542357
81.0	30.90340731478587	31.33479212253829	12.991559862457017	24.763988746483275	0.006251953735542357
82.0	30.878399499843702	31.422319474835884	12.979055954985933	24.713973116598936	0.006251953735542357
83.0	30.87214754610816	31.397311659893717	13.029071584870271	24.69521725539231	0.006251953735542357
84.0	30.87214754610816	31.40356361362926	12.985307908721474	24.732728977805564	0.006251953735542357
85.0	30.84088777743045	31.34729603000938	13.060331353547983	24.74523288527665	0.006251953735542357
86.0	30.934667083463584	31.40356361362926	12.991559862457017	24.6639574867146	0.006251953735542357
87.0	30.88465145357924	31.391059706158174	12.966552047514849	24.751484839012193	0.006251953735542357
88.0	30.803376055017196	31.40356361362926	13.02281963113473	24.763988746483275	0.006251953735542357
89.0	30.828383869959364	31.416067521100345	13.02281963113473	24.72647702407002	0.006251953735542357
90.0	30.828383869959364	31.43482338230697	12.997811816192561	24.732728977805564	0.006251953735542357
91.0	30.909659268521413	31.37230384495155	12.985307908721474	24.72647702407002	0.006251953735542357
92.0	30.803376055017196	31.422319474835884	13.035323538605814	24.732728977805564	0.006251953735542357
93.0	30.90340731478587	31.366051891216006	13.010315723663645	24.713973116598936	0.006251953735542357
94.0	30.77836824007502	31.472335104720223	12.916536417630509	24.8265082838387	0.006251953735542357
95.0	30.878399499843702	31.428571428571427	12.979055954985933	24.707721162863393	0.006251953735542357
96.0	30.878399499843702	31.384807752422635	12.97280400125039	24.757736792747735	0.006251953735542357
97.0	30.88465145357924	31.441075336042513	12.954048140043763	24.713973116598936	0.006251953735542357
98.0	30.859643638637074	31.43482338230697	12.97280400125039	24.72647702407002	0.006251953735542357
99.0	30.909659268521413	31.34729603000938	12.997811816192561	24.738980931541107	0.006251953735542357
100.0	30.897155361050327	31.422319474835884	12.966552047514849	24.707721162863393	0.006251953735542357
101.0	30.953422944670212	31.33479212253829	12.979055954985933	24.72647702407002	0.006251953735542357
102.0	30.85339168490153	31.453579243513595	12.960300093779306	24.72647702407002	0.006251953735542357
103.0	30.88465145357924	31.422319474835884	12.89152860268834	24.79524851516099	0.006251953735542357
104.0	30.922163175992495	31.409815567364802	12.935292278837137	24.72647702407002	0.006251953735542357
105.0	30.922163175992495	31.366051891216006	12.954048140043763	24.751484839012193	0.006251953735542357
106.0	30.94717099093467	31.409815567364802	12.954048140043763	24.682713347921226	0.006251953735542357
107.0	30.922163175992495	31.409815567364802	12.947796186308222	24.713973116598936	0.006251953735542357
108.0	30.865895592372617	31.366051891216006	12.991559862457017	24.770240700218817	0.006251953735542357
109.0	31.05970615817443	31.32854016880275	12.897780556423882	24.707721162863393	0.006251953735542357
110.0	30.94717099093467	31.416067521100345	12.866520787746172	24.763988746483275	0.006251953735542357
111.0	30.915911222256952	31.366051891216006	12.954048140043763	24.757736792747735	0.006251953735542357
112.0	31.034698343232257	31.428571428571427	12.916536417630509	24.61394185683026	0.006251953735542357
113.0	30.97843075961238	31.366051891216006	12.922788371366051	24.72647702407002	0.006251953735542357
114.0	30.959674898405755	31.37230384495155	12.954048140043763	24.707721162863393	0.006251953735542357
115.0	30.97843075961238	31.391059706158174	12.916536417630509	24.707721162863393	0.006251953735542357
116.0	30.959674898405755	31.409815567364802	12.960300093779306	24.6639574867146	0.006251953735542357
117.0	30.97843075961238	31.391059706158174	12.947796186308222	24.676461394185683	0.006251953735542357
118.0	30.928415129728037	31.416067521100345	12.916536417630509	24.732728977805564	0.006251953735542357
119.0	31.003438574554547	31.366051891216006	12.897780556423882	24.72647702407002	0.006251953735542357
120.0	31.053454204438886	31.33479212253829	12.97280400125039	24.632697718036887	0.006251953735542357
121.0	30.997186620819008	31.409815567364802	12.866520787746172	24.72022507033448	0.006251953735542357
122.0	31.028446389496718	31.37230384495155	12.922788371366051	24.67020944045014	0.006251953735542357
123.0	30.953422944670212	31.422319474835884	12.947796186308222	24.67020944045014	0.006251953735542357
124.0	30.972178805876837	31.391059706158174	12.935292278837137	24.69521725539231	0.006251953735542357
125.0	31.065958111909968	31.384807752422635	12.866520787746172	24.676461394185683	0.006251953735542357
126.0	30.972178805876837	31.27852453891841	12.979055954985933	24.763988746483275	0.006251953735542357
127.0	31.065958111909968	31.397311659893717	12.866520787746172	24.6639574867146	0.006251953735542357
128.0	31.028446389496718	31.33479212253829	12.929040325101596	24.70146920912785	0.006251953735542357
129.0	30.972178805876837	31.30978430759612	12.954048140043763	24.757736792747735	0.006251953735542357
130.0	31.065958111909968	31.378555798687092	12.89152860268834	24.657705532979058	0.006251953735542357
131.0	31.003438574554547	31.378555798687092	12.866520787746172	24.74523288527665	0.006251953735542357
132.0	31.034698343232257	31.391059706158174	12.929040325101596	24.63894967177243	0.006251953735542357
133.0	30.959674898405755	31.34729603000938	12.897780556423882	24.788996561425446	0.006251953735542357
134.0	31.028446389496718	31.366051891216006	12.929040325101596	24.67020944045014	0.006251953735542357
135.0	31.028446389496718	31.359799937480464	12.904032510159425	24.70146920912785	0.006251953735542357
136.0	31.034698343232257	31.366051891216006	12.835261019068458	24.757736792747735	0.006251953735542357
137.0	31.097217880587685	31.316036261331664	12.935292278837137	24.64520162550797	0.006251953735542357
138.0	31.0847139731166	31.359799937480464	12.866520787746172	24.682713347921226	0.006251953735542357
139.0	31.07846201938106	31.33479212253829	12.929040325101596	24.651453579243512	0.006251953735542357
140.0	31.065958111909968	31.353547983744924	12.935292278837137	24.63894967177243	0.006251953735542357
141.0	31.05970615817443	31.341044076273832	12.966552047514849	24.626445764301344	0.006251953735542357
142.0	31.022194435761175	31.397311659893717	12.910284463894966	24.6639574867146	0.006251953735542357
143.0	31.015942482025633	31.33479212253829	12.922788371366051	24.72022507033448	0.006251953735542357
144.0	31.159737417943106	31.316036261331664	12.872772741481715	24.64520162550797	0.006251953735542357
145.0	31.047202250703343	31.30978430759612	12.954048140043763	24.682713347921226	0.006251953735542357
146.0	31.128477649265395	31.33479212253829	12.860268834010629	24.67020944045014	0.006251953735542357
147.0	31.053454204438886	31.353547983744924	12.935292278837137	24.651453579243512	0.006251953735542357
148.0	31.0847139731166	31.32854016880275	12.947796186308222	24.632697718036887	0.006251953735542357
149.0	31.065958111909968	31.359799937480464	12.94154423257268	24.626445764301344	0.006251953735542357
