# Position (bp)	A	C	G	T	N
0.0	31.043973628624467	31.364014593868017	12.916853357229726	24.668757600972924	0.006400819304871024
1.0	30.877552326697817	31.402419509697243	13.051270562632016	24.662356781668056	0.006400819304871024
2.0	30.967163796966013	31.364014593868017	12.974460730973563	24.687960058887537	0.006400819304871024
3.0	30.877552326697817	31.44722524483134	13.051270562632016	24.617551046533954	0.006400819304871024
4.0	30.967163796966013	31.421621967611856	12.961659092363822	24.643154323753443	0.006400819304871024
5.0	30.89035396530756	31.370415413172886	13.044869743327144	24.687960058887537	0.006400819304871024
6.0	31.050374447929336	31.421621967611856	12.968059911668695	24.553542853485247	0.006400819304871024
7.0	30.903155603917305	31.415221148306983	13.019266466107663	24.655955962363183	0.006400819304871024
8.0	30.992767074185494	31.370415413172886	12.95525827305895	24.675158420277796	0.006400819304871024
9.0	30.807143314344238	31.440824425526465	13.057671381936888	24.687960058887537	0.006400819304871024
10.0	31.024771170709855	31.312808039429047	12.95525827305895	24.70076169749728	0.006400819304871024
11.0	30.82634577225885	31.38321705178263	13.057671381936888	24.726364974716763	0.006400819304871024
12.0	30.97996543557575	31.33201049734366	12.961659092363822	24.71996415541189	0.006400819304871024
13.0	30.845548230173463	31.3896178710875	13.096076297766112	24.662356781668056	0.006400819304871024
14.0	30.9479613390514	31.26800230429495	13.01286564680279	24.764769890545992	0.006400819304871024
15.0	30.864750688088076	31.376816232477754	13.07047302054663	24.68155923958267	0.006400819304871024
16.0	30.909556423222174	31.32560967803879	13.038468924022276	24.71996415541189	0.006400819304871024
17.0	30.864750688088076	31.35761377456314	13.057671381936888	24.713563336107022	0.006400819304871024
18.0	30.89675478461243	31.300006400819303	13.025667285412531	24.77117070985086	0.006400819304871024
19.0	30.928758881136787	31.319208858733916	13.102477117070984	24.643154323753443	0.006400819304871024
20.0	30.858349868783204	31.364014593868017	13.057671381936888	24.713563336107022	0.006400819304871024
21.0	30.871151507392945	31.235998207770592	13.076873839851503	24.809575625680086	0.006400819304871024
22.0	30.986366254880625	31.26800230429495	13.064072201241759	24.675158420277796	0.006400819304871024
23.0	30.871151507392945	31.30640722012418	13.076873839851503	24.739166613326503	0.006400819304871024
24.0	30.960762977661137	31.255200665685205	13.07047302054663	24.70716251680215	0.006400819304871024
25.0	30.871151507392945	31.32560967803879	13.102477117070984	24.69436087819241	0.006400819304871024
26.0	30.935159700441655	31.293605581514434	13.044869743327144	24.71996415541189	0.006400819304871024
27.0	30.909556423222174	31.364014593868017	13.032068104717403	24.687960058887537	0.006400819304871024
28.0	30.88395314600269	31.351212955258273	13.032068104717403	24.726364974716763	0.006400819304871024
29.0	30.9479613390514	31.33201049734366	13.044869743327144	24.668757600972924	0.006400819304871024
30.0	30.89035396530756	31.33841131664853	13.089675478461244	24.675158420277796	0.006400819304871024
31.0	30.92235806183192	31.293605581514434	13.089675478461244	24.687960058887537	0.006400819304871024
32.0	30.9479613390514	31.344812135953404	13.057671381936888	24.643154323753443	0.006400819304871024
33.0	30.92235806183192	31.351212955258273	13.102477117070984	24.617551046533954	0.006400819304871024
34.0	30.999167893490366	31.248799846380336	13.089675478461244	24.655955962363183	0.006400819304871024
35.0	30.858349868783204	31.428022786916728	13.044869743327144	24.662356781668056	0.006400819304871024
36.0	30.9479613390514	31.30640722012418	13.057671381936888	24.68155923958267	0.006400819304871024
37.0	30.92235806183192	31.293605581514434	13.057671381936888	24.71996415541189	0.006400819304871024
38.0	30.967163796966013	31.35761377456314	13.019266466107663	24.64955514305831	0.006400819304871024
39.0	30.92235806183192	31.293605581514434	13.038468924022276	24.739166613326503	0.006400819304871024
40.0	31.01196953210011	31.319208858733916	12.993663188888178	24.668757600972924	0.006400819304871024
41.0	30.928758881136787	31.27440312359982	13.153683671509953	24.63675350444857	0.006400819304871024
42.0	31.005568712795238	31.287204762209562	12.987262369583307	24.713563336107022	0.006400819304871024
43.0	30.92235806183192	31.33201049734366	13.057671381936888	24.68155923958267	0.006400819304871024
44.0	30.92235806183192	31.402419509697243	12.974460730973563	24.69436087819241	0.006400819304871024
45.0	30.941560519746524	31.30640722012418	13.006464827497922	24.739166613326503	0.006400819304871024
46.0	30.909556423222174	31.351212955258273	13.064072201241759	24.668757600972924	0.006400819304871024
47.0	30.88395314600269	31.312808039429047	13.064072201241759	24.732765794021635	0.006400819304871024
48.0	30.986366254880625	31.255200665685205	13.044869743327144	24.70716251680215	0.006400819304871024
49.0	30.97356461627088	31.32560967803879	13.076873839851503	24.617551046533954	0.006400819304871024
50.0	30.986366254880625	31.178390834026754	13.051270562632016	24.777571529155733	0.006400819304871024
51.0	30.928758881136787	31.32560967803879	12.987262369583307	24.751968251936248	0.006400819304871024
52.0	30.960762977661137	31.287204762209562	13.019266466107663	24.726364974716763	0.006400819304871024
53.0	30.935159700441655	31.33841131664853	13.01286564680279	24.70716251680215	0.006400819304871024
54.0	30.95436215835627	31.293605581514434	13.01286564680279	24.732765794021635	0.006400819304871024
55.0	30.903155603917305	31.351212955258273	13.019266466107663	24.71996415541189	0.006400819304871024
56.0	30.89675478461243	31.28080394290469	13.038468924022276	24.777571529155733	0.006400819304871024
57.0	30.92235806183192	31.370415413172886	13.038468924022276	24.662356781668056	0.006400819304871024
58.0	30.915957242527043	31.396018690392367	12.980861550278435	24.70076169749728	0.006400819304871024
59.0	30.935159700441655	31.26800230429495	13.051270562632016	24.739166613326503	0.006400819304871024
60.0	30.915957242527043	31.440824425526465	12.974460730973563	24.662356781668056	0.006400819304871024
61.0	30.89675478461243	31.38321705178263	12.987262369583307	24.726364974716763	0.006400819304871024
62.0	30.928758881136787	31.344812135953404	13.00006400819305	24.71996415541189	0.006400819304871024
63.0	30.92235806183192	31.370415413172886	12.974460730973563	24.726364974716763	0.006400819304871024
64.0	30.95436215835627	31.376816232477754	12.923254176534597	24.739166613326503	0.006400819304871024
65.0	30.935159700441655	31.396018690392367	12.987262369583307	24.675158420277796	0.006400819304871024
66.0	30.89675478461243	31.40882032900211	12.987262369583307	24.70076169749728	0.006400819304871024
67.0	30.95436215835627	31.415221148306983	12.987262369583307	24.63675350444857	0.006400819304871024
68.0	30.871151507392945	31.344812135953404	12.961659092363822	24.81597644498496	0.006400819304871024
69.0	31.01837035140498	31.364014593868017	12.936055815144337	24.675158420277796	0.006400819304871024
70.0	30.960762977661137	31.30640722012418	12.987262369583307	24.739166613326503	0.006400819304871024
71.0	30.935159700441655	31.45362606413621	12.94245663444921	24.662356781668056	0.006400819304871024
72.0	30.89675478461243	31.440824425526465	12.968059911668695	24.687960058887537	0.006400819304871024
73.0	30.9479613390514	31.440824425526465	12.929654995839467	24.675158420277796	0.006400819304871024
74.0	30.864750688088076	31.40882032900211	13.025667285412531	24.69436087819241	0.006400819304871024
75.0	30.97996543557575	31.33201049734366	12.936055815144337	24.745567432631375	0.006400819304871024
76.0	30.92235806183192	31.312808039429047	13.032068104717403	24.726364974716763	0.006400819304871024
77.0	30.928758881136787	31.38321705178263	12.993663188888178	24.687960058887537	0.006400819304871024
78.0	30.97356461627088	31.33201049734366	13.00006400819305	24.687960058887537	0.006400819304871024
79.0	30.903155603917305	31.344812135953404	12.961659092363822	24.783972348460605	0.006400819304871024
80.0	30.858349868783204	31.3896178710875	13.038468924022276	24.70716251680215	0.006400819304871024
81.0	30.97996543557575	31.293605581514434	12.95525827305895	24.764769890545992	0.006400819304871024
82.0	30.819944952953975	31.376816232477754	13.076873839851503	24.71996415541189	0.006400819304871024
83.0	30.97356461627088	31.3896178710875	12.968059911668695	24.662356781668056	0.006400819304871024
84.0	30.851949049478332	31.319208858733916	13.044869743327144	24.777571529155733	0.006400819304871024
85.0	30.967163796966013	31.402419509697243	12.910452537924854	24.713563336107022	0.006400819304871024
86.0	30.89035396530756	31.3896178710875	13.038468924022276	24.675158420277796	0.006400819304871024
87.0	30.935159700441655	31.38321705178263	12.904051718619982	24.77117070985086	0.006400819304871024
88.0	30.813544133649106	31.44722524483134	13.07047302054663	24.662356781668056	0.006400819304871024
89.0	30.941560519746524	31.44722524483134	12.936055815144337	24.668757600972924	0.006400819304871024
90.0	30.845548230173463	31.351212955258273	13.089675478461244	24.70716251680215	0.006400819304871024
91.0	30.9479613390514	31.3896178710875	12.961659092363822	24.69436087819241	0.006400819304871024
92.0	30.88395314600269	31.40882032900211	13.019266466107663	24.68155923958267	0.006400819304871024
93.0	30.92235806183192	31.485630160660566	12.865646802790756	24.71996415541189	0.006400819304871024
94.0	30.92235806183192	31.319208858733916	13.01286564680279	24.739166613326503	0.006400819304871024
95.0	30.95436215835627	31.47922934135569	12.865646802790756	24.69436087819241	0.006400819304871024
96.0	30.845548230173463	31.35761377456314	13.006464827497922	24.783972348460605	0.006400819304871024
97.0	30.89035396530756	31.56884081162389	12.872047622095629	24.662356781668056	0.006400819304871024
98.0	30.898732556650877	31.430034566636795	12.981692484957112	24.689540391755216	0.0
