# Position (bp)	A	C	G	T	N
0.0	30.998816125615303	31.297900180696615	13.010156396037138	24.68689637983675	0.006230917814194031
1.0	30.998816125615303	31.36020935883856	12.904230793195836	24.730512804536108	0.006230917814194031
2.0	31.005047043429496	31.37890211228114	12.941616300081002	24.668203626394167	0.006230917814194031
3.0	30.986354289986917	31.310362016325005	13.003925478222941	24.693127297650943	0.006230917814194031
4.0	30.942737865287555	31.39136394790953	12.935385382266809	24.724281886721915	0.006230917814194031
5.0	30.99258520780111	31.397594865723722	12.935385382266809	24.668203626394167	0.006230917814194031
6.0	30.98012337217272	31.310362016325005	12.997694560408748	24.705589133279332	0.006230917814194031
7.0	30.905352358402393	31.422518536980498	12.954078135709391	24.711820051093525	0.006230917814194031
8.0	30.967661536544334	31.385133030095336	12.997694560408748	24.64327995513739	0.006230917814194031
9.0	30.98012337217272	31.42874945479469	12.897999875381643	24.68689637983675	0.006230917814194031
10.0	30.973892454358527	31.316592934139198	12.954078135709391	24.74920555797869	0.006230917814194031
11.0	30.948968783101748	31.347747523210167	12.997694560408748	24.69935821546514	0.006230917814194031
12.0	30.96143061873014	31.410056701352108	12.947847217895195	24.674434544208363	0.006230917814194031
13.0	30.942737865287555	31.316592934139198	12.972770889151972	24.761667393607077	0.006230917814194031
14.0	31.005047043429496	31.35397844102436	12.96653997133778	24.668203626394167	0.006230917814194031
15.0	30.892890522774003	31.372671194466946	13.003925478222941	24.724281886721915	0.006230917814194031
16.0	30.986354289986917	31.33528568758178	12.96653997133778	24.705589133279332	0.006230917814194031
17.0	30.948968783101748	31.366440276652753	13.003925478222941	24.674434544208363	0.006230917814194031
18.0	30.973892454358527	31.310362016325005	13.003925478222941	24.705589133279332	0.006230917814194031
19.0	30.91781419403078	31.35397844102436	12.972770889151972	24.74920555797869	0.006230917814194031
20.0	30.955199700915948	31.36020935883856	13.003925478222941	24.674434544208363	0.006230917814194031
21.0	30.98012337217272	31.235591002554674	13.028849149479719	24.74920555797869	0.006230917814194031
22.0	30.892890522774003	31.403825783537915	13.010156396037138	24.68689637983675	0.006230917814194031
23.0	30.986354289986917	31.291669262882422	13.041310985108106	24.674434544208363	0.006230917814194031
24.0	30.86796685151723	31.341516605395974	12.979001806966167	24.805283818306435	0.006230917814194031
25.0	30.99258520780111	31.341516605395974	12.960309053523583	24.69935821546514	0.006230917814194031
26.0	30.91781419403078	31.329054769767588	13.066234656364884	24.680665462022557	0.006230917814194031
27.0	30.911583276216586	31.32282385195339	13.0475419029223	24.711820051093525	0.006230917814194031
28.0	30.880428687145617	31.35397844102436	13.003925478222941	24.755436475792884	0.006230917814194031
29.0	30.930276029659172	31.341516605395974	13.0475419029223	24.674434544208363	0.006230917814194031
30.0	30.892890522774003	31.297900180696615	13.010156396037138	24.79282198267805	0.006230917814194031
31.0	30.91781419403078	31.385133030095336	13.028849149479719	24.661972708579974	0.006230917814194031
32.0	30.948968783101748	31.347747523210167	13.035080067293913	24.661972708579974	0.006230917814194031
33.0	30.96143061873014	31.28543834506823	13.060003738550687	24.68689637983675	0.006230917814194031
34.0	30.880428687145617	31.39136394790953	13.028849149479719	24.693127297650943	0.006230917814194031
35.0	30.986354289986917	31.248052838183067	13.0475419029223	24.711820051093525	0.006230917814194031
36.0	30.930276029659172	31.36020935883856	13.041310985108106	24.661972708579974	0.006230917814194031
37.0	30.973892454358527	31.33528568758178	13.022618231665525	24.661972708579974	0.006230917814194031
38.0	30.967661536544334	31.22936008474048	13.060003738550687	24.7367437223503	0.006230917814194031
39.0	30.911583276216586	31.310362016325005	13.016387313851329	24.755436475792884	0.006230917814194031
40.0	30.911583276216586	31.33528568758178	12.991463642594553	24.755436475792884	0.006230917814194031
41.0	30.930276029659172	31.304131098510812	13.0475419029223	24.711820051093525	0.006230917814194031
42.0	30.96143061873014	31.297900180696615	12.991463642594553	24.742974640164498	0.006230917814194031
43.0	30.861735933703034	31.248052838183067	13.053772820736494	24.830207489563215	0.006230917814194031
44.0	30.98012337217272	31.291669262882422	13.060003738550687	24.661972708579974	0.006230917814194031
45.0	31.036201632500465	31.204436413483705	13.022618231665525	24.730512804536108	0.006230917814194031
46.0	30.98012337217272	31.304131098510812	13.010156396037138	24.69935821546514	0.006230917814194031
47.0	30.967661536544334	31.35397844102436	13.028849149479719	24.64327995513739	0.006230917814194031
48.0	31.02373979687208	31.254283755997257	12.960309053523583	24.755436475792884	0.006230917814194031
49.0	30.967661536544334	31.204436413483705	13.053772820736494	24.76789831142127	0.006230917814194031
50.0	31.005047043429496	31.28543834506823	13.035080067293913	24.668203626394167	0.006230917814194031
51.0	31.048663468128858	31.297900180696615	13.035080067293913	24.61212536606642	0.006230917814194031
52.0	30.930276029659172	31.26051467381145	12.997694560408748	24.805283818306435	0.006230917814194031
53.0	30.948968783101748	31.297900180696615	13.003925478222941	24.742974640164498	0.006230917814194031
54.0	30.942737865287555	31.310362016325005	13.072465574179077	24.668203626394167	0.006230917814194031
55.0	30.99258520780111	31.254283755997257	13.022618231665525	24.724281886721915	0.006230917814194031
56.0	30.99258520780111	31.310362016325005	13.041310985108106	24.649510872951584	0.006230917814194031
57.0	30.930276029659172	31.316592934139198	13.078696491993272	24.668203626394167	0.006230917814194031
58.0	30.986354289986917	31.291669262882422	13.053772820736494	24.661972708579974	0.006230917814194031
59.0	30.98012337217272	31.272976509439843	13.066234656364884	24.674434544208363	0.006230917814194031
60.0	30.955199700915948	31.341516605395974	12.997694560408748	24.69935821546514	0.006230917814194031
61.0	31.011277961243692	31.297900180696615	13.078696491993272	24.605894448252226	0.006230917814194031
62.0	30.98012337217272	31.35397844102436	13.016387313851329	24.64327995513739	0.006230917814194031
63.0	30.967661536544334	31.32282385195339	13.022618231665525	24.680665462022557	0.006230917814194031
64.0	31.017508879057885	31.316592934139198	13.035080067293913	24.62458720169481	0.006230917814194031
65.0	30.955199700915948	31.304131098510812	13.035080067293913	24.69935821546514	0.006230917814194031
66.0	31.02997071468627	31.32282385195339	13.022618231665525	24.618356283880615	0.006230917814194031
67.0	30.948968783101748	31.272976509439843	13.066234656364884	24.705589133279332	0.006230917814194031
68.0	31.005047043429496	31.32282385195339	13.010156396037138	24.65574179076578	0.006230917814194031
69.0	31.05489438594305	31.272976509439843	13.003925478222941	24.661972708579974	0.006230917814194031
70.0	30.93650694747336	31.37890211228114	12.991463642594553	24.68689637983675	0.006230917814194031
71.0	31.011277961243692	31.241821920368874	13.060003738550687	24.680665462022557	0.006230917814194031
72.0	31.048663468128858	31.22936008474048	13.035080067293913	24.680665462022557	0.006230917814194031
73.0	30.942737865287555	31.37890211228114	13.010156396037138	24.661972708579974	0.006230917814194031
74.0	30.98012337217272	31.28543834506823	12.972770889151972	24.755436475792884	0.006230917814194031
75.0	30.967661536544334	31.329054769767588	13.060003738550687	24.637049037323198	0.006230917814194031
76.0	30.955199700915948	31.37890211228114	12.935385382266809	24.724281886721915	0.006230917814194031
77.0	30.98012337217272	31.291669262882422	13.022618231665525	24.69935821546514	0.006230917814194031
78.0	30.96143061873014	31.291669262882422	13.022618231665525	24.718050968907722	0.006230917814194031
79.0	30.96143061873014	31.316592934139198	13.022618231665525	24.693127297650943	0.006230917814194031
80.0	30.948968783101748	31.297900180696615	13.0475419029223	24.69935821546514	0.006230917814194031
81.0	30.955199700915948	31.304131098510812	12.991463642594553	24.742974640164498	0.006230917814194031
82.0	30.91781419403078	31.397594865723722	12.979001806966167	24.69935821546514	0.006230917814194031
83.0	30.924045111844972	31.372671194466946	13.035080067293913	24.661972708579974	0.006230917814194031
84.0	30.905352358402393	31.372671194466946	12.997694560408748	24.718050968907722	0.006230917814194031
85.0	30.88665960495981	31.33528568758178	13.053772820736494	24.718050968907722	0.006230917814194031
86.0	30.967661536544334	31.397594865723722	12.98523272478036	24.64327995513739	0.006230917814194031
87.0	30.924045111844972	31.366440276652753	12.954078135709391	24.74920555797869	0.006230917814194031
88.0	30.85550501588884	31.39136394790953	13.003925478222941	24.742974640164498	0.006230917814194031
89.0	30.84927409807465	31.397594865723722	13.016387313851329	24.730512804536108	0.006230917814194031
90.0	30.874197769331424	31.410056701352108	12.979001806966167	24.730512804536108	0.006230917814194031
91.0	30.942737865287555	31.35397844102436	12.972770889151972	24.724281886721915	0.006230917814194031
92.0	30.82435042681787	31.410056701352108	13.028849149479719	24.730512804536108	0.006230917814194031
93.0	30.93650694747336	31.35397844102436	13.003925478222941	24.69935821546514	0.006230917814194031
94.0	30.805657673375286	31.45990404386566	12.916692628824226	24.81151473612063	0.006230917814194031
95.0	30.924045111844972	31.410056701352108	12.960309053523583	24.69935821546514	0.006230917814194031
96.0	30.911583276216586	31.35397844102436	12.96653997133778	24.761667393607077	0.006230917814194031
97.0	30.91781419403078	31.403825783537915	12.947847217895195	24.724281886721915	0.006230917814194031
98.0	30.892890522774003	31.397594865723722	12.96653997133778	24.7367437223503	0.006230917814194031
99.0	30.948968783101748	31.310362016325005	12.991463642594553	24.742974640164498	0.006230917814194031
100.0	30.93650694747336	31.385133030095336	12.947847217895195	24.724281886721915	0.006230917814194031
101.0	30.967661536544334	31.316592934139198	12.96653997133778	24.742974640164498	0.006230917814194031
102.0	30.8991214405882	31.416287619166305	12.947847217895195	24.730512804536108	0.006230917814194031
103.0	30.91781419403078	31.372671194466946	12.885538039753255	24.817745653934825	0.006230917814194031
104.0	30.948968783101748	31.37890211228114	12.935385382266809	24.730512804536108	0.006230917814194031
105.0	30.973892454358527	31.304131098510812	12.960309053523583	24.755436475792884	0.006230917814194031
106.0	30.967661536544334	31.36020935883856	12.960309053523583	24.705589133279332	0.006230917814194031
107.0	30.96143061873014	31.36020935883856	12.947847217895195	24.724281886721915	0.006230917814194031
108.0	30.905352358402393	31.304131098510812	12.997694560408748	24.786591064863856	0.006230917814194031
109.0	31.073587139385634	31.272976509439843	12.897999875381643	24.74920555797869	0.006230917814194031
110.0	30.986354289986917	31.366440276652753	12.866845286310674	24.774129229235466	0.006230917814194031
111.0	30.948968783101748	31.291669262882422	12.960309053523583	24.79282198267805	0.006230917814194031
112.0	31.067356221571433	31.366440276652753	12.910461711010033	24.649510872951584	0.006230917814194031
113.0	31.005047043429496	31.316592934139198	12.92292354663842	24.74920555797869	0.006230917814194031
114.0	31.005047043429496	31.28543834506823	12.947847217895195	24.755436475792884	0.006230917814194031
115.0	31.011277961243692	31.329054769767588	12.916692628824226	24.7367437223503	0.006230917814194031
116.0	30.986354289986917	31.35397844102436	12.960309053523583	24.693127297650943	0.006230917814194031
117.0	31.017508879057885	31.33528568758178	12.941616300081002	24.69935821546514	0.006230917814194031
118.0	30.948968783101748	31.372671194466946	12.910461711010033	24.761667393607077	0.006230917814194031
119.0	31.02997071468627	31.316592934139198	12.885538039753255	24.761667393607077	0.006230917814194031
120.0	31.09851081064241	31.279207427254036	12.96653997133778	24.649510872951584	0.006230917814194031
121.0	31.005047043429496	31.366440276652753	12.860614368496478	24.761667393607077	0.006230917814194031
122.0	31.042432550314665	31.347747523210167	12.897999875381643	24.705589133279332	0.006230917814194031
123.0	30.98012337217272	31.372671194466946	12.935385382266809	24.705589133279332	0.006230917814194031
124.0	30.967661536544334	31.35397844102436	12.92292354663842	24.74920555797869	0.006230917814194031
125.0	31.08604897501402	31.35397844102436	12.854383450682286	24.69935821546514	0.006230917814194031
126.0	30.99258520780111	31.22936008474048	12.96653997133778	24.805283818306435	0.006230917814194031
127.0	31.061125303757244	31.36020935883856	12.860614368496478	24.711820051093525	0.006230917814194031
128.0	31.036201632500465	31.304131098510812	12.92292354663842	24.730512804536108	0.006230917814194031
129.0	30.986354289986917	31.254283755997257	12.947847217895195	24.805283818306435	0.006230917814194031
130.0	31.073587139385634	31.33528568758178	12.879307121939062	24.705589133279332	0.006230917814194031
131.0	30.998816125615303	31.36020935883856	12.854383450682286	24.78036014704966	0.006230917814194031
132.0	31.048663468128858	31.347747523210167	12.916692628824226	24.680665462022557	0.006230917814194031
133.0	30.955199700915948	31.304131098510812	12.89176895756745	24.8426693251916	0.006230917814194031
134.0	31.02997071468627	31.32282385195339	12.92292354663842	24.718050968907722	0.006230917814194031
135.0	31.048663468128858	31.310362016325005	12.904230793195836	24.730512804536108	0.006230917814194031
136.0	31.011277961243692	31.329054769767588	12.835690697239704	24.817745653934825	0.006230917814194031
137.0	31.09851081064241	31.272976509439843	12.929154464452614	24.693127297650943	0.006230917814194031
138.0	31.079818057199827	31.310362016325005	12.873076204124867	24.730512804536108	0.006230917814194031
139.0	31.061125303757244	31.297900180696615	12.929154464452614	24.705589133279332	0.006230917814194031
140.0	31.061125303757244	31.32282385195339	12.935385382266809	24.674434544208363	0.006230917814194031
141.0	31.036201632500465	31.310362016325005	12.96653997133778	24.680665462022557	0.006230917814194031
142.0	31.005047043429496	31.36020935883856	12.916692628824226	24.711820051093525	0.006230917814194031
143.0	30.99258520780111	31.310362016325005	12.935385382266809	24.755436475792884	0.006230917814194031
144.0	31.142127235341764	31.279207427254036	12.885538039753255	24.68689637983675	0.006230917814194031
145.0	31.036201632500465	31.254283755997257	12.96653997133778	24.7367437223503	0.006230917814194031
146.0	31.104741728456602	31.316592934139198	12.873076204124867	24.69935821546514	0.006230917814194031
147.0	31.042432550314665	31.304131098510812	12.947847217895195	24.69935821546514	0.006230917814194031
148.0	31.061125303757244	31.291669262882422	12.960309053523583	24.680665462022557	0.006230917814194031
149.0	31.02997071468627	31.36020935883856	12.947847217895195	24.65574179076578	0.006230917814194031
