# Position (bp)	A	C	G	T	N
0.0	31.06461695477451	31.345282898513748	12.897875869107612	24.685845506155516	0.006378771448618995
1.0	30.892390125661795	31.389934298654083	13.038208840977228	24.67308796325828	0.006378771448618995
2.0	30.98169292594246	31.345282898513748	12.948906040696562	24.717739363398607	0.006378771448618995
3.0	30.892390125661795	31.42820692734579	13.031830069528608	24.64119410601518	0.006378771448618995
4.0	30.988071697391085	31.409070612999933	12.936148497799325	24.66033042036104	0.006378771448618995
5.0	30.89876889711042	31.370797984308226	13.031830069528608	24.692224277604133	0.006378771448618995
6.0	31.05823818332589	31.415449384448557	12.936148497799325	24.583785162977613	0.006378771448618995
7.0	30.89876889711042	31.421828155897174	12.999936212285515	24.67308796325828	0.006378771448618995
8.0	31.007208011736942	31.358040441410985	12.923390954902086	24.70498182050137	0.006378771448618995
9.0	30.822223639726985	31.43458569879441	13.031830069528608	24.70498182050137	0.006378771448618995
10.0	31.05823818332589	31.307010269822033	12.917012183453465	24.71136059194999	0.006378771448618995
11.0	30.847738725521463	31.370797984308226	13.038208840977228	24.736875677744464	0.006378771448618995
12.0	31.019965554634176	31.332525355616507	12.936148497799325	24.70498182050137	0.006378771448618995
13.0	30.87963258276456	31.377176755756842	13.070102698220323	24.66670919180966	0.006378771448618995
14.0	31.00082924028832	31.26873764113032	12.948906040696562	24.775148306436183	0.006378771448618995
15.0	30.892390125661795	31.377176755756842	13.038208840977228	24.685845506155516	0.006378771448618995
16.0	30.94342029725075	31.319767812719267	13.01907252663137	24.71136059194999	0.006378771448618995
17.0	30.892390125661795	31.338904127065128	13.02545129807999	24.736875677744464	0.006378771448618995
18.0	30.917905211456276	31.300631498373416	12.980799897939658	24.794284620782037	0.006378771448618995
19.0	30.94979906869937	31.31338904127065	13.063723926771702	24.66670919180966	0.006378771448618995
20.0	30.89876889711042	31.358040441410985	13.02545129807999	24.71136059194999	0.006378771448618995
21.0	30.87963258276456	31.24960132678446	13.038208840977228	24.82617847802513	0.006378771448618995
22.0	31.01358678318556	31.25598009823308	13.01907252663137	24.70498182050137	0.006378771448618995
23.0	30.87963258276456	31.31338904127065	13.038208840977228	24.762390763538942	0.006378771448618995
24.0	30.98169292594246	31.236843783887224	13.038208840977228	24.736875677744464	0.006378771448618995
25.0	30.905147668559035	31.307010269822033	13.070102698220323	24.71136059194999	0.006378771448618995
26.0	30.956177840147987	31.287873955476176	12.999936212285515	24.749633220641705	0.006378771448618995
27.0	30.917905211456276	31.370797984308226	12.999936212285515	24.70498182050137	0.006378771448618995
28.0	30.911526440007652	31.345282898513748	12.987178669388275	24.749633220641705	0.006378771448618995
29.0	30.988071697391085	31.300631498373416	13.006314983734132	24.698603049052753	0.006378771448618995
30.0	30.924283982904893	31.332525355616507	13.02545129807999	24.71136059194999	0.006378771448618995
31.0	30.975314154493844	31.275116412578935	13.02545129807999	24.717739363398607	0.006378771448618995
32.0	30.98169292594246	31.338904127065128	13.012693755182752	24.66033042036104	0.006378771448618995
33.0	30.94979906869937	31.319767812719267	13.050966383874465	24.67308796325828	0.006378771448618995
34.0	31.039101868980033	31.236843783887224	13.038208840977228	24.679466734706896	0.006378771448618995
35.0	30.892390125661795	31.409070612999933	13.006314983734132	24.685845506155516	0.006378771448618995
36.0	31.00082924028832	31.287873955476176	13.012693755182752	24.692224277604133	0.006378771448618995
37.0	30.93066275435351	31.26873764113032	13.01907252663137	24.775148306436183	0.006378771448618995
38.0	31.00082924028832	31.351661669962365	12.974421126491038	24.66670919180966	0.006378771448618995
39.0	30.94342029725075	31.275116412578935	13.006314983734132	24.768769534987563	0.006378771448618995
40.0	31.051859411877274	31.287873955476176	12.955284812145182	24.698603049052753	0.006378771448618995
41.0	30.93066275435351	31.24960132678446	13.127511641257893	24.685845506155516	0.006378771448618995
42.0	31.045480640428654	31.275116412578935	12.942527269247941	24.730496906295848	0.006378771448618995
43.0	30.94979906869937	31.31338904127065	13.044587612425849	24.685845506155516	0.006378771448618995
44.0	30.962556611596607	31.389934298654083	12.936148497799325	24.70498182050137	0.006378771448618995
45.0	30.956177840147987	31.2623588696817	12.999936212285515	24.775148306436183	0.006378771448618995
46.0	30.956177840147987	31.345282898513748	13.031830069528608	24.66033042036104	0.006378771448618995
47.0	30.905147668559035	31.287873955476176	13.031830069528608	24.768769534987563	0.006378771448618995
48.0	31.026344326082793	31.24322255533584	13.006314983734132	24.717739363398607	0.006378771448618995
49.0	30.994450468839702	31.300631498373416	13.044587612425849	24.653951648912418	0.006378771448618995
50.0	31.045480640428654	31.173056069401035	12.999936212285515	24.775148306436183	0.006378771448618995
51.0	30.962556611596607	31.28149518402756	12.961663583593799	24.78790584933342	0.006378771448618995
52.0	31.007208011736942	31.28149518402756	12.974421126491038	24.730496906295848	0.006378771448618995
53.0	30.94979906869937	31.31338904127065	12.980799897939658	24.749633220641705	0.006378771448618995
54.0	31.026344326082793	31.275116412578935	12.974421126491038	24.717739363398607	0.006378771448618995
55.0	30.94979906869937	31.300631498373416	12.993557440836895	24.749633220641705	0.006378771448618995
56.0	30.962556611596607	31.2623588696817	12.999936212285515	24.768769534987563	0.006378771448618995
57.0	30.968935383045228	31.332525355616507	13.006314983734132	24.685845506155516	0.006378771448618995
58.0	30.994450468839702	31.377176755756842	12.929769726350704	24.692224277604133	0.006378771448618995
59.0	30.994450468839702	31.217707469541367	13.038208840977228	24.743254449193085	0.006378771448618995
60.0	30.988071697391085	31.42820692734579	12.948906040696562	24.628436563117944	0.006378771448618995
61.0	30.917905211456276	31.3644192128596	12.968042355042419	24.743254449193085	0.006378771448618995
62.0	30.994450468839702	31.345282898513748	12.955284812145182	24.698603049052753	0.006378771448618995
63.0	30.94979906869937	31.338904127065128	12.955284812145182	24.749633220641705	0.006378771448618995
64.0	31.007208011736942	31.370797984308226	12.897875869107612	24.717739363398607	0.006378771448618995
65.0	30.962556611596607	31.3644192128596	12.968042355042419	24.698603049052753	0.006378771448618995
66.0	30.962556611596607	31.402691841551317	12.948906040696562	24.679466734706896	0.006378771448618995
67.0	30.98169292594246	31.370797984308226	12.968042355042419	24.67308796325828	0.006378771448618995
68.0	30.924283982904893	31.3644192128596	12.923390954902086	24.7815270778848	0.006378771448618995
69.0	31.039101868980033	31.338904127065128	12.917012183453465	24.698603049052753	0.006378771448618995
70.0	31.01358678318556	31.300631498373416	12.961663583593799	24.717739363398607	0.006378771448618995
71.0	30.98169292594246	31.409070612999933	12.917012183453465	24.685845506155516	0.006378771448618995
72.0	30.94979906869937	31.43458569879441	12.923390954902086	24.685845506155516	0.006378771448618995
73.0	30.994450468839702	31.3963130701027	12.917012183453465	24.685845506155516	0.006378771448618995
74.0	30.924283982904893	31.3963130701027	13.006314983734132	24.66670919180966	0.006378771448618995
75.0	31.019965554634176	31.28149518402756	12.936148497799325	24.756011992090325	0.006378771448618995
76.0	30.988071697391085	31.300631498373416	12.999936212285515	24.70498182050137	0.006378771448618995
77.0	30.975314154493844	31.338904127065128	12.974421126491038	24.70498182050137	0.006378771448618995
78.0	31.039101868980033	31.31338904127065	12.955284812145182	24.685845506155516	0.006378771448618995
79.0	30.93704152580213	31.294252726924793	12.955284812145182	24.807042163679274	0.006378771448618995
80.0	30.924283982904893	31.38355552720546	13.006314983734132	24.679466734706896	0.006378771448618995
81.0	31.026344326082793	31.24322255533584	12.948906040696562	24.775148306436183	0.006378771448618995
82.0	30.86687503986732	31.370797984308226	13.044587612425849	24.71136059194999	0.006378771448618995
83.0	30.988071697391085	31.351661669962365	12.968042355042419	24.685845506155516	0.006378771448618995
84.0	30.89876889711042	31.319767812719267	13.006314983734132	24.768769534987563	0.006378771448618995
85.0	30.988071697391085	31.3644192128596	12.917012183453465	24.724118134847227	0.006378771448618995
86.0	30.94342029725075	31.358040441410985	13.012693755182752	24.679466734706896	0.006378771448618995
87.0	30.98169292594246	31.307010269822033	12.904254640556228	24.800663392230657	0.006378771448618995
88.0	30.873253811315944	31.409070612999933	13.031830069528608	24.679466734706896	0.006378771448618995
89.0	30.98169292594246	31.38355552720546	12.936148497799325	24.692224277604133	0.006378771448618995
90.0	30.905147668559035	31.32614658416789	13.050966383874465	24.71136059194999	0.006378771448618995
91.0	30.968935383045228	31.338904127065128	12.968042355042419	24.717739363398607	0.006378771448618995
92.0	30.93704152580213	31.377176755756842	12.987178669388275	24.692224277604133	0.006378771448618995
93.0	30.94979906869937	31.43458569879441	12.859603240415895	24.749633220641705	0.006378771448618995
94.0	30.962556611596607	31.287873955476176	12.980799897939658	24.762390763538942	0.006378771448618995
95.0	30.956177840147987	31.421828155897174	12.872360783313134	24.743254449193085	0.006378771448618995
96.0	30.905147668559035	31.338904127065128	12.974421126491038	24.775148306436183	0.006378771448618995
97.0	30.911526440007652	31.517509727626457	12.878739554761754	24.685845506155516	0.006378771448618995
98.0	30.939015054860935	31.39193671855065	12.949732074508805	24.719316152079614	0.0
