# Position (bp)	A	C	G	T	N
0.0	31.023533806499813	31.291246420122025	12.993400572780475	24.685593325862285	0.006225874735400324
1.0	31.017307931764414	31.35973104221143	12.90001245174947	24.722948574274685	0.0
2.0	31.015376953246594	31.376455207619998	12.93033679885451	24.671605553134533	0.006225487144369047
3.0	30.97802403038038	31.314200336176306	12.9925916702982	24.70895847600075	0.006225487144369047
4.0	30.94689659465853	31.395131669053107	12.92411131171014	24.727634937433855	0.006225487144369047
5.0	30.996700491813485	31.395131669053107	12.917885824565772	24.68405652742327	0.006225487144369047
6.0	30.990475004669115	31.30797484903194	12.9925916702982	24.702732988856376	0.006225487144369047
7.0	30.921994646081057	31.41380813048621	12.936562285998878	24.721409450289485	0.006225487144369047
8.0	30.959347568947273	31.395131669053107	12.980140696009462	24.659154578845794	0.006225487144369047
9.0	30.98424951752475	31.43248459191932	12.886758388843928	24.69028201456764	0.006225487144369047
10.0	30.98424951752475	31.320425823320676	12.936562285998878	24.75253688601133	0.006225487144369047
11.0	30.940671107514163	31.36400423333126	12.986366183153834	24.702732988856376	0.006225487144369047
12.0	30.959347568947273	31.42625910477495	12.93033679885451	24.677831040278903	0.006225487144369047
13.0	30.940671107514163	31.326651310465042	12.955238747431984	24.771213347444437	0.006225487144369047
14.0	30.996700491813485	31.357778746186888	12.955238747431984	24.68405652742327	0.006225487144369047
15.0	30.89709269750358	31.382680694764364	12.986366183153834	24.727634937433855	0.006225487144369047
16.0	30.98424951752475	31.351553259042518	12.949013260287618	24.70895847600075	0.006225487144369047
17.0	30.934445620369793	31.382680694764364	12.986366183153834	24.69028201456764	0.006225487144369047
18.0	30.971798543236005	31.320425823320676	12.986366183153834	24.715183963145115	0.006225487144369047
19.0	30.909543671792317	31.376455207619998	12.955238747431984	24.75253688601133	0.006225487144369047
20.0	30.940671107514163	31.382680694764364	12.986366183153834	24.68405652742327	0.006225487144369047
21.0	30.96557305609164	31.251945464732618	13.011268131731308	24.76498786030007	0.006225487144369047
22.0	30.87841623607047	31.43248459191932	12.9925916702982	24.69028201456764	0.006225487144369047
23.0	30.971798543236005	31.30797484903194	13.023719106020046	24.69028201456764	0.006225487144369047
24.0	30.85973977463737	31.357778746186888	12.961464234576356	24.81479175745502	0.006225487144369047
25.0	30.990475004669115	31.351553259042518	12.949013260287618	24.702732988856376	0.006225487144369047
26.0	30.890867210359215	31.339102284753785	13.061072028886262	24.702732988856376	0.006225487144369047
27.0	30.903318184647947	31.345327771898152	13.036170080308784	24.70895847600075	0.006225487144369047
28.0	30.87841623607047	31.370229720475628	12.9925916702982	24.75253688601133	0.006225487144369047
29.0	30.909543671792317	31.345327771898152	13.048621054597524	24.69028201456764	0.006225487144369047
30.0	30.87841623607047	31.320425823320676	13.00504264458694	24.789889808877543	0.006225487144369047
31.0	30.903318184647947	31.401357156197474	13.017493618875678	24.671605553134533	0.006225487144369047
32.0	30.928220133225427	31.36400423333126	13.036170080308784	24.665380065990163	0.006225487144369047
33.0	30.953122081802903	31.28929838759883	13.061072028886262	24.69028201456764	0.006225487144369047
34.0	30.865965261781735	31.401357156197474	13.029944593164416	24.69650750171201	0.006225487144369047
35.0	30.959347568947273	31.28307290045446	13.048621054597524	24.702732988856376	0.006225487144369047
36.0	30.915769158936683	31.376455207619998	13.029944593164416	24.671605553134533	0.006225487144369047
37.0	30.953122081802903	31.36400423333126	13.023719106020046	24.652929091701424	0.006225487144369047
38.0	30.94689659465853	31.245719977588248	13.05484654174189	24.74631139886696	0.006225487144369047
39.0	30.89709269750358	31.326651310465042	13.017493618875678	24.75253688601133	0.006225487144369047
40.0	30.88464172321484	31.357778746186888	13.00504264458694	24.74631139886696	0.006225487144369047
41.0	30.915769158936683	31.30797484903194	13.042395567453152	24.727634937433855	0.006225487144369047
42.0	30.94689659465853	31.314200336176306	12.9925916702982	24.74008591172259	0.006225487144369047
43.0	30.853514287492995	31.258170951876984	13.061072028886262	24.82101724459939	0.006225487144369047
44.0	30.96557305609164	31.314200336176306	13.05484654174189	24.659154578845794	0.006225487144369047
45.0	31.009151466102225	31.22704351615514	13.029944593164416	24.727634937433855	0.006225487144369047
46.0	30.971798543236005	31.314200336176306	13.011268131731308	24.69650750171201	0.006225487144369047
47.0	30.94689659465853	31.357778746186888	13.042395567453152	24.646703604557057	0.006225487144369047
48.0	31.009151466102225	31.264396439021354	12.973915208865094	24.74631139886696	0.006225487144369047
49.0	30.959347568947273	31.22704351615514	13.042395567453152	24.76498786030007	0.006225487144369047
50.0	30.98424951752475	31.28929838759883	13.042395567453152	24.677831040278903	0.006225487144369047
51.0	31.04027890182407	31.301749361887566	13.036170080308784	24.61557616883521	0.006225487144369047
52.0	30.909543671792317	31.276847413310094	13.00504264458694	24.802340783166283	0.006225487144369047
53.0	30.921994646081057	31.301749361887566	13.017493618875678	24.75253688601133	0.006225487144369047
54.0	30.928220133225427	31.320425823320676	13.073523003174998	24.671605553134533	0.006225487144369047
55.0	30.971798543236005	31.264396439021354	13.029944593164416	24.727634937433855	0.006225487144369047
56.0	30.971798543236005	31.314200336176306	13.042395567453152	24.665380065990163	0.006225487144369047
57.0	30.915769158936683	31.339102284753785	13.06729751603063	24.671605553134533	0.006225487144369047
58.0	30.971798543236005	31.295523874743196	13.05484654174189	24.671605553134533	0.006225487144369047
59.0	30.971798543236005	31.28307290045446	13.05484654174189	24.68405652742327	0.006225487144369047
60.0	30.94689659465853	31.345327771898152	12.998817157442568	24.702732988856376	0.006225487144369047
61.0	30.996700491813485	31.301749361887566	13.085973977463736	24.60935068169084	0.006225487144369047
62.0	30.96557305609164	31.370229720475628	13.011268131731308	24.646703604557057	0.006225487144369047
63.0	30.94689659465853	31.326651310465042	13.036170080308784	24.68405652742327	0.006225487144369047
64.0	31.009151466102225	31.320425823320676	13.036170080308784	24.628027143123948	0.006225487144369047
65.0	30.94689659465853	31.301749361887566	13.029944593164416	24.715183963145115	0.006225487144369047
66.0	31.02160244039096	31.320425823320676	13.029944593164416	24.62180165597958	0.006225487144369047
67.0	30.94689659465853	31.276847413310094	13.05484654174189	24.715183963145115	0.006225487144369047
68.0	30.990475004669115	31.30797484903194	13.017493618875678	24.677831040278903	0.006225487144369047
69.0	31.04027890182407	31.27062192616572	13.011268131731308	24.671605553134533	0.006225487144369047
70.0	30.928220133225427	31.376455207619998	12.9925916702982	24.69650750171201	0.006225487144369047
71.0	31.00292597895785	31.239494490443874	13.06729751603063	24.68405652742327	0.006225487144369047
72.0	31.034053414679697	31.245719977588248	13.023719106020046	24.69028201456764	0.006225487144369047
73.0	30.934445620369793	31.370229720475628	13.017493618875678	24.671605553134533	0.006225487144369047
74.0	30.98424951752475	31.276847413310094	12.973915208865094	24.758762373155697	0.006225487144369047
75.0	30.96557305609164	31.320425823320676	13.048621054597524	24.659154578845794	0.006225487144369047
76.0	30.953122081802903	31.36400423333126	12.94278777314325	24.733860424578225	0.006225487144369047
77.0	30.97802403038038	31.276847413310094	13.029944593164416	24.70895847600075	0.006225487144369047
78.0	30.959347568947273	31.28307290045446	13.023719106020046	24.727634937433855	0.006225487144369047
79.0	30.96557305609164	31.314200336176306	13.023719106020046	24.69028201456764	0.006225487144369047
80.0	30.934445620369793	31.28929838759883	13.048621054597524	24.721409450289485	0.006225487144369047
81.0	30.959347568947273	31.301749361887566	12.9925916702982	24.74008591172259	0.006225487144369047
82.0	30.934445620369793	31.388906181908734	12.980140696009462	24.69028201456764	0.006225487144369047
83.0	30.921994646081057	31.36400423333126	13.029944593164416	24.677831040278903	0.006225487144369047
84.0	30.921994646081057	31.370229720475628	12.986366183153834	24.715183963145115	0.006225487144369047
85.0	30.890867210359215	31.320425823320676	13.05484654174189	24.727634937433855	0.006225487144369047
86.0	30.98424951752475	31.376455207619998	12.980140696009462	24.652929091701424	0.006225487144369047
87.0	30.934445620369793	31.36400423333126	12.949013260287618	24.74631139886696	0.006225487144369047
88.0	30.85973977463737	31.376455207619998	13.00504264458694	24.75253688601133	0.006225487144369047
89.0	30.87841623607047	31.388906181908734	13.00504264458694	24.721409450289485	0.006225487144369047
90.0	30.87841623607047	31.40758264334184	12.980140696009462	24.727634937433855	0.006225487144369047
91.0	30.96557305609164	31.339102284753785	12.967689721720724	24.721409450289485	0.006225487144369047
92.0	30.853514287492995	31.395131669053107	13.017493618875678	24.727634937433855	0.006225487144369047
93.0	30.953122081802903	31.339102284753785	12.9925916702982	24.70895847600075	0.006225487144369047
94.0	30.83483782605989	31.444935566208056	12.899209363132666	24.81479175745502	0.006225487144369047
95.0	30.934445620369793	31.395131669053107	12.961464234576356	24.702732988856376	0.006225487144369047
96.0	30.928220133225427	31.351553259042518	12.955238747431984	24.758762373155697	0.006225487144369047
97.0	30.934445620369793	31.401357156197474	12.936562285998878	24.721409450289485	0.006225487144369047
98.0	30.909543671792317	31.388906181908734	12.955238747431984	24.74008591172259	0.006225487144369047
99.0	30.96557305609164	31.301749361887566	12.980140696009462	24.74631139886696	0.006225487144369047
100.0	30.953122081802903	31.382680694764364	12.94278777314325	24.715183963145115	0.006225487144369047
101.0	31.00292597895785	31.295523874743196	12.955238747431984	24.74008591172259	0.006225487144369047
102.0	30.903318184647947	31.41380813048621	12.936562285998878	24.74008591172259	0.006225487144369047
103.0	30.934445620369793	31.376455207619998	12.874307414555188	24.808566270310653	0.006225487144369047
104.0	30.971798543236005	31.36400423333126	12.92411131171014	24.733860424578225	0.006225487144369047
105.0	30.971798543236005	31.314200336176306	12.94278777314325	24.76498786030007	0.006225487144369047
106.0	30.990475004669115	31.36400423333126	12.94278777314325	24.69650750171201	0.006225487144369047
107.0	30.96557305609164	31.357778746186888	12.936562285998878	24.733860424578225	0.006225487144369047
108.0	30.909543671792317	31.314200336176306	12.980140696009462	24.789889808877543	0.006225487144369047
109.0	31.096308286123392	31.276847413310094	12.886758388843928	24.733860424578225	0.006225487144369047
110.0	30.990475004669115	31.36400423333126	12.855630953122082	24.783664321733177	0.006225487144369047
111.0	30.953122081802903	31.314200336176306	12.94278777314325	24.783664321733177	0.006225487144369047
112.0	31.071406337545916	31.376455207619998	12.899209363132666	24.646703604557057	0.006225487144369047
113.0	31.015376953246594	31.314200336176306	12.905434850277034	24.758762373155697	0.006225487144369047
114.0	30.996700491813485	31.314200336176306	12.936562285998878	24.74631139886696	0.006225487144369047
115.0	31.02160244039096	31.33287679760941	12.899209363132666	24.74008591172259	0.006225487144369047
116.0	30.996700491813485	31.357778746186888	12.94278777314325	24.69650750171201	0.006225487144369047
117.0	31.009151466102225	31.345327771898152	12.93033679885451	24.70895847600075	0.006225487144369047
118.0	30.959347568947273	31.376455207619998	12.899209363132666	24.758762373155697	0.006225487144369047
119.0	31.027827927535327	31.326651310465042	12.880532901699556	24.758762373155697	0.006225487144369047
120.0	31.077631824690283	31.301749361887566	12.949013260287618	24.665380065990163	0.006225487144369047
121.0	31.015376953246594	31.382680694764364	12.843179978833344	24.75253688601133	0.006225487144369047
122.0	31.04027890182407	31.345327771898152	12.899209363132666	24.70895847600075	0.006225487144369047
123.0	30.96557305609164	31.395131669053107	12.92411131171014	24.70895847600075	0.006225487144369047
124.0	30.97802403038038	31.370229720475628	12.911660337421404	24.733860424578225	0.006225487144369047
125.0	31.077631824690283	31.357778746186888	12.843179978833344	24.715183963145115	0.006225487144369047
126.0	30.98424951752475	31.251945464732618	12.955238747431984	24.802340783166283	0.006225487144369047
127.0	31.071406337545916	31.370229720475628	12.849405465977712	24.702732988856376	0.006225487144369047
128.0	31.034053414679697	31.30797484903194	12.911660337421404	24.74008591172259	0.006225487144369047
129.0	30.97802403038038	31.28307290045446	12.936562285998878	24.796115296021913	0.006225487144369047
130.0	31.071406337545916	31.351553259042518	12.86808192741082	24.702732988856376	0.006225487144369047
131.0	31.00292597895785	31.357778746186888	12.843179978833344	24.789889808877543	0.006225487144369047
132.0	31.034053414679697	31.370229720475628	12.905434850277034	24.68405652742327	0.006225487144369047
133.0	30.953122081802903	31.326651310465042	12.880532901699556	24.83346821888813	0.006225487144369047
134.0	31.027827927535327	31.339102284753785	12.911660337421404	24.715183963145115	0.006225487144369047
135.0	31.027827927535327	31.326651310465042	12.892983875988296	24.74631139886696	0.006225487144369047
136.0	31.027827927535327	31.33287679760941	12.824503517400238	24.808566270310653	0.006225487144369047
137.0	31.09008279897902	31.28307290045446	12.92411131171014	24.69650750171201	0.006225487144369047
138.0	31.071406337545916	31.33287679760941	12.855630953122082	24.733860424578225	0.006225487144369047
139.0	31.065180850401543	31.30797484903194	12.917885824565772	24.702732988856376	0.006225487144369047
140.0	31.046504388968437	31.326651310465042	12.92411131171014	24.69650750171201	0.006225487144369047
141.0	31.034053414679697	31.320425823320676	12.955238747431984	24.68405652742327	0.006225487144369047
142.0	30.996700491813485	31.376455207619998	12.905434850277034	24.715183963145115	0.006225487144369047
143.0	30.996700491813485	31.314200336176306	12.917885824565772	24.76498786030007	0.006225487144369047
144.0	31.139886696133974	31.28929838759883	12.874307414555188	24.69028201456764	0.006225487144369047
145.0	31.02160244039096	31.28307290045446	12.955238747431984	24.733860424578225	0.006225487144369047
146.0	31.096308286123392	31.314200336176306	12.86185644026645	24.721409450289485	0.006225487144369047
147.0	31.02160244039096	31.33287679760941	12.93033679885451	24.70895847600075	0.006225487144369047
148.0	31.054663180176817	31.30992404432823	12.943593574897271	24.685593325862285	0.006225874735400324
149.0	31.029759681235213	31.34727929274063	12.937367700161872	24.685593325862285	0.0
