# Position (bp)	A	C	G	T	N
0.0	31.02889885401096	31.284255107125063	12.99825610363727	24.68236173393124	0.006228201295465869
1.0	31.022670652715494	31.35899352267065	12.898604882909815	24.71350274040857	0.006228201295465869
2.0	31.022670652715494	31.37767812655705	12.923517688091678	24.66990533134031	0.006228201295465869
3.0	30.9853014449427	31.31539611360239	12.985799701046338	24.707274539113104	0.006228201295465869
4.0	30.947932237169905	31.402590931738917	12.917289486796212	24.7259591429995	0.006228201295465869
5.0	30.991529646238163	31.402590931738917	12.911061285500747	24.688589935226705	0.006228201295465869
6.0	30.979073243647235	31.321624314897857	12.985799701046338	24.707274539113104	0.006228201295465869
7.0	30.904334828101643	31.427503736920777	12.935974090682612	24.7259591429995	0.006228201295465869
8.0	30.935475834578973	31.40881913303438	12.985799701046338	24.663677130044842	0.006228201295465869
9.0	30.954160438465372	31.446188340807176	12.898604882909815	24.694818136522173	0.006228201295465869
10.0	30.96038863976084	31.33408071748879	12.942202291978077	24.757100149476834	0.006228201295465869
11.0	30.916791230692574	31.37767812655705	12.992027902341805	24.707274539113104	0.006228201295465869
12.0	30.935475834578973	31.439960139511708	12.935974090682612	24.68236173393124	0.006228201295465869
13.0	30.923019431988042	31.33408071748879	12.960886895864473	24.77578475336323	0.006228201295465869
14.0	30.9853014449427	31.35899352267065	12.960886895864473	24.688589935226705	0.006228201295465869
15.0	30.885650224215244	31.383906327852518	12.992027902341805	24.732187344294967	0.006228201295465869
16.0	30.979073243647235	31.352765321375188	12.954658694569007	24.707274539113104	0.006228201295465869
17.0	30.92924763328351	31.383906327852518	12.99825610363727	24.68236173393124	0.006228201295465869
18.0	30.97284504235177	31.321624314897857	12.99825610363727	24.70104633781764	0.006228201295465869
19.0	30.916791230692574	31.37767812655705	12.960886895864473	24.738415545590435	0.006228201295465869
20.0	30.947932237169905	31.390134529147986	12.985799701046338	24.66990533134031	0.006228201295465869
21.0	30.966616841056304	31.265570503238667	13.0107125062282	24.750871948181366	0.006228201295465869
22.0	30.885650224215244	31.446188340807176	12.992027902341805	24.66990533134031	0.006228201295465869
23.0	30.97284504235177	31.321624314897857	13.023168908819132	24.676133532635774	0.006228201295465869
24.0	30.860737419033384	31.36522172396612	12.960886895864473	24.80692575984056	0.006228201295465869
25.0	30.9853014449427	31.35899352267065	12.948430493273545	24.70104633781764	0.006228201295465869
26.0	30.885650224215244	31.34653712007972	13.066766317887394	24.694818136522173	0.006228201295465869
27.0	30.89187842551071	31.352765321375188	13.048081714000997	24.70104633781764	0.006228201295465869
28.0	30.873193821624316	31.37767812655705	12.99825610363727	24.7446437468859	0.006228201295465869
29.0	30.904334828101643	31.352765321375188	13.048081714000997	24.688589935226705	0.006228201295465869
30.0	30.879422022919776	31.32785251619332	13.004484304932735	24.782012954658693	0.006228201295465869
31.0	30.898106626806175	31.41504733432984	13.016940707523666	24.663677130044842	0.006228201295465869
32.0	30.92924763328351	31.37767812655705	13.035625311410065	24.65122072745391	0.006228201295465869
33.0	30.954160438465372	31.30293971101146	13.054309915296464	24.68236173393124	0.006228201295465869
34.0	30.873193821624316	31.41504733432984	13.016940707523666	24.688589935226705	0.006228201295465869
35.0	30.966616841056304	31.296711509715998	13.041853512705531	24.688589935226705	0.006228201295465869
36.0	30.923019431988042	31.383906327852518	13.0293971101146	24.657448928749375	0.006228201295465869
37.0	30.96038863976084	31.371449925261587	13.023168908819132	24.63876432486298	0.006228201295465869
38.0	30.96038863976084	31.253114100647732	13.048081714000997	24.732187344294967	0.006228201295465869
39.0	30.904334828101643	31.33408071748879	13.0107125062282	24.7446437468859	0.006228201295465869
40.0	30.89187842551071	31.36522172396612	12.99825610363727	24.738415545590435	0.006228201295465869
41.0	30.923019431988042	31.309167912306922	13.041853512705531	24.719730941704036	0.006228201295465869
42.0	30.954160438465372	31.31539611360239	12.992027902341805	24.732187344294967	0.006228201295465869
43.0	30.85450921773792	31.265570503238667	13.060538116591927	24.813153961136024	0.006228201295465869
44.0	30.966616841056304	31.321624314897857	13.054309915296464	24.65122072745391	0.006228201295465869
45.0	31.010214250124562	31.234429496761333	13.0293971101146	24.719730941704036	0.006228201295465869
46.0	30.97284504235177	31.321624314897857	13.0107125062282	24.688589935226705	0.006228201295465869
47.0	30.947932237169905	31.36522172396612	13.048081714000997	24.632536123567515	0.006228201295465869
48.0	31.003986048829095	31.2780269058296	12.979571499750872	24.732187344294967	0.006228201295465869
49.0	30.954160438465372	31.2406576980568	13.048081714000997	24.750871948181366	0.006228201295465869
50.0	30.9853014449427	31.296711509715998	13.048081714000997	24.663677130044842	0.006228201295465869
51.0	31.03512705530643	31.309167912306922	13.041853512705531	24.60762331838565	0.006228201295465869
52.0	30.898106626806175	31.284255107125063	13.016940707523666	24.794469357249625	0.006228201295465869
53.0	30.916791230692574	31.309167912306922	13.0293971101146	24.738415545590435	0.006228201295465869
54.0	30.923019431988042	31.32785251619332	13.085450921773791	24.657448928749375	0.006228201295465869
55.0	30.97284504235177	31.27179870453413	13.035625311410065	24.71350274040857	0.006228201295465869
56.0	30.97284504235177	31.321624314897857	13.041853512705531	24.657448928749375	0.006228201295465869
57.0	30.916791230692574	31.34653712007972	13.066766317887394	24.663677130044842	0.006228201295465869
58.0	30.979073243647235	31.30293971101146	13.054309915296464	24.657448928749375	0.006228201295465869
59.0	30.9853014449427	31.29048330842053	13.054309915296464	24.663677130044842	0.006228201295465869
60.0	30.96038863976084	31.34653712007972	12.99825610363727	24.688589935226705	0.006228201295465869
61.0	31.010214250124562	31.296711509715998	13.085450921773791	24.601395117090185	0.006228201295465869
62.0	30.979073243647235	31.36522172396612	13.016940707523666	24.632536123567515	0.006228201295465869
63.0	30.954160438465372	31.321624314897857	13.048081714000997	24.66990533134031	0.006228201295465869
64.0	31.01644245142003	31.321624314897857	13.041853512705531	24.613851519681116	0.006228201295465869
65.0	30.954160438465372	31.30293971101146	13.0293971101146	24.707274539113104	0.006228201295465869
66.0	31.02889885401096	31.321624314897857	13.023168908819132	24.62007972097658	0.006228201295465869
67.0	30.954160438465372	31.284255107125063	13.048081714000997	24.707274539113104	0.006228201295465869
68.0	30.99775784753363	31.321624314897857	13.0107125062282	24.663677130044842	0.006228201295465869
69.0	31.04758345789736	31.284255107125063	13.004484304932735	24.657448928749375	0.006228201295465869
70.0	30.935475834578973	31.390134529147986	12.985799701046338	24.68236173393124	0.006228201295465869
71.0	31.010214250124562	31.253114100647732	13.066766317887394	24.663677130044842	0.006228201295465869
72.0	31.041355256601893	31.253114100647732	13.0293971101146	24.66990533134031	0.006228201295465869
73.0	30.94170403587444	31.37767812655705	13.023168908819132	24.65122072745391	0.006228201295465869
74.0	30.991529646238163	31.284255107125063	12.979571499750872	24.738415545590435	0.006228201295465869
75.0	30.97284504235177	31.32785251619332	13.048081714000997	24.644992526158447	0.006228201295465869
76.0	30.96038863976084	31.371449925261587	12.942202291978077	24.719730941704036	0.006228201295465869
77.0	30.991529646238163	31.284255107125063	13.023168908819132	24.694818136522173	0.006228201295465869
78.0	30.966616841056304	31.29048330842053	13.016940707523666	24.719730941704036	0.006228201295465869
79.0	30.97284504235177	31.32785251619332	13.0107125062282	24.68236173393124	0.006228201295465869
80.0	30.94170403587444	31.296711509715998	13.041853512705531	24.71350274040857	0.006228201295465869
81.0	30.96038863976084	31.309167912306922	12.985799701046338	24.738415545590435	0.006228201295465869
82.0	30.935475834578973	31.390134529147986	12.979571499750872	24.688589935226705	0.006228201295465869
83.0	30.916791230692574	31.36522172396612	13.0293971101146	24.68236173393124	0.006228201295465869
84.0	30.916791230692574	31.36522172396612	12.992027902341805	24.719730941704036	0.006228201295465869
85.0	30.89187842551071	31.309167912306922	13.060538116591927	24.732187344294967	0.006228201295465869
86.0	30.979073243647235	31.36522172396612	12.992027902341805	24.657448928749375	0.006228201295465869
87.0	30.92924763328351	31.35899352267065	12.960886895864473	24.7446437468859	0.006228201295465869
88.0	30.85450921773792	31.371449925261587	13.016940707523666	24.750871948181366	0.006228201295465869
89.0	30.873193821624316	31.390134529147986	13.016940707523666	24.71350274040857	0.006228201295465869
90.0	30.873193821624316	31.40881913303438	12.992027902341805	24.719730941704036	0.006228201295465869
91.0	30.96038863976084	31.34653712007972	12.979571499750872	24.707274539113104	0.006228201295465869
92.0	30.848281016442453	31.40881913303438	13.0293971101146	24.707274539113104	0.006228201295465869
93.0	30.954160438465372	31.352765321375188	13.004484304932735	24.68236173393124	0.006228201295465869
94.0	30.829596412556054	31.458644743398107	12.911061285500747	24.794469357249625	0.006228201295465869
95.0	30.935475834578973	31.402590931738917	12.973343298455406	24.68236173393124	0.006228201295465869
96.0	30.923019431988042	31.35899352267065	12.96711509715994	24.7446437468859	0.006228201295465869
97.0	30.935475834578973	31.40881913303438	12.942202291978077	24.707274539113104	0.006228201295465869
98.0	30.91056302939711	31.39636273044345	12.960886895864473	24.7259591429995	0.006228201295465869
99.0	30.96038863976084	31.309167912306922	12.985799701046338	24.738415545590435	0.006228201295465869
100.0	30.947932237169905	31.390134529147986	12.942202291978077	24.71350274040857	0.006228201295465869
101.0	31.003986048829095	31.30293971101146	12.948430493273545	24.738415545590435	0.006228201295465869
102.0	30.898106626806175	31.427503736920777	12.929745889387146	24.738415545590435	0.006228201295465869
103.0	30.92924763328351	31.390134529147986	12.867463876432486	24.80692575984056	0.006228201295465869
104.0	30.966616841056304	31.37767812655705	12.923517688091678	24.7259591429995	0.006228201295465869
105.0	30.96038863976084	31.32785251619332	12.942202291978077	24.763328350772294	0.006228201295465869
106.0	30.9853014449427	31.37767812655705	12.935974090682612	24.694818136522173	0.006228201295465869
107.0	30.954160438465372	31.371449925261587	12.935974090682612	24.732187344294967	0.006228201295465869
108.0	30.898106626806175	31.321624314897857	12.985799701046338	24.78824115595416	0.006228201295465869
109.0	31.09118086696562	31.284255107125063	12.886148480318885	24.732187344294967	0.006228201295465869
110.0	30.991529646238163	31.371449925261587	12.855007473841553	24.77578475336323	0.006228201295465869
111.0	30.947932237169905	31.321624314897857	12.942202291978077	24.782012954658693	0.006228201295465869
112.0	31.072496263079223	31.383906327852518	12.892376681614351	24.644992526158447	0.006228201295465869
113.0	31.010214250124562	31.321624314897857	12.904833084205281	24.757100149476834	0.006228201295465869
114.0	30.99775784753363	31.31539611360239	12.935974090682612	24.7446437468859	0.006228201295465869
115.0	31.01644245142003	31.340308918784253	12.898604882909815	24.738415545590435	0.006228201295465869
116.0	30.991529646238163	31.35899352267065	12.948430493273545	24.694818136522173	0.006228201295465869
117.0	30.99775784753363	31.34653712007972	12.935974090682612	24.71350274040857	0.006228201295465869
118.0	30.954160438465372	31.371449925261587	12.904833084205281	24.763328350772294	0.006228201295465869
119.0	31.022670652715494	31.321624314897857	12.886148480318885	24.763328350772294	0.006228201295465869
120.0	31.072496263079223	31.296711509715998	12.954658694569007	24.66990533134031	0.006228201295465869
121.0	31.010214250124562	31.383906327852518	12.842551071250623	24.757100149476834	0.006228201295465869
122.0	31.041355256601893	31.340308918784253	12.898604882909815	24.71350274040857	0.006228201295465869
123.0	30.96038863976084	31.39636273044345	12.923517688091678	24.71350274040857	0.006228201295465869
124.0	30.979073243647235	31.371449925261587	12.911061285500747	24.732187344294967	0.006228201295465869
125.0	31.072496263079223	31.36522172396612	12.842551071250623	24.71350274040857	0.006228201295465869
126.0	30.979073243647235	31.2593423019432	12.960886895864473	24.794469357249625	0.006228201295465869
127.0	31.072496263079223	31.37767812655705	12.855007473841553	24.688589935226705	0.006228201295465869
128.0	31.03512705530643	31.31539611360239	12.923517688091678	24.719730941704036	0.006228201295465869
129.0	30.979073243647235	31.29048330842053	12.948430493273545	24.77578475336323	0.006228201295465869
130.0	31.072496263079223	31.35899352267065	12.879920279023418	24.68236173393124	0.006228201295465869
131.0	31.003986048829095	31.35899352267065	12.855007473841553	24.77578475336323	0.006228201295465869
132.0	31.041355256601893	31.36522172396612	12.917289486796212	24.66990533134031	0.006228201295465869
133.0	30.96038863976084	31.321624314897857	12.892376681614351	24.819382162431488	0.006228201295465869
134.0	31.03512705530643	31.32785251619332	12.923517688091678	24.707274539113104	0.006228201295465869
135.0	31.03512705530643	31.309167912306922	12.904833084205281	24.7446437468859	0.006228201295465869
136.0	31.03512705530643	31.321624314897857	12.830094668659692	24.80692575984056	0.006228201295465869
137.0	31.10363726955655	31.265570503238667	12.929745889387146	24.694818136522173	0.006228201295465869
138.0	31.08495266567016	31.321624314897857	12.86123567513702	24.7259591429995	0.006228201295465869
139.0	31.072496263079223	31.30293971101146	12.923517688091678	24.694818136522173	0.006228201295465869
140.0	31.053811659192824	31.31539611360239	12.929745889387146	24.694818136522173	0.006228201295465869
141.0	31.041355256601893	31.309167912306922	12.960886895864473	24.68236173393124	0.006228201295465869
142.0	30.99775784753363	31.371449925261587	12.911061285500747	24.71350274040857	0.006228201295465869
143.0	30.99775784753363	31.309167912306922	12.929745889387146	24.757100149476834	0.006228201295465869
144.0	31.13477827603388	31.29048330842053	12.886148480318885	24.68236173393124	0.006228201295465869
145.0	31.010214250124562	31.284255107125063	12.96711509715994	24.732187344294967	0.006228201295465869
146.0	31.09118086696562	31.31539611360239	12.873692077727952	24.71350274040857	0.006228201295465869
147.0	31.01644245142003	31.33408071748879	12.942202291978077	24.70104633781764	0.006228201295465869
148.0	31.041355256601893	31.31539611360239	12.954658694569007	24.68236173393124	0.006228201295465869
149.0	31.022670652715494	31.352765321375188	12.948430493273545	24.66990533134031	0.006228201295465869
