# Position (bp)	A	C	G	T	N
0.0	31.05673396371071	31.401737797086632	12.87375415282392	24.661385126501408	0.006388959877331971
1.0	30.86506516739075	31.44646051622796	13.020700230002555	24.661385126501408	0.006388959877331971
2.0	30.96728852542806	31.414515716841297	12.924865831842574	24.686940966010734	0.006388959877331971
3.0	30.85867620751342	31.497572195246615	13.014311270125223	24.623051367237416	0.006388959877331971
4.0	30.986455405060052	31.47201635573729	12.892921032455916	24.64221824686941	0.006388959877331971
5.0	30.87784308714541	31.440071556350624	12.988755430615894	24.686940966010734	0.006388959877331971
6.0	31.05673396371071	31.48479427549195	12.905698952210582	24.54638384870943	0.006388959877331971
7.0	30.89700996677741	31.478405315614616	12.956810631229235	24.661385126501408	0.006388959877331971
8.0	30.986455405060052	31.440071556350624	12.880143112701253	24.686940966010734	0.006388959877331971
9.0	30.788397648862762	31.49118323536928	13.014311270125223	24.6997188857654	0.006388959877331971
10.0	31.018400204446717	31.3953488372093	12.880143112701253	24.6997188857654	0.006388959877331971
11.0	30.833120368004092	31.433682596473293	13.014311270125223	24.71249680552006	0.006388959877331971
12.0	30.99284436493739	31.408126756963966	12.918476871965245	24.67416304625607	0.006388959877331971
13.0	30.871454127268084	31.433682596473293	13.027089189879886	24.661385126501408	0.006388959877331971
14.0	30.97367748530539	31.337848198313317	12.918476871965245	24.763608484538718	0.006388959877331971
15.0	30.87784308714541	31.440071556350624	13.00153335037056	24.67416304625607	0.006388959877331971
16.0	30.9353437260414	31.369792997699975	12.963199591106566	24.725274725274726	0.006388959877331971
17.0	30.884232047022746	31.401737797086632	12.988755430615894	24.718885765397395	0.006388959877331971
18.0	30.92256580628674	31.337848198313317	12.963199591106566	24.76999744441605	0.006388959877331971
19.0	30.954510605673395	31.369792997699975	13.046256069511882	24.623051367237416	0.006388959877331971
20.0	30.89700996677741	31.401737797086632	12.975977510861231	24.718885765397395	0.006388959877331971
21.0	30.86506516739075	31.299514439049325	13.014311270125223	24.81472016355737	0.006388959877331971
22.0	30.999233324814718	31.318681318681318	12.975977510861231	24.6997188857654	0.006388959877331971
23.0	30.890621006900076	31.344237158190648	13.00792231024789	24.750830564784053	0.006388959877331971
24.0	30.96728852542806	31.280347559417326	13.014311270125223	24.731663685152057	0.006388959877331971
25.0	30.90339892665474	31.36340403782264	13.014311270125223	24.71249680552006	0.006388959877331971
26.0	30.941732685918733	31.318681318681318	12.982366470738564	24.750830564784053	0.006388959877331971
27.0	30.909787886532076	31.408126756963966	12.950421671351902	24.725274725274726	0.006388959877331971
28.0	30.90339892665474	31.38257091745464	12.963199591106566	24.744441604906722	0.006388959877331971
29.0	30.97367748530539	31.350626118067982	12.963199591106566	24.70610784564273	0.006388959877331971
30.0	30.909787886532076	31.35701507794531	13.020700230002555	24.70610784564273	0.006388959877331971
31.0	30.94812164579606	31.305903398926656	13.00792231024789	24.731663685152057	0.006388959877331971
32.0	30.99284436493739	31.350626118067982	12.969588550983898	24.680552006133404	0.006388959877331971
33.0	30.92895476616407	31.350626118067982	13.033478149757219	24.680552006133404	0.006388959877331971
34.0	31.03756708407871	31.26756963966266	13.00153335037056	24.686940966010734	0.006388959877331971
35.0	30.87784308714541	31.408126756963966	12.975977510861231	24.731663685152057	0.006388959877331971
36.0	30.999233324814718	31.318681318681318	12.969588550983898	24.70610784564273	0.006388959877331971
37.0	30.941732685918733	31.29312547917199	12.982366470738564	24.776386404293383	0.006388959877331971
38.0	30.99284436493739	31.369792997699975	12.94403271147457	24.686940966010734	0.006388959877331971
39.0	30.941732685918733	31.27395859954	12.956810631229235	24.821109123434702	0.006388959877331971
40.0	31.0759008433427	31.28673651929466	12.905698952210582	24.725274725274726	0.006388959877331971
41.0	30.954510605673395	31.26756963966266	13.090978788653207	24.680552006133404	0.006388959877331971
42.0	31.082289803220036	31.27395859954	12.899309992333249	24.73805264502939	0.006388959877331971
43.0	30.954510605673395	31.31229235880399	13.020700230002555	24.70610784564273	0.006388959877331971
44.0	30.986455405060052	31.38257091745464	12.892921032455916	24.731663685152057	0.006388959877331971
45.0	30.954510605673395	31.280347559417326	12.969588550983898	24.789164324048045	0.006388959877331971
46.0	30.97367748530539	31.344237158190648	12.982366470738564	24.693329925888065	0.006388959877331971
47.0	30.92256580628674	31.261180679785333	13.046256069511882	24.763608484538718	0.006388959877331971
48.0	31.03756708407871	31.254791719908	12.969588550983898	24.731663685152057	0.006388959877331971
49.0	31.031178124201382	31.29312547917199	13.014311270125223	24.654996166624073	0.006388959877331971
50.0	31.043956043956044	31.16534628162535	13.00153335037056	24.782775364170714	0.006388959877331971
51.0	30.986455405060052	31.254791719908	12.93764375159724	24.81472016355737	0.006388959877331971
52.0	31.018400204446717	31.261180679785333	12.975977510861231	24.73805264502939	0.006388959877331971
53.0	30.980066445182725	31.280347559417326	12.982366470738564	24.750830564784053	0.006388959877331971
54.0	31.043956043956044	31.248402760030668	12.956810631229235	24.744441604906722	0.006388959877331971
55.0	30.96728852542806	31.28673651929466	12.988755430615894	24.750830564784053	0.006388959877331971
56.0	30.980066445182725	31.242013800153334	12.982366470738564	24.789164324048045	0.006388959877331971
57.0	30.980066445182725	31.29312547917199	13.014311270125223	24.70610784564273	0.006388959877331971
58.0	30.99284436493739	31.350626118067982	12.93764375159724	24.71249680552006	0.006388959877331971
59.0	31.024789164324044	31.18451316125735	13.033478149757219	24.750830564784053	0.006388959877331971
60.0	31.012011244569383	31.388959877331967	12.93764375159724	24.654996166624073	0.006388959877331971
61.0	30.97367748530539	31.31229235880399	12.956810631229235	24.750830564784053	0.006388959877331971
62.0	31.012011244569383	31.318681318681318	12.969588550983898	24.693329925888065	0.006388959877331971
63.0	30.986455405060052	31.318681318681318	12.94403271147457	24.744441604906722	0.006388959877331971
64.0	31.031178124201382	31.318681318681318	12.912087912087914	24.731663685152057	0.006388959877331971
65.0	30.960899565550726	31.337848198313317	12.982366470738564	24.71249680552006	0.006388959877331971
66.0	30.986455405060052	31.376181957577305	12.950421671351902	24.680552006133404	0.006388959877331971
67.0	30.986455405060052	31.369792997699975	12.963199591106566	24.67416304625607	0.006388959877331971
68.0	30.941732685918733	31.325070278558652	12.931254791719907	24.795553283925376	0.006388959877331971
69.0	31.050345003833375	31.331459238435983	12.918476871965245	24.693329925888065	0.006388959877331971
70.0	31.012011244569383	31.28673651929466	12.969588550983898	24.725274725274726	0.006388959877331971
71.0	30.986455405060052	31.3953488372093	12.918476871965245	24.693329925888065	0.006388959877331971
72.0	30.96728852542806	31.42090467671863	12.950421671351902	24.654996166624073	0.006388959877331971
73.0	30.99284436493739	31.3953488372093	12.924865831842574	24.680552006133404	0.006388959877331971
74.0	30.92256580628674	31.3953488372093	13.014311270125223	24.661385126501408	0.006388959877331971
75.0	31.018400204446717	31.28673651929466	12.931254791719907	24.757219524661387	0.006388959877331971
76.0	30.99284436493739	31.299514439049325	13.00153335037056	24.6997188857654	0.006388959877331971
77.0	30.954510605673395	31.344237158190648	13.00153335037056	24.693329925888065	0.006388959877331971
78.0	31.043956043956044	31.305903398926656	12.956810631229235	24.686940966010734	0.006388959877331971
79.0	30.92895476616407	31.305903398926656	12.963199591106566	24.795553283925376	0.006388959877331971
80.0	30.92256580628674	31.376181957577305	12.988755430615894	24.70610784564273	0.006388959877331971
81.0	31.012011244569383	31.261180679785333	12.956810631229235	24.763608484538718	0.006388959877331971
82.0	30.87784308714541	31.369792997699975	13.039867109634551	24.70610784564273	0.006388959877331971
83.0	30.986455405060052	31.36340403782264	12.969588550983898	24.67416304625607	0.006388959877331971
84.0	30.890621006900076	31.318681318681318	13.014311270125223	24.76999744441605	0.006388959877331971
85.0	30.99284436493739	31.35701507794531	12.924865831842574	24.718885765397395	0.006388959877331971
86.0	30.92895476616407	31.38257091745464	13.020700230002555	24.661385126501408	0.006388959877331971
87.0	30.9353437260414	31.337848198313317	12.924865831842574	24.795553283925376	0.006388959877331971
88.0	30.86506516739075	31.42090467671863	13.039867109634551	24.66777408637874	0.006388959877331971
89.0	30.96728852542806	31.408126756963966	12.931254791719907	24.686940966010734	0.006388959877331971
90.0	30.89700996677741	31.325070278558652	13.06542294914388	24.70610784564273	0.006388959877331971
91.0	30.960899565550726	31.36340403782264	12.969588550983898	24.6997188857654	0.006388959877331971
92.0	30.916176846409403	31.401737797086632	13.00153335037056	24.67416304625607	0.006388959877331971
93.0	30.9353437260414	31.45284947610529	12.87375415282392	24.731663685152057	0.006388959877331971
94.0	30.954510605673395	31.318681318681318	12.988755430615894	24.731663685152057	0.006388959877331971
95.0	30.954510605673395	31.459238435982623	12.87375415282392	24.70610784564273	0.006388959877331971
96.0	30.87784308714541	31.36340403782264	12.995144390493227	24.757219524661387	0.006388959877331971
97.0	30.890621006900076	31.529516994633273	12.892921032455916	24.680552006133404	0.006388959877331971
98.0	30.95009903520542	31.422912273976106	12.964027857644881	24.6629608331736	0.0
