# Position (bp)	A	C	G	T	N
0.0	31.063504208110178	31.363172660035705	12.892119357306807	24.674827850038255	0.006375924509053813
1.0	30.88497832185667	31.414180056108137	13.026013771996938	24.668451925529205	0.006375924509053813
2.0	30.986993114001532	31.363172660035705	12.936750828870187	24.706707472583524	0.006375924509053813
3.0	30.897730170874777	31.45243560316246	13.019637847487886	24.623820453965823	0.006375924509053813
4.0	30.999744963019637	31.407804131599082	12.930374904361134	24.655700076511096	0.006375924509053813
5.0	30.88497832185667	31.38867635807192	13.032389696505994	24.687579699056364	0.006375924509053813
6.0	31.063504208110178	31.426931905126242	12.936750828870187	24.56643713338434	0.006375924509053813
7.0	30.910482019892882	31.420555980617188	13.000510073960726	24.662076001020147	0.006375924509053813
8.0	31.012496812037742	31.375924509053814	12.923998979852078	24.68120377454731	0.006375924509053813
9.0	30.82121907676613	31.439683754144347	13.038765621015047	24.693955623565415	0.006375924509053813
10.0	31.05712828360112	31.32491711298138	12.917623055343025	24.693955623565415	0.006375924509053813
11.0	30.84672277480235	31.38867635807192	13.038765621015047	24.719459321601633	0.006375924509053813
12.0	31.018872736546797	31.337668961999487	12.930374904361134	24.706707472583524	0.006375924509053813
13.0	30.88497832185667	31.375924509053814	13.064269319051263	24.668451925529205	0.006375924509053813
14.0	30.980617189492477	31.273909716908953	12.975006375924508	24.764090793165007	0.006375924509053813
15.0	30.897730170874777	31.36954858454476	13.038765621015047	24.687579699056364	0.006375924509053813
16.0	30.95511349145626	31.318541188472327	13.013261922978833	24.706707472583524	0.006375924509053813
17.0	30.891354246365722	31.331293037490436	13.032389696505994	24.738587095128793	0.006375924509053813
18.0	30.9359857179291	31.299413414945164	12.99413414945167	24.764090793165007	0.006375924509053813
19.0	30.95511349145626	31.318541188472327	13.064269319051263	24.655700076511096	0.006375924509053813
20.0	30.910482019892882	31.363172660035705	13.006885998469778	24.71308339709258	0.006375924509053813
21.0	30.878602397347617	31.254781943381793	13.032389696505994	24.827850038255548	0.006375924509053813
22.0	31.012496812037742	31.280285641418004	13.013261922978833	24.687579699056364	0.006375924509053813
23.0	30.88497832185667	31.312165263963276	13.038765621015047	24.757714868655956	0.006375924509053813
24.0	30.993369038510583	31.229278245345576	13.026013771996938	24.744963019637847	0.006375924509053813
25.0	30.897730170874777	31.312165263963276	13.070645243560316	24.71308339709258	0.006375924509053813
26.0	30.967865340474372	31.28666156592706	13.000510073960726	24.738587095128793	0.006375924509053813
27.0	30.92960979342005	31.3504208110176	13.006885998469778	24.706707472583524	0.006375924509053813
28.0	30.90410609538383	31.3504208110176	12.987758224942617	24.7513389441469	0.006375924509053813
29.0	30.986993114001532	31.312165263963276	12.99413414945167	24.70033154807447	0.006375924509053813
30.0	30.910482019892882	31.337668961999487	13.038765621015047	24.706707472583524	0.006375924509053813
31.0	30.961489415965314	31.2675337923999	13.038765621015047	24.725835246110687	0.006375924509053813
32.0	30.986993114001532	31.331293037490436	13.006885998469778	24.668451925529205	0.006375924509053813
33.0	30.94873756694721	31.318541188472327	13.064269319051263	24.662076001020147	0.006375924509053813
34.0	31.03800051007396	31.235654169854627	13.051517470033156	24.668451925529205	0.006375924509053813
35.0	30.891354246365722	31.395052282580977	13.013261922978833	24.693955623565415	0.006375924509053813
36.0	30.999744963019637	31.293037490436117	13.013261922978833	24.687579699056364	0.006375924509053813
37.0	30.9359857179291	31.280285641418004	13.019637847487886	24.757714868655956	0.006375924509053813
38.0	30.999744963019637	31.34404488650854	12.975006375924508	24.674827850038255	0.006375924509053813
39.0	30.95511349145626	31.254781943381793	13.006885998469778	24.776842642183116	0.006375924509053813
40.0	31.063504208110178	31.273909716908953	12.949502677888294	24.706707472583524	0.006375924509053813
41.0	30.94873756694721	31.254781943381793	13.1280285641418	24.662076001020147	0.006375924509053813
42.0	31.05712828360112	31.280285641418004	12.94312675337924	24.71308339709258	0.006375924509053813
43.0	30.961489415965314	31.299413414945164	13.038765621015047	24.693955623565415	0.006375924509053813
44.0	30.967865340474372	31.395052282580977	12.936750828870187	24.693955623565415	0.006375924509053813
45.0	30.97424126498342	31.261157867890844	12.987758224942617	24.770466717674065	0.006375924509053813
46.0	30.961489415965314	31.331293037490436	13.026013771996938	24.674827850038255	0.006375924509053813
47.0	30.923233868910994	31.273909716908953	13.0451415455241	24.7513389441469	0.006375924509053813
48.0	31.03800051007396	31.24203009436368	13.006885998469778	24.706707472583524	0.006375924509053813
49.0	31.00612088752869	31.299413414945164	13.0451415455241	24.642948227492987	0.006375924509053813
50.0	31.044376434583015	31.171894924764093	13.013261922978833	24.764090793165007	0.006375924509053813
51.0	30.95511349145626	31.299413414945164	12.955878602397346	24.78321856669217	0.006375924509053813
52.0	31.025248661055855	31.2675337923999	12.975006375924508	24.725835246110687	0.006375924509053813
53.0	30.961489415965314	31.305789339454222	12.987758224942617	24.738587095128793	0.006375924509053813
54.0	31.018872736546797	31.280285641418004	12.975006375924508	24.719459321601633	0.006375924509053813
55.0	30.95511349145626	31.299413414945164	12.987758224942617	24.7513389441469	0.006375924509053813
56.0	30.980617189492477	31.261157867890844	13.000510073960726	24.7513389441469	0.006375924509053813
57.0	30.967865340474372	31.32491711298138	13.013261922978833	24.687579699056364	0.006375924509053813
58.0	30.993369038510583	31.382300433562865	12.94312675337924	24.674827850038255	0.006375924509053813
59.0	30.999744963019637	31.216526396327467	13.026013771996938	24.7513389441469	0.006375924509053813
60.0	30.999744963019637	31.414180056108137	12.936750828870187	24.642948227492987	0.006375924509053813
61.0	30.942361642438154	31.3504208110176	12.968630451415455	24.73221117061974	0.006375924509053813
62.0	31.00612088752869	31.337668961999487	12.949502677888294	24.70033154807447	0.006375924509053813
63.0	30.97424126498342	31.337668961999487	12.955878602397346	24.725835246110687	0.006375924509053813
64.0	31.031624585564906	31.363172660035705	12.885743432797755	24.71308339709258	0.006375924509053813
65.0	30.980617189492477	31.363172660035705	12.968630451415455	24.68120377454731	0.006375924509053813
66.0	30.967865340474372	31.395052282580977	12.955878602397346	24.674827850038255	0.006375924509053813
67.0	30.993369038510583	31.375924509053814	12.975006375924508	24.649324152002038	0.006375924509053813
68.0	30.9359857179291	31.3504208110176	12.936750828870187	24.770466717674065	0.006375924509053813
69.0	31.050752359092073	31.331293037490436	12.923998979852078	24.687579699056364	0.006375924509053813
70.0	31.025248661055855	31.312165263963276	12.949502677888294	24.706707472583524	0.006375924509053813
71.0	30.97424126498342	31.420555980617188	12.917623055343025	24.68120377454731	0.006375924509053813
72.0	30.967865340474372	31.439683754144347	12.930374904361134	24.655700076511096	0.006375924509053813
73.0	30.993369038510583	31.414180056108137	12.904871206324916	24.68120377454731	0.006375924509053813
74.0	30.923233868910994	31.407804131599082	13.000510073960726	24.662076001020147	0.006375924509053813
75.0	31.031624585564906	31.293037490436117	12.923998979852078	24.744963019637847	0.006375924509053813
76.0	30.993369038510583	31.299413414945164	12.99413414945167	24.706707472583524	0.006375924509053813
77.0	30.986993114001532	31.3504208110176	12.968630451415455	24.687579699056364	0.006375924509053813
78.0	31.03800051007396	31.32491711298138	12.949502677888294	24.68120377454731	0.006375924509053813
79.0	30.9359857179291	31.312165263963276	12.94312675337924	24.80234634021933	0.006375924509053813
80.0	30.92960979342005	31.38867635807192	12.975006375924508	24.70033154807447	0.006375924509053813
81.0	31.018872736546797	31.261157867890844	12.936750828870187	24.776842642183116	0.006375924509053813
82.0	30.878602397347617	31.382300433562865	13.026013771996938	24.706707472583524	0.006375924509053813
83.0	31.00612088752869	31.36954858454476	12.949502677888294	24.668451925529205	0.006375924509053813
84.0	30.916857944401936	31.312165263963276	13.000510073960726	24.764090793165007	0.006375924509053813
85.0	30.986993114001532	31.375924509053814	12.904871206324916	24.725835246110687	0.006375924509053813
86.0	30.942361642438154	31.382300433562865	13.000510073960726	24.668451925529205	0.006375924509053813
87.0	30.967865340474372	31.337668961999487	12.898495281815864	24.789594491201225	0.006375924509053813
88.0	30.87222647283856	31.4333078296353	13.026013771996938	24.662076001020147	0.006375924509053813
89.0	30.980617189492477	31.401428207090028	12.923998979852078	24.687579699056364	0.006375924509053813
90.0	30.891354246365722	31.35679673552665	13.0451415455241	24.70033154807447	0.006375924509053813
91.0	30.97424126498342	31.35679673552665	12.955878602397346	24.706707472583524	0.006375924509053813
92.0	30.92960979342005	31.407804131599082	12.981382300433564	24.674827850038255	0.006375924509053813
93.0	30.95511349145626	31.45243560316246	12.853863810252486	24.73221117061974	0.006375924509053813
94.0	30.97424126498342	31.299413414945164	12.968630451415455	24.7513389441469	0.006375924509053813
95.0	30.961489415965314	31.45243560316246	12.860239734761542	24.719459321601633	0.006375924509053813
96.0	30.910482019892882	31.34404488650854	12.968630451415455	24.770466717674065	0.006375924509053813
97.0	30.90410609538383	31.53532262178016	12.872991583779648	24.68120377454731	0.006375924509053813
98.0	30.9570872919722	31.40980679716891	12.943952049990434	24.68915386086846	0.0
