# Position (bp)	A	C	G	T	N
0.0	31.055583885772563	31.367924528301888	12.901580826109127	24.66853646098929	0.006374298827129016
1.0	30.889852116267207	31.39979602243753	13.041815400305968	24.66216216216216	0.006374298827129016
2.0	30.979092299847018	31.367924528301888	12.952575216726158	24.694033656297805	0.006374298827129016
3.0	30.889852116267207	31.450790413054563	13.035441101478837	24.61754207037226	0.006374298827129016
4.0	30.998215196328406	31.41891891891892	12.939826619071901	24.636664966853647	0.006374298827129016
5.0	30.889852116267207	31.387047424783276	13.035441101478837	24.68128505864355	0.006374298827129016
6.0	31.068332483426826	31.438041815400307	12.939826619071901	24.54742478327384	0.006374298827129016
7.0	30.90260071392147	31.431667516573174	13.003569607343193	24.655787863335032	0.006374298827129016
8.0	31.004589495155532	31.380673125956143	12.927078021417643	24.68128505864355	0.006374298827129016
9.0	30.81336053034166	31.450790413054563	13.041815400305968	24.68765935747068	0.006374298827129016
10.0	31.049209586945437	31.32967873533911	12.927078021417643	24.68765935747068	0.006374298827129016
11.0	30.83248342682305	31.393421723610405	13.048189699133095	24.719530851606322	0.006374298827129016
12.0	31.02371239163692	31.336053034166238	12.939826619071901	24.694033656297805	0.006374298827129016
13.0	30.87710351861295	31.380673125956143	13.08006119326874	24.655787863335032	0.006374298827129016
14.0	30.979092299847018	31.285058643549206	12.978072412034678	24.75140234574197	0.006374298827129016
15.0	30.889852116267207	31.380673125956143	13.048189699133095	24.67491075981642	0.006374298827129016
16.0	30.947220805711375	31.323304436511982	13.016318204997452	24.706782253952063	0.006374298827129016
17.0	30.87710351861295	31.3488016318205	13.041815400305968	24.72590515043345	0.006374298827129016
18.0	30.921723610402857	31.304181540030594	13.003569607343193	24.764150943396228	0.006374298827129016
19.0	30.947220805711375	31.316930137684857	13.08006119326874	24.649413564507906	0.006374298827129016
20.0	30.90260071392147	31.355175930647626	13.029066802651709	24.706782253952063	0.006374298827129016
21.0	30.87710351861295	31.253187149413563	13.048189699133095	24.81514533401326	0.006374298827129016
22.0	31.004589495155532	31.27868434472208	13.029066802651709	24.68128505864355	0.006374298827129016
23.0	30.889852116267207	31.310555838857724	13.048189699133095	24.74502804691484	0.006374298827129016
24.0	30.985466598674144	31.246812850586437	13.029066802651709	24.73227944926058	0.006374298827129016
25.0	30.89622641509434	31.323304436511982	13.073686894441611	24.700407955124938	0.006374298827129016
26.0	30.959969403365626	31.29143294237634	13.00994390617032	24.73227944926058	0.006374298827129016
27.0	30.928097909229983	31.355175930647626	13.00994390617032	24.700407955124938	0.006374298827129016
28.0	30.90260071392147	31.3488016318205	12.997195308516062	24.74502804691484	0.006374298827129016
29.0	30.979092299847018	31.310555838857724	13.00994390617032	24.694033656297805	0.006374298827129016
30.0	30.921723610402857	31.32967873533911	13.041815400305968	24.700407955124938	0.006374298827129016
31.0	30.966343702192763	31.265935747067825	13.048189699133095	24.713156552779196	0.006374298827129016
32.0	30.979092299847018	31.336053034166238	13.016318204997452	24.66216216216216	0.006374298827129016
33.0	30.9535951045385	31.323304436511982	13.060938296787352	24.655787863335032	0.006374298827129016
34.0	31.036460989291175	31.240438551759308	13.054563997960225	24.66216216216216	0.006374298827129016
35.0	30.88347781744008	31.39979602243753	13.016318204997452	24.694033656297805	0.006374298827129016
36.0	30.991840897501277	31.29780724120347	13.016318204997452	24.68765935747068	0.006374298827129016
37.0	30.940846506884245	31.27231004589495	13.02269250382458	24.757776644569095	0.006374298827129016
38.0	31.004589495155532	31.355175930647626	12.978072412034678	24.655787863335032	0.006374298827129016
39.0	30.940846506884245	31.265935747067825	13.00994390617032	24.776899541050483	0.006374298827129016
40.0	31.061958184599693	31.27868434472208	12.952575216726158	24.700407955124938	0.006374298827129016
41.0	30.947220805711375	31.253187149413563	13.131055583885773	24.66216216216216	0.006374298827129016
42.0	31.049209586945437	31.27868434472208	12.94620091789903	24.719530851606322	0.006374298827129016
43.0	30.9535951045385	31.304181540030594	13.041815400305968	24.694033656297805	0.006374298827129016
44.0	30.97271800101989	31.387047424783276	12.939826619071901	24.694033656297805	0.006374298827129016
45.0	30.959969403365626	31.27868434472208	12.990821009688936	24.764150943396228	0.006374298827129016
46.0	30.9535951045385	31.342427332993374	13.029066802651709	24.66853646098929	0.006374298827129016
47.0	30.915349311575728	31.27868434472208	13.048189699133095	24.75140234574197	0.006374298827129016
48.0	31.036460989291175	31.246812850586437	13.00994390617032	24.700407955124938	0.006374298827129016
49.0	30.998215196328406	31.29780724120347	13.054563997960225	24.643039265680773	0.006374298827129016
50.0	31.036460989291175	31.176695563488018	13.016318204997452	24.764150943396228	0.006374298827129016
51.0	30.966343702192763	31.285058643549206	12.965323814380419	24.776899541050483	0.006374298827129016
52.0	31.02371239163692	31.27868434472208	12.978072412034678	24.713156552779196	0.006374298827129016
53.0	30.966343702192763	31.304181540030594	12.997195308516062	24.72590515043345	0.006374298827129016
54.0	31.017338092809794	31.27231004589495	12.984446710861805	24.719530851606322	0.006374298827129016
55.0	30.9535951045385	31.29780724120347	13.003569607343193	24.73865374808771	0.006374298827129016
56.0	30.966343702192763	31.259561448240692	13.00994390617032	24.757776644569095	0.006374298827129016
57.0	30.966343702192763	31.32967873533911	13.02269250382458	24.67491075981642	0.006374298827129016
58.0	30.991840897501277	31.374298827129017	12.952575216726158	24.67491075981642	0.006374298827129016
59.0	30.985466598674144	31.22768995410505	13.041815400305968	24.73865374808771	0.006374298827129016
60.0	30.998215196328406	31.41891891891892	12.94620091789903	24.630290668026518	0.006374298827129016
61.0	30.940846506884245	31.342427332993374	12.978072412034678	24.73227944926058	0.006374298827129016
62.0	30.991840897501277	31.342427332993374	12.971698113207546	24.68765935747068	0.006374298827129016
63.0	30.966343702192763	31.32967873533911	12.965323814380419	24.73227944926058	0.006374298827129016
64.0	31.02371239163692	31.367924528301888	12.895206527282	24.706782253952063	0.006374298827129016
65.0	30.97271800101989	31.3488016318205	12.978072412034678	24.694033656297805	0.006374298827129016
66.0	30.959969403365626	31.40617032126466	12.95894951555329	24.66853646098929	0.006374298827129016
67.0	30.979092299847018	31.380673125956143	12.978072412034678	24.655787863335032	0.006374298827129016
68.0	30.921723610402857	31.355175930647626	12.939826619071901	24.776899541050483	0.006374298827129016
69.0	31.049209586945437	31.342427332993374	12.920703722590515	24.68128505864355	0.006374298827129016
70.0	31.017338092809794	31.304181540030594	12.95894951555329	24.713156552779196	0.006374298827129016
71.0	30.979092299847018	31.412544620091793	12.927078021417643	24.67491075981642	0.006374298827129016
72.0	30.966343702192763	31.431667516573174	12.939826619071901	24.655787863335032	0.006374298827129016
73.0	30.991840897501277	31.40617032126466	12.920703722590515	24.67491075981642	0.006374298827129016
74.0	30.928097909229983	31.39979602243753	13.003569607343193	24.66216216216216	0.006374298827129016
75.0	31.02371239163692	31.29780724120347	12.927078021417643	24.74502804691484	0.006374298827129016
76.0	30.998215196328406	31.29780724120347	12.997195308516062	24.700407955124938	0.006374298827129016
77.0	30.97271800101989	31.3488016318205	12.978072412034678	24.694033656297805	0.006374298827129016
78.0	31.042835288118308	31.316930137684857	12.95894951555329	24.67491075981642	0.006374298827129016
79.0	30.947220805711375	31.29780724120347	12.952575216726158	24.796022437531875	0.006374298827129016
80.0	30.921723610402857	31.387047424783276	12.997195308516062	24.68765935747068	0.006374298827129016
81.0	31.017338092809794	31.259561448240692	12.94620091789903	24.770525242223354	0.006374298827129016
82.0	30.88347781744008	31.380673125956143	13.035441101478837	24.694033656297805	0.006374298827129016
83.0	30.998215196328406	31.367924528301888	12.95894951555329	24.66853646098929	0.006374298827129016
84.0	30.908975012748595	31.323304436511982	12.997195308516062	24.764150943396228	0.006374298827129016
85.0	30.991840897501277	31.380673125956143	12.901580826109127	24.719530851606322	0.006374298827129016
86.0	30.940846506884245	31.380673125956143	13.003569607343193	24.66853646098929	0.006374298827129016
87.0	30.97271800101989	31.342427332993374	12.901580826109127	24.776899541050483	0.006374298827129016
88.0	30.87710351861295	31.42529321774605	13.029066802651709	24.66216216216216	0.006374298827129016
89.0	30.985466598674144	31.39979602243753	12.927078021417643	24.68128505864355	0.006374298827129016
90.0	30.90260071392147	31.3488016318205	13.048189699133095	24.694033656297805	0.006374298827129016
91.0	30.97271800101989	31.355175930647626	12.95894951555329	24.706782253952063	0.006374298827129016
92.0	30.934472208057112	31.39979602243753	12.984446710861805	24.67491075981642	0.006374298827129016
93.0	30.959969403365626	31.444416114227437	12.856960734319225	24.73227944926058	0.006374298827129016
94.0	30.979092299847018	31.310555838857724	12.965323814380419	24.73865374808771	0.006374298827129016
95.0	30.966343702192763	31.444416114227437	12.863335033146353	24.719530851606322	0.006374298827129016
96.0	30.90260071392147	31.3488016318205	12.971698113207546	24.770525242223354	0.006374298827129016
97.0	30.915349311575728	31.533656297807237	12.876083630800611	24.66853646098929	0.006374298827129016
98.0	30.961943010135784	31.401797666857906	12.947026200038248	24.689233122968062	0.0
