# Position (bp)	A	C	G	T	N
0.0	31.048155016946982	31.374304534117798	12.93086909253693	24.64027626782631	0.006395088571976722
1.0	30.86269744835966	31.39348979983373	13.065165952548444	24.672251710686194	0.006395088571976722
2.0	30.95862377693931	31.38069962268977	12.982029801112747	24.672251710686194	0.006395088571976722
3.0	30.88827780264757	31.425465242693612	13.05237577540449	24.627486090682357	0.006395088571976722
4.0	30.990599219799194	31.412675065549656	12.975634712540767	24.614695913538405	0.006395088571976722
5.0	30.875487625503613	31.367909445545823	13.058770863976466	24.691436976402123	0.006395088571976722
6.0	31.048155016946982	31.45104559698152	12.962844535396814	24.531559762102706	0.006395088571976722
7.0	30.88827780264757	31.40627997697768	13.033190509688557	24.665856622114216	0.006395088571976722
8.0	30.984204131227216	31.39348979983373	12.95644944682484	24.659461533542242	0.006395088571976722
9.0	30.811536739783847	31.419070154121638	13.07156104112042	24.691436976402123	0.006395088571976722
10.0	31.03536483980303	31.34872417982989	12.95644944682484	24.65306644497026	0.006395088571976722
11.0	30.81793182835582	31.367909445545823	13.077956129692398	24.729807507833986	0.006395088571976722
12.0	31.0161795740871	31.329538914113957	12.969239623968793	24.678646799258168	0.006395088571976722
13.0	30.856302359787684	31.38709471126175	13.10993157255228	24.64027626782631	0.006395088571976722
14.0	30.97780904265524	31.27198311696617	13.007610155400654	24.73620259640596	0.006395088571976722
15.0	30.875487625503613	31.38069962268977	13.077956129692398	24.659461533542242	0.006395088571976722
16.0	30.939438511223383	31.323143825541983	13.039585598260537	24.691436976402123	0.006395088571976722
17.0	30.875487625503613	31.329538914113957	13.065165952548444	24.723412419262004	0.006395088571976722
18.0	30.913858156935476	31.303958559826057	13.033190509688557	24.742597684977937	0.006395088571976722
19.0	30.939438511223383	31.329538914113957	13.097141395408327	24.627486090682357	0.006395088571976722
20.0	30.907463068363494	31.323143825541983	13.065165952548444	24.6978320649741	0.006395088571976722
21.0	30.869092536931635	31.252797851250243	13.065165952548444	24.806548570697704	0.006395088571976722
22.0	31.022574662659082	31.252797851250243	13.058770863976466	24.659461533542242	0.006395088571976722
23.0	30.88827780264757	31.297563471254076	13.058770863976466	24.74899277354991	0.006395088571976722
24.0	30.97780904265524	31.24640276267826	13.07156104112042	24.6978320649741	0.006395088571976722
25.0	30.88827780264757	31.316748736970005	13.084351218264374	24.70422715354608	0.006395088571976722
26.0	30.965018865511283	31.297563471254076	13.039585598260537	24.691436976402123	0.006395088571976722
27.0	30.88827780264757	31.34872417982989	13.026795421116583	24.729807507833986	0.006395088571976722
28.0	30.913858156935476	31.342329091257916	13.026795421116583	24.710622242118053	0.006395088571976722
29.0	30.965018865511283	31.2911683826821	13.033190509688557	24.70422715354608	0.006395088571976722
30.0	30.913858156935476	31.34872417982989	13.065165952548444	24.665856622114216	0.006395088571976722
31.0	30.945833599795357	31.24640276267826	13.07156104112042	24.729807507833986	0.006395088571976722
32.0	30.984204131227216	31.34872417982989	13.033190509688557	24.627486090682357	0.006395088571976722
33.0	30.92025324550745	31.31035364839803	13.084351218264374	24.678646799258168	0.006395088571976722
34.0	31.028969751231056	31.240007674106284	13.07156104112042	24.65306644497026	0.006395088571976722
35.0	30.869092536931635	31.374304534117798	13.039585598260537	24.710622242118053	0.006395088571976722
36.0	30.97780904265524	31.303958559826057	13.033190509688557	24.678646799258168	0.006395088571976722
37.0	30.913858156935476	31.259192939822217	13.045980686832511	24.774573127837822	0.006395088571976722
38.0	30.984204131227216	31.361514356973846	12.98842488968472	24.659461533542242	0.006395088571976722
39.0	30.926648334079427	31.24640276267826	13.026795421116583	24.793758393553748	0.006395088571976722
40.0	31.07373537123489	31.27198311696617	12.962844535396814	24.68504188783015	0.006395088571976722
41.0	30.926648334079427	31.252797851250243	13.154697192556117	24.659461533542242	0.006395088571976722
42.0	31.041759928375008	31.24640276267826	12.962844535396814	24.742597684977937	0.006395088571976722
43.0	30.92025324550745	31.329538914113957	13.05237577540449	24.691436976402123	0.006395088571976722
44.0	30.952228688367335	31.342329091257916	12.95644944682484	24.742597684977937	0.006395088571976722
45.0	30.945833599795357	31.27837820553815	13.001215066828674	24.768178039265845	0.006395088571976722
46.0	30.965018865511283	31.297563471254076	13.05237577540449	24.678646799258168	0.006395088571976722
47.0	30.88827780264757	31.284773294110124	13.05237577540449	24.768178039265845	0.006395088571976722
48.0	31.041759928375008	31.18884696553047	13.033190509688557	24.729807507833986	0.006395088571976722
49.0	30.965018865511283	31.303958559826057	13.058770863976466	24.665856622114216	0.006395088571976722
50.0	31.041759928375008	31.124896079810703	13.045980686832511	24.780968216409796	0.006395088571976722
51.0	30.939438511223383	31.2911683826821	12.969239623968793	24.793758393553748	0.006395088571976722
52.0	31.00338939694315	31.24640276267826	13.01400524397263	24.729807507833986	0.006395088571976722
53.0	30.952228688367335	31.297563471254076	13.001215066828674	24.742597684977937	0.006395088571976722
54.0	30.99699430837117	31.24640276267826	13.020400332544604	24.729807507833986	0.006395088571976722
55.0	30.939438511223383	31.2911683826821	13.001215066828674	24.761782950693867	0.006395088571976722
56.0	30.971413954083264	31.214427319818377	13.039585598260537	24.768178039265845	0.006395088571976722
57.0	30.945833599795357	31.329538914113957	13.033190509688557	24.68504188783015	0.006395088571976722
58.0	30.99699430837117	31.342329091257916	12.969239623968793	24.68504188783015	0.006395088571976722
59.0	30.97780904265524	31.208032231246403	13.058770863976466	24.74899277354991	0.006395088571976722
60.0	30.97780904265524	31.39348979983373	12.975634712540767	24.646671356398286	0.006395088571976722
61.0	30.926648334079427	31.316748736970005	12.982029801112747	24.768178039265845	0.006395088571976722
62.0	31.00338939694315	31.31035364839803	13.001215066828674	24.678646799258168	0.006395088571976722
63.0	30.952228688367335	31.323143825541983	12.969239623968793	24.74899277354991	0.006395088571976722
64.0	31.028969751231056	31.329538914113957	12.918078915392977	24.71701733069003	0.006395088571976722
65.0	30.95862377693931	31.33593400268594	12.98842488968472	24.710622242118053	0.006395088571976722
66.0	30.945833599795357	31.367909445545823	12.98842488968472	24.691436976402123	0.006395088571976722
67.0	30.984204131227216	31.361514356973846	12.9948199782567	24.65306644497026	0.006395088571976722
68.0	30.92025324550745	31.316748736970005	12.95644944682484	24.80015348212573	0.006395088571976722
69.0	31.03536483980303	31.316748736970005	12.943659269680886	24.6978320649741	0.006395088571976722
70.0	31.00338939694315	31.27837820553815	12.982029801112747	24.729807507833986	0.006395088571976722
71.0	30.965018865511283	31.39348979983373	12.93726418110891	24.6978320649741	0.006395088571976722
72.0	30.97780904265524	31.374304534117798	12.969239623968793	24.672251710686194	0.006395088571976722
73.0	31.00338939694315	31.38069962268977	12.93086909253693	24.678646799258168	0.006395088571976722
74.0	30.907463068363494	31.38069962268977	13.020400332544604	24.68504188783015	0.006395088571976722
75.0	31.022574662659082	31.259192939822217	12.95005435825286	24.761782950693867	0.006395088571976722
76.0	30.990599219799194	31.27198311696617	13.01400524397263	24.71701733069003	0.006395088571976722
77.0	30.95862377693931	31.323143825541983	12.98842488968472	24.723412419262004	0.006395088571976722
78.0	31.041759928375008	31.284773294110124	12.975634712540767	24.691436976402123	0.006395088571976722
79.0	30.952228688367335	31.284773294110124	12.95005435825286	24.806548570697704	0.006395088571976722
80.0	30.907463068363494	31.367909445545823	13.001215066828674	24.71701733069003	0.006395088571976722
81.0	31.028969751231056	31.227217496962332	12.943659269680886	24.793758393553748	0.006395088571976722
82.0	30.875487625503613	31.342329091257916	13.045980686832511	24.729807507833986	0.006395088571976722
83.0	30.990599219799194	31.361514356973846	12.969239623968793	24.672251710686194	0.006395088571976722
84.0	30.894672891219543	31.2911683826821	13.007610155400654	24.80015348212573	0.006395088571976722
85.0	30.99699430837117	31.355119268401864	12.905288738249023	24.73620259640596	0.006395088571976722
86.0	30.945833599795357	31.329538914113957	13.001215066828674	24.71701733069003	0.006395088571976722
87.0	30.971413954083264	31.323143825541983	12.89889364967705	24.80015348212573	0.006395088571976722
88.0	30.894672891219543	31.361514356973846	13.033190509688557	24.70422715354608	0.006395088571976722
89.0	30.99699430837117	31.38069962268977	12.924474003964956	24.691436976402123	0.006395088571976722
90.0	30.913858156935476	31.2911683826821	13.045980686832511	24.742597684977937	0.006395088571976722
91.0	30.984204131227216	31.329538914113957	12.969239623968793	24.710622242118053	0.006395088571976722
92.0	30.952228688367335	31.34872417982989	12.982029801112747	24.710622242118053	0.006395088571976722
93.0	30.945833599795357	31.45104559698152	12.860523118245187	24.73620259640596	0.006395088571976722
94.0	30.99699430837117	31.259192939822217	12.969239623968793	24.768178039265845	0.006395088571976722
95.0	30.990599219799194	31.399884888405705	12.866918206817166	24.73620259640596	0.006395088571976722
96.0	30.907463068363494	31.31035364839803	12.982029801112747	24.793758393553748	0.006395088571976722
97.0	30.926648334079427	31.489416128413378	12.87331329538914	24.70422715354608	0.006395088571976722
98.0	30.979790227679715	31.36352008186237	12.94448708109491	24.712202609363008	0.0
