# Position (bp)	A	C	G	T	N
0.0	31.006544094733563	31.29947023995014	13.007167341851044	24.68058585229043	0.0062324711748208165
1.0	30.994079152383918	31.38049236522281	12.919912745403552	24.699283265814895	0.0062324711748208165
2.0	31.00031162355874	31.386724836397633	12.944842630102835	24.66188843876597	0.0062324711748208165
3.0	30.969149267684635	31.318167653474603	13.000934870676224	24.705515736989717	0.0062324711748208165
4.0	30.93175444063571	31.405422249922093	12.944842630102835	24.71174820816454	0.0062324711748208165
5.0	30.975381738859458	31.411654721096916	12.932377687753194	24.674353381115612	0.0062324711748208165
6.0	30.975381738859458	31.311935182299784	13.007167341851044	24.699283265814895	0.0062324711748208165
7.0	30.91305702711125	31.41788719227174	12.944842630102835	24.71798067933936	0.0062324711748208165
8.0	30.944219382985356	31.411654721096916	12.994702399501401	24.64319102524151	0.0062324711748208165
9.0	30.98161421003428	31.4365846057962	12.907447803053913	24.66812090994079	0.0062324711748208165
10.0	30.975381738859458	31.318167653474603	12.951075101277656	24.74914303521346	0.0062324711748208165
11.0	30.91928949828607	31.38049236522281	12.994702399501401	24.699283265814895	0.0062324711748208165
12.0	30.93175444063571	31.442817076971018	12.951075101277656	24.66812090994079	0.0062324711748208165
13.0	30.91928949828607	31.324400124649422	12.96977251480212	24.780305391087566	0.0062324711748208165
14.0	30.987846681209096	31.34933000934871	12.963540043627297	24.693050794640076	0.0062324711748208165
15.0	30.88189467123715	31.39295730757245	13.000934870676224	24.71798067933936	0.0062324711748208165
16.0	30.969149267684635	31.361794951698347	12.963540043627297	24.699283265814895	0.0062324711748208165
17.0	30.90682455593643	31.39295730757245	12.994702399501401	24.699283265814895	0.0062324711748208165
18.0	30.95045185416018	31.336865066999064	12.988469928326582	24.71798067933936	0.0062324711748208165
19.0	30.90059208476161	31.39295730757245	12.957307572452478	24.74291056403864	0.0062324711748208165
20.0	30.91928949828607	31.386724836397633	13.007167341851044	24.68058585229043	0.0062324711748208165
21.0	30.962916796509816	31.268307884076034	13.007167341851044	24.755375506388283	0.0062324711748208165
22.0	30.88189467123715	31.430352134621376	12.994702399501401	24.686818323465253	0.0062324711748208165
23.0	30.969149267684635	31.29947023995014	13.04456216889997	24.68058585229043	0.0062324711748208165
24.0	30.84449984418822	31.361794951698347	12.963540043627297	24.823932689311313	0.0062324711748208165
25.0	31.00031162355874	31.35556248052353	12.938610158928016	24.699283265814895	0.0062324711748208165
26.0	30.90059208476161	31.336865066999064	13.075724524774074	24.68058585229043	0.0062324711748208165
27.0	30.90682455593643	31.336865066999064	13.038329697725148	24.71174820816454	0.0062324711748208165
28.0	30.875662200062326	31.38049236522281	12.994702399501401	24.74291056403864	0.0062324711748208165
29.0	30.92552196946089	31.343097538173886	13.05079464007479	24.674353381115612	0.0062324711748208165
30.0	30.888127142411964	31.324400124649422	13.007167341851044	24.774072919912747	0.0062324711748208165
31.0	30.90059208476161	31.405422249922093	13.025864755375508	24.66188843876597	0.0062324711748208165
32.0	30.937986911810533	31.38049236522281	13.025864755375508	24.64942349641633	0.0062324711748208165
33.0	30.969149267684635	31.293237768775317	13.06325958242443	24.66812090994079	0.0062324711748208165
34.0	30.856964786537862	31.405422249922093	13.05079464007479	24.68058585229043	0.0062324711748208165
35.0	30.95045185416018	31.29947023995014	13.04456216889997	24.699283265814895	0.0062324711748208165
36.0	30.93175444063571	31.36802742287317	13.032097226550327	24.66188843876597	0.0062324711748208165
37.0	30.95045185416018	31.37425989404799	13.038329697725148	24.630726082891865	0.0062324711748208165
38.0	30.944219382985356	31.255842941726396	13.057027111249612	24.73667809286382	0.0062324711748208165
39.0	30.894359613586786	31.336865066999064	13.013399813025863	24.74914303521346	0.0062324711748208165
40.0	30.888127142411964	31.361794951698347	13.013399813025863	24.730445621688997	0.0062324711748208165
41.0	30.91928949828607	31.324400124649422	13.032097226550327	24.71798067933936	0.0062324711748208165
42.0	30.95045185416018	31.311935182299784	12.994702399501401	24.73667809286382	0.0062324711748208165
43.0	30.86319725771268	31.255842941726396	13.069492053599252	24.80523527578685	0.0062324711748208165
44.0	30.969149267684635	31.324400124649422	13.06325958242443	24.636958554066688	0.0062324711748208165
45.0	31.006544094733563	31.237145528201932	13.032097226550327	24.71798067933936	0.0062324711748208165
46.0	30.987846681209096	31.29947023995014	13.013399813025863	24.693050794640076	0.0062324711748208165
47.0	30.95045185416018	31.35556248052353	13.04456216889997	24.64319102524151	0.0062324711748208165
48.0	31.00031162355874	31.274540355250856	12.98223745715176	24.73667809286382	0.0062324711748208165
49.0	30.95045185416018	31.23091305702711	13.05079464007479	24.761607977563106	0.0062324711748208165
50.0	30.987846681209096	31.2870052976005	13.057027111249612	24.66188843876597	0.0062324711748208165
51.0	31.031473979432846	31.318167653474603	13.038329697725148	24.605796198192582	0.0062324711748208165
52.0	30.91928949828607	31.268307884076034	13.000934870676224	24.80523527578685	0.0062324711748208165
53.0	30.91928949828607	31.29947023995014	13.025864755375508	24.74914303521346	0.0062324711748208165
54.0	30.92552196946089	31.336865066999064	13.081956995948893	24.64942349641633	0.0062324711748208165
55.0	30.975381738859458	31.274540355250856	13.032097226550327	24.71174820816454	0.0062324711748208165
56.0	30.975381738859458	31.293237768775317	13.057027111249612	24.66812090994079	0.0062324711748208165
57.0	30.91928949828607	31.34933000934871	13.075724524774074	24.64942349641633	0.0062324711748208165
58.0	30.98161421003428	31.293237768775317	13.06325958242443	24.65565596759115	0.0062324711748208165
59.0	30.975381738859458	31.268307884076034	13.06325958242443	24.686818323465253	0.0062324711748208165
60.0	30.937986911810533	31.336865066999064	13.019632284200686	24.699283265814895	0.0062324711748208165
61.0	31.00031162355874	31.30570271112496	13.094421938298536	24.593331255842944	0.0062324711748208165
62.0	30.975381738859458	31.361794951698347	13.013399813025863	24.64319102524151	0.0062324711748208165
63.0	30.944219382985356	31.311935182299784	13.04456216889997	24.693050794640076	0.0062324711748208165
64.0	30.994079152383918	31.33063259582424	13.05079464007479	24.618261140542224	0.0062324711748208165
65.0	30.944219382985356	31.318167653474603	13.032097226550327	24.699283265814895	0.0062324711748208165
66.0	31.031473979432846	31.30570271112496	13.038329697725148	24.618261140542224	0.0062324711748208165
67.0	30.937986911810533	31.268307884076034	13.075724524774074	24.71174820816454	0.0062324711748208165
68.0	30.987846681209096	31.33063259582424	13.019632284200686	24.65565596759115	0.0062324711748208165
69.0	31.037706450607665	31.262075412901215	13.019632284200686	24.674353381115612	0.0062324711748208165
70.0	30.93175444063571	31.37425989404799	13.007167341851044	24.68058585229043	0.0062324711748208165
71.0	30.98161421003428	31.268307884076034	13.081956995948893	24.66188843876597	0.0062324711748208165
72.0	31.031473979432846	31.255842941726396	13.032097226550327	24.674353381115612	0.0062324711748208165
73.0	30.944219382985356	31.34933000934871	13.032097226550327	24.66812090994079	0.0062324711748208165
74.0	30.987846681209096	31.274540355250856	12.988469928326582	24.74291056403864	0.0062324711748208165
75.0	30.969149267684635	31.336865066999064	13.057027111249612	24.630726082891865	0.0062324711748208165
76.0	30.962916796509816	31.361794951698347	12.951075101277656	24.71798067933936	0.0062324711748208165
77.0	30.98161421003428	31.28077282642568	13.05079464007479	24.68058585229043	0.0062324711748208165
78.0	30.956684325334994	31.29947023995014	13.038329697725148	24.699283265814895	0.0062324711748208165
79.0	30.975381738859458	31.318167653474603	13.038329697725148	24.66188843876597	0.0062324711748208165
80.0	30.93175444063571	31.28077282642568	13.069492053599252	24.71174820816454	0.0062324711748208165
81.0	30.956684325334994	31.311935182299784	13.013399813025863	24.71174820816454	0.0062324711748208165
82.0	30.937986911810533	31.411654721096916	12.994702399501401	24.64942349641633	0.0062324711748208165
83.0	30.92552196946089	31.361794951698347	13.04456216889997	24.66188843876597	0.0062324711748208165
84.0	30.93175444063571	31.36802742287317	13.000934870676224	24.693050794640076	0.0062324711748208165
85.0	30.888127142411964	31.343097538173886	13.075724524774074	24.686818323465253	0.0062324711748208165
86.0	30.987846681209096	31.38049236522281	12.994702399501401	24.630726082891865	0.0062324711748208165
87.0	30.944219382985356	31.35556248052353	12.96977251480212	24.724213150514178	0.0062324711748208165
88.0	30.850732315363043	31.39918977874727	13.025864755375508	24.71798067933936	0.0062324711748208165
89.0	30.875662200062326	31.39295730757245	13.019632284200686	24.705515736989717	0.0062324711748208165
90.0	30.888127142411964	31.411654721096916	12.994702399501401	24.699283265814895	0.0062324711748208165
91.0	30.956684325334994	31.34933000934871	12.988469928326582	24.699283265814895	0.0062324711748208165
92.0	30.84449984418822	31.41788719227174	13.032097226550327	24.699283265814895	0.0062324711748208165
93.0	30.95045185416018	31.34933000934871	13.007167341851044	24.686818323465253	0.0062324711748208165
94.0	30.83203490183858	31.44904954814584	12.919912745403552	24.792770333437208	0.0062324711748208165
95.0	30.93175444063571	31.411654721096916	12.96977251480212	24.68058585229043	0.0062324711748208165
96.0	30.92552196946089	31.361794951698347	12.963540043627297	24.74291056403864	0.0062324711748208165
97.0	30.944219382985356	31.39918977874727	12.951075101277656	24.699283265814895	0.0062324711748208165
98.0	30.91305702711125	31.37425989404799	12.97600498597694	24.730445621688997	0.0062324711748208165
99.0	30.962916796509816	31.318167653474603	12.994702399501401	24.71798067933936	0.0062324711748208165
100.0	30.962916796509816	31.386724836397633	12.951075101277656	24.693050794640076	0.0062324711748208165
101.0	31.012776565908386	31.293237768775317	12.96977251480212	24.71798067933936	0.0062324711748208165
102.0	30.90059208476161	31.42411966344656	12.944842630102835	24.724213150514178	0.0062324711748208165
103.0	30.944219382985356	31.37425989404799	12.882517918354628	24.792770333437208	0.0062324711748208165
104.0	30.956684325334994	31.36802742287317	12.938610158928016	24.730445621688997	0.0062324711748208165
105.0	30.969149267684635	31.318167653474603	12.957307572452478	24.74914303521346	0.0062324711748208165
106.0	31.00031162355874	31.37425989404799	12.944842630102835	24.674353381115612	0.0062324711748208165
107.0	30.95045185416018	31.36802742287317	12.944842630102835	24.730445621688997	0.0062324711748208165
108.0	30.888127142411964	31.33063259582424	13.000934870676224	24.774072919912747	0.0062324711748208165
109.0	31.08756622000623	31.28077282642568	12.894982860704268	24.730445621688997	0.0062324711748208165
110.0	30.975381738859458	31.37425989404799	12.857588033655345	24.786537862262385	0.0062324711748208165
111.0	30.937986911810533	31.324400124649422	12.951075101277656	24.780305391087566	0.0062324711748208165
112.0	31.06886880648177	31.386724836397633	12.907447803053913	24.630726082891865	0.0062324711748208165
113.0	31.00031162355874	31.324400124649422	12.913680274228732	24.755375506388283	0.0062324711748208165
114.0	30.975381738859458	31.33063259582424	12.951075101277656	24.73667809286382	0.0062324711748208165
115.0	31.006544094733563	31.343097538173886	12.919912745403552	24.724213150514178	0.0062324711748208165
116.0	31.006544094733563	31.34933000934871	12.951075101277656	24.686818323465253	0.0062324711748208165
117.0	31.00031162355874	31.35556248052353	12.932377687753194	24.705515736989717	0.0062324711748208165
118.0	30.944219382985356	31.386724836397633	12.90121533187909	24.761607977563106	0.0062324711748208165
119.0	31.025241508258024	31.33063259582424	12.894982860704268	24.74291056403864	0.0062324711748208165
120.0	31.075101277656593	31.29947023995014	12.951075101277656	24.66812090994079	0.0062324711748208165
121.0	30.994079152383918	31.38049236522281	12.857588033655345	24.761607977563106	0.0062324711748208165
122.0	31.037706450607665	31.343097538173886	12.907447803053913	24.705515736989717	0.0062324711748208165
123.0	30.956684325334994	31.411654721096916	12.919912745403552	24.705515736989717	0.0062324711748208165
124.0	30.95045185416018	31.39295730757245	12.913680274228732	24.73667809286382	0.0062324711748208165
125.0	31.062636335306948	31.361794951698347	12.851355562480524	24.71798067933936	0.0062324711748208165
126.0	30.969149267684635	31.262075412901215	12.963540043627297	24.799002804612027	0.0062324711748208165
127.0	31.043938921782487	31.36802742287317	12.863820504830164	24.71798067933936	0.0062324711748208165
128.0	31.012776565908386	31.318167653474603	12.926145216578375	24.73667809286382	0.0062324711748208165
129.0	30.962916796509816	31.29947023995014	12.944842630102835	24.786537862262385	0.0062324711748208165
130.0	31.056403864132125	31.35556248052353	12.882517918354628	24.699283265814895	0.0062324711748208165
131.0	30.975381738859458	31.37425989404799	12.857588033655345	24.786537862262385	0.0062324711748208165
132.0	31.019009037083205	31.37425989404799	12.919912745403552	24.68058585229043	0.0062324711748208165
133.0	30.937986911810533	31.33063259582424	12.894982860704268	24.830165160486136	0.0062324711748208165
134.0	31.00031162355874	31.34933000934871	12.926145216578375	24.71798067933936	0.0062324711748208165
135.0	31.025241508258024	31.318167653474603	12.913680274228732	24.73667809286382	0.0062324711748208165
136.0	31.019009037083205	31.336865066999064	12.838890620130883	24.799002804612027	0.0062324711748208165
137.0	31.056403864132125	31.29947023995014	12.944842630102835	24.693050794640076	0.0062324711748208165
138.0	31.05017139295731	31.34933000934871	12.876285447179805	24.71798067933936	0.0062324711748208165
139.0	31.06886880648177	31.30570271112496	12.932377687753194	24.686818323465253	0.0062324711748208165
140.0	31.025241508258024	31.33063259582424	12.938610158928016	24.699283265814895	0.0062324711748208165
141.0	31.012776565908386	31.33063259582424	12.97600498597694	24.674353381115612	0.0062324711748208165
142.0	31.00031162355874	31.386724836397633	12.919912745403552	24.686818323465253	0.0062324711748208165
143.0	30.969149267684635	31.33063259582424	12.932377687753194	24.761607977563106	0.0062324711748208165
144.0	31.112496104705517	31.311935182299784	12.894982860704268	24.674353381115612	0.0062324711748208165
145.0	31.025241508258024	31.2870052976005	12.96977251480212	24.71174820816454	0.0062324711748208165
146.0	31.09379869118105	31.318167653474603	12.876285447179805	24.705515736989717	0.0062324711748208165
147.0	30.987846681209096	31.35556248052353	12.944842630102835	24.705515736989717	0.0062324711748208165
148.0	31.037706450607665	31.324400124649422	12.963540043627297	24.66812090994079	0.0062324711748208165
149.0	31.025241508258024	31.35556248052353	12.957307572452478	24.65565596759115	0.0062324711748208165
