# Position (bp)	A	C	G	T	N
0.0	30.914747977598005	31.188550093341632	13.080273802115745	24.81020535158681	0.006222775357809582
1.0	30.987274028438964	31.251750210025204	13.002893680575003	24.751859111982327	0.006222968978499642
2.0	30.983198506533917	31.25388923459863	13.002489110143124	24.754200373366523	0.006222775357809582
3.0	30.983198506533917	31.257000622277538	13.005600497822028	24.74797759800871	0.006222775357809582
4.0	30.989421281891723	31.25388923459863	13.002489110143124	24.74797759800871	0.006222775357809582
5.0	30.98630989421282	31.25388923459863	13.002489110143124	24.751088985687616	0.006222775357809582
6.0	30.989421281891723	31.25388923459863	12.999377722464219	24.751088985687616	0.006222775357809582
7.0	30.989421281891723	31.257000622277538	12.999377722464219	24.74797759800871	0.006222775357809582
8.0	30.99253266957063	31.260112009956444	12.996266334785314	24.744866210329807	0.006222775357809582
9.0	30.99253266957063	31.263223397635347	12.993154947106408	24.744866210329807	0.006222775357809582
10.0	30.99564405724953	31.263223397635347	12.993154947106408	24.7417548226509	0.006222775357809582
11.0	30.998755444928438	31.263223397635347	12.993154947106408	24.738643434971998	0.006222775357809582
12.0	31.001866832607345	31.26633478531425	12.993154947106408	24.73242065961419	0.006222775357809582
13.0	30.998755444928438	31.269446172993153	12.993154947106408	24.73242065961419	0.006222775357809582
14.0	30.998755444928438	31.269446172993153	12.996266334785314	24.729309271935282	0.006222775357809582
15.0	30.998755444928438	31.27255756067206	12.996266334785314	24.72619788425638	0.006222775357809582
16.0	30.99564405724953	31.275668948350965	12.996266334785314	24.72619788425638	0.006222775357809582
17.0	30.99564405724953	31.27255756067206	12.996266334785314	24.729309271935282	0.006222775357809582
18.0	30.99564405724953	31.269446172993153	12.996266334785314	24.73242065961419	0.006222775357809582
19.0	30.99564405724953	31.269446172993153	12.999377722464219	24.729309271935282	0.006222775357809582
20.0	30.99564405724953	31.27255756067206	12.996266334785314	24.729309271935282	0.006222775357809582
21.0	30.99564405724953	31.27255756067206	12.996266334785314	24.729309271935282	0.006222775357809582
22.0	30.998755444928438	31.27255756067206	12.996266334785314	24.72619788425638	0.006222775357809582
23.0	30.998755444928438	31.275668948350965	12.996266334785314	24.723086496577473	0.006222775357809582
24.0	30.99564405724953	31.27878033602987	12.993154947106408	24.72619788425638	0.006222775357809582
25.0	30.99253266957063	31.285003111387677	12.993154947106408	24.723086496577473	0.006222775357809582
26.0	30.989421281891723	31.281891723708778	12.996266334785314	24.72619788425638	0.006222775357809582
27.0	30.989421281891723	31.27878033602987	12.993154947106408	24.73242065961419	0.006222775357809582
28.0	30.99253266957063	31.27878033602987	12.990043559427505	24.73242065961419	0.006222775357809582
29.0	30.99253266957063	31.27878033602987	12.990043559427505	24.73242065961419	0.006222775357809582
30.0	30.99564405724953	31.27878033602987	12.990043559427505	24.729309271935282	0.006222775357809582
31.0	30.99564405724953	31.275668948350965	12.990043559427505	24.73242065961419	0.006222775357809582
32.0	30.99253266957063	31.275668948350965	12.993154947106408	24.73242065961419	0.006222775357809582
33.0	30.99253266957063	31.27255756067206	12.993154947106408	24.735532047293095	0.006222775357809582
34.0	30.99253266957063	31.275668948350965	12.990043559427505	24.735532047293095	0.006222775357809582
35.0	30.99253266957063	31.27878033602987	12.986932171748599	24.735532047293095	0.006222775357809582
36.0	30.99253266957063	31.27878033602987	12.986932171748599	24.735532047293095	0.006222775357809582
37.0	30.98630989421282	31.281891723708778	12.986932171748599	24.738643434971998	0.006222775357809582
38.0	30.989421281891723	31.285003111387677	12.983820784069694	24.735532047293095	0.006222775357809582
39.0	30.989421281891723	31.281891723708778	12.986932171748599	24.735532047293095	0.006222775357809582
40.0	30.98630989421282	31.281891723708778	12.990043559427505	24.735532047293095	0.006222775357809582
41.0	30.989421281891723	31.27878033602987	12.990043559427505	24.735532047293095	0.006222775357809582
42.0	30.98630989421282	31.285003111387677	12.990043559427505	24.73242065961419	0.006222775357809582
43.0	30.989421281891723	31.281891723708778	12.990043559427505	24.73242065961419	0.006222775357809582
44.0	30.989421281891723	31.281891723708778	12.990043559427505	24.73242065961419	0.006222775357809582
45.0	30.989421281891723	31.285003111387677	12.990043559427505	24.729309271935282	0.006222775357809582
46.0	30.99564405724953	31.285003111387677	12.986932171748599	24.72619788425638	0.006222775357809582
47.0	30.99564405724953	31.285003111387677	12.983820784069694	24.729309271935282	0.006222775357809582
48.0	30.99253266957063	31.281891723708778	12.990043559427505	24.729309271935282	0.006222775357809582
49.0	30.99253266957063	31.285003111387677	12.990043559427505	24.72619788425638	0.006222775357809582
50.0	30.99564405724953	31.288114499066584	12.986932171748599	24.723086496577473	0.006222775357809582
51.0	30.998755444928438	31.288114499066584	12.986932171748599	24.719975108898566	0.006222775357809582
52.0	31.001866832607345	31.285003111387677	12.986932171748599	24.719975108898566	0.006222775357809582
53.0	31.001866832607345	31.285003111387677	12.983820784069694	24.723086496577473	0.006222775357809582
54.0	31.001866832607345	31.285003111387677	12.977598008711885	24.729309271935282	0.006222775357809582
55.0	31.00497822028625	31.281891723708778	12.980709396390791	24.72619788425638	0.006222775357809582
56.0	30.998755444928438	31.285003111387677	12.980709396390791	24.729309271935282	0.006222775357809582
57.0	31.001866832607345	31.285003111387677	12.980709396390791	24.72619788425638	0.006222775357809582
58.0	30.998755444928438	31.288114499066584	12.983820784069694	24.723086496577473	0.006222775357809582
59.0	30.998755444928438	31.288114499066584	12.983820784069694	24.723086496577473	0.006222775357809582
60.0	31.001866832607345	31.285003111387677	12.986932171748599	24.719975108898566	0.006222775357809582
61.0	31.001866832607345	31.281891723708778	12.986932171748599	24.723086496577473	0.006222775357809582
62.0	31.00497822028625	31.281891723708778	12.983820784069694	24.723086496577473	0.006222775357809582
63.0	31.00497822028625	31.281891723708778	12.983820784069694	24.723086496577473	0.006222775357809582
64.0	31.00808960796515	31.281891723708778	12.983820784069694	24.719975108898566	0.006222775357809582
65.0	31.011200995644057	31.281891723708778	12.986932171748599	24.713752333540757	0.006222775357809582
66.0	31.011200995644057	31.285003111387677	12.983820784069694	24.713752333540757	0.006222775357809582
67.0	31.017423771001866	31.281891723708778	12.980709396390791	24.713752333540757	0.006222775357809582
68.0	31.020535158680772	31.281891723708778	12.977598008711885	24.713752333540757	0.006222775357809582
69.0	31.02364654635968	31.281891723708778	12.97448662103298	24.713752333540757	0.006222775357809582
70.0	31.02364654635968	31.27878033602987	12.971375233354077	24.719975108898566	0.006222775357809582
71.0	31.02364654635968	31.27878033602987	12.968263845675171	24.723086496577473	0.006222775357809582
72.0	31.026757934038578	31.27878033602987	12.968263845675171	24.719975108898566	0.006222775357809582
73.0	31.020535158680772	31.281891723708778	12.968263845675171	24.723086496577473	0.006222775357809582
74.0	31.02364654635968	31.281891723708778	12.965152457996265	24.723086496577473	0.006222775357809582
75.0	31.020535158680772	31.281891723708778	12.968263845675171	24.723086496577473	0.006222775357809582
76.0	31.02364654635968	31.275668948350965	12.968263845675171	24.72619788425638	0.006222775357809582
77.0	31.017423771001866	31.281891723708778	12.968263845675171	24.72619788425638	0.006222775357809582
78.0	31.020535158680772	31.281891723708778	12.968263845675171	24.723086496577473	0.006222775357809582
79.0	31.026757934038578	31.27878033602987	12.965152457996265	24.723086496577473	0.006222775357809582
80.0	31.026757934038578	31.27878033602987	12.965152457996265	24.723086496577473	0.006222775357809582
81.0	31.026757934038578	31.281891723708778	12.962041070317362	24.723086496577473	0.006222775357809582
82.0	31.020535158680772	31.285003111387677	12.962041070317362	24.72619788425638	0.006222775357809582
83.0	31.017423771001866	31.288114499066584	12.965152457996265	24.723086496577473	0.006222775357809582
84.0	31.014312383322963	31.288114499066584	12.965152457996265	24.72619788425638	0.006222775357809582
85.0	31.014312383322963	31.288114499066584	12.962041070317362	24.729309271935282	0.006222775357809582
86.0	31.011200995644057	31.285003111387677	12.965152457996265	24.73242065961419	0.006222775357809582
87.0	31.00497822028625	31.288114499066584	12.965152457996265	24.735532047293095	0.006222775357809582
88.0	31.00497822028625	31.288114499066584	12.965152457996265	24.735532047293095	0.006222775357809582
89.0	31.001866832607345	31.294337274424393	12.965152457996265	24.73242065961419	0.006222775357809582
90.0	31.001866832607345	31.294337274424393	12.965152457996265	24.73242065961419	0.006222775357809582
91.0	31.001866832607345	31.291225886745487	12.965152457996265	24.735532047293095	0.006222775357809582
92.0	31.00497822028625	31.294337274424393	12.962041070317362	24.73242065961419	0.006222775357809582
93.0	31.00497822028625	31.2974486621033	12.962041070317362	24.729309271935282	0.006222775357809582
94.0	31.00808960796515	31.2974486621033	12.958929682638457	24.729309271935282	0.006222775357809582
95.0	31.00808960796515	31.2974486621033	12.958929682638457	24.729309271935282	0.006222775357809582
96.0	31.011200995644057	31.294337274424393	12.958929682638457	24.729309271935282	0.006222775357809582
97.0	31.011200995644057	31.294337274424393	12.95581829495955	24.73242065961419	0.006222775357809582
98.0	31.011200995644057	31.291225886745487	12.958929682638457	24.73242065961419	0.006222775357809582
99.0	31.00808960796515	31.294337274424393	12.962041070317362	24.729309271935282	0.006222775357809582
100.0	31.011200995644057	31.294337274424393	12.958929682638457	24.729309271935282	0.006222775357809582
101.0	31.011200995644057	31.294337274424393	12.95581829495955	24.73242065961419	0.006222775357809582
102.0	31.00808960796515	31.291225886745487	12.958929682638457	24.735532047293095	0.006222775357809582
103.0	31.011200995644057	31.291225886745487	12.95581829495955	24.735532047293095	0.006222775357809582
104.0	31.011200995644057	31.291225886745487	12.95581829495955	24.735532047293095	0.006222775357809582
105.0	31.014312383322963	31.288114499066584	12.95581829495955	24.735532047293095	0.006222775357809582
106.0	31.014312383322963	31.291225886745487	12.952706907280648	24.735532047293095	0.006222775357809582
107.0	31.017423771001866	31.291225886745487	12.949595519601742	24.735532047293095	0.006222775357809582
108.0	31.014312383322963	31.291225886745487	12.949595519601742	24.738643434971998	0.006222775357809582
109.0	31.014312383322963	31.2974486621033	12.946484131922837	24.735532047293095	0.006222775357809582
110.0	31.017423771001866	31.291225886745487	12.946484131922837	24.738643434971998	0.006222775357809582
111.0	31.017423771001866	31.291225886745487	12.946484131922837	24.738643434971998	0.006222775357809582
112.0	31.02364654635968	31.285003111387677	12.946484131922837	24.738643434971998	0.006222775357809582
113.0	31.026757934038578	31.27878033602987	12.949595519601742	24.738643434971998	0.006222775357809582
114.0	31.029869321717484	31.275668948350965	12.949595519601742	24.738643434971998	0.006222775357809582
115.0	31.029869321717484	31.27878033602987	12.946484131922837	24.738643434971998	0.006222775357809582
116.0	31.029869321717484	31.27878033602987	12.946484131922837	24.738643434971998	0.006222775357809582
117.0	31.029869321717484	31.281891723708778	12.949595519601742	24.73242065961419	0.006222775357809582
118.0	31.029869321717484	31.285003111387677	12.949595519601742	24.729309271935282	0.006222775357809582
119.0	31.029869321717484	31.281891723708778	12.952706907280648	24.729309271935282	0.006222775357809582
120.0	31.029869321717484	31.281891723708778	12.95581829495955	24.72619788425638	0.006222775357809582
121.0	31.029869321717484	31.285003111387677	12.949595519601742	24.729309271935282	0.006222775357809582
122.0	31.029869321717484	31.288114499066584	12.946484131922837	24.729309271935282	0.006222775357809582
123.0	31.026757934038578	31.291225886745487	12.946484131922837	24.729309271935282	0.006222775357809582
124.0	31.029869321717484	31.291225886745487	12.943372744243934	24.729309271935282	0.006222775357809582
125.0	31.026757934038578	31.291225886745487	12.943372744243934	24.73242065961419	0.006222775357809582
126.0	31.02364654635968	31.288114499066584	12.946484131922837	24.735532047293095	0.006222775357809582
127.0	31.020535158680772	31.291225886745487	12.949595519601742	24.73242065961419	0.006222775357809582
128.0	31.02364654635968	31.288114499066584	12.946484131922837	24.735532047293095	0.006222775357809582
129.0	31.02364654635968	31.288114499066584	12.946484131922837	24.735532047293095	0.006222775357809582
130.0	31.02364654635968	31.291225886745487	12.943372744243934	24.735532047293095	0.006222775357809582
131.0	31.026757934038578	31.291225886745487	12.943372744243934	24.73242065961419	0.006222775357809582
132.0	31.029869321717484	31.291225886745487	12.943372744243934	24.729309271935282	0.006222775357809582
133.0	31.03298070939639	31.294337274424393	12.943372744243934	24.723086496577473	0.006222775357809582
134.0	31.03298070939639	31.294337274424393	12.946484131922837	24.719975108898566	0.006222775357809582
135.0	31.029869321717484	31.2974486621033	12.946484131922837	24.719975108898566	0.006222775357809582
136.0	31.029869321717484	31.300560049782206	12.943372744243934	24.719975108898566	0.006222775357809582
137.0	31.029869321717484	31.300560049782206	12.943372744243934	24.719975108898566	0.006222775357809582
138.0	31.026757934038578	31.300560049782206	12.946484131922837	24.719975108898566	0.006222775357809582
139.0	31.026757934038578	31.300560049782206	12.946484131922837	24.719975108898566	0.006222775357809582
140.0	31.026757934038578	31.300560049782206	12.946484131922837	24.719975108898566	0.006222775357809582
141.0	31.026757934038578	31.300560049782206	12.949595519601742	24.716863721219664	0.006222775357809582
142.0	31.029869321717484	31.2974486621033	12.949595519601742	24.716863721219664	0.006222775357809582
143.0	31.029869321717484	31.2974486621033	12.952706907280648	24.713752333540757	0.006222775357809582
144.0	31.03298070939639	31.294337274424393	12.952706907280648	24.713752333540757	0.006222775357809582
145.0	31.039203484754204	31.291225886745487	12.952706907280648	24.710640945861854	0.006222775357809582
146.0	31.04542626011201	31.291225886745487	12.949595519601742	24.70752955818295	0.006222775357809582
147.0	31.04542626011201	31.285003111387677	12.949595519601742	24.713752333540757	0.006222775357809582
148.0	31.042314872433106	31.288114499066584	12.949595519601742	24.713752333540757	0.006222775357809582
149.0	31.04542626011201	31.288114499066584	12.949595519601742	24.710640945861854	0.006222775357809582
150.0	31.048537647790912	31.285003111387677	12.949595519601742	24.710640945861854	0.006222775357809582
151.0	31.04542626011201	31.285003111387677	12.949595519601742	24.713752333540757	0.006222775357809582
152.0	31.048537647790912	31.285003111387677	12.949595519601742	24.710640945861854	0.006222775357809582
153.0	31.04542626011201	31.285003111387677	12.949595519601742	24.713752333540757	0.006222775357809582
154.0	31.04542626011201	31.285003111387677	12.949595519601742	24.713752333540757	0.006222775357809582
155.0	31.04542626011201	31.288114499066584	12.949595519601742	24.710640945861854	0.006222775357809582
156.0	31.042314872433106	31.291225886745487	12.949595519601742	24.710640945861854	0.006222775357809582
157.0	31.042314872433106	31.291225886745487	12.952706907280648	24.70752955818295	0.006222775357809582
158.0	31.039203484754204	31.2974486621033	12.952706907280648	24.704418170504045	0.006222775357809582
159.0	31.039203484754204	31.2974486621033	12.952706907280648	24.704418170504045	0.006222775357809582
160.0	31.036092097075297	31.300560049782206	12.952706907280648	24.704418170504045	0.006222775357809582
161.0	31.039203484754204	31.2974486621033	12.952706907280648	24.704418170504045	0.006222775357809582
162.0	31.039203484754204	31.2974486621033	12.952706907280648	24.704418170504045	0.006222775357809582
163.0	31.039203484754204	31.2974486621033	12.952706907280648	24.704418170504045	0.006222775357809582
164.0	31.039203484754204	31.2974486621033	12.952706907280648	24.704418170504045	0.006222775357809582
165.0	31.039203484754204	31.2974486621033	12.952706907280648	24.704418170504045	0.006222775357809582
166.0	31.036092097075297	31.2974486621033	12.952706907280648	24.70752955818295	0.006222775357809582
167.0	31.036092097075297	31.294337274424393	12.95581829495955	24.70752955818295	0.006222775357809582
168.0	31.036092097075297	31.294337274424393	12.95581829495955	24.70752955818295	0.006222775357809582
169.0	31.03298070939639	31.294337274424393	12.95581829495955	24.710640945861854	0.006222775357809582
170.0	31.039203484754204	31.288114499066584	12.95581829495955	24.710640945861854	0.006222775357809582
171.0	31.042314872433106	31.291225886745487	12.952706907280648	24.70752955818295	0.006222775357809582
172.0	31.039203484754204	31.294337274424393	12.952706907280648	24.70752955818295	0.006222775357809582
173.0	31.036092097075297	31.2974486621033	12.952706907280648	24.70752955818295	0.006222775357809582
174.0	31.036092097075297	31.291225886745487	12.95581829495955	24.710640945861854	0.006222775357809582
175.0	31.029869321717484	31.2974486621033	12.95581829495955	24.710640945861854	0.006222775357809582
176.0	31.029869321717484	31.2974486621033	12.95581829495955	24.710640945861854	0.006222775357809582
177.0	31.03298070939639	31.294337274424393	12.95581829495955	24.710640945861854	0.006222775357809582
178.0	31.026757934038578	31.300560049782206	12.95581829495955	24.710640945861854	0.006222775357809582
179.0	31.026757934038578	31.300560049782206	12.95581829495955	24.710640945861854	0.006222775357809582
180.0	31.026757934038578	31.303671437461105	12.95581829495955	24.70752955818295	0.006222775357809582
181.0	31.02364654635968	31.303671437461105	12.95581829495955	24.710640945861854	0.006222775357809582
182.0	31.026757934038578	31.303671437461105	12.95581829495955	24.70752955818295	0.006222775357809582
183.0	31.02364654635968	31.30678282514001	12.95581829495955	24.70752955818295	0.006222775357809582
184.0	31.02364654635968	31.30678282514001	12.95581829495955	24.70752955818295	0.006222775357809582
185.0	31.02364654635968	31.303671437461105	12.958929682638457	24.70752955818295	0.006222775357809582
186.0	31.02364654635968	31.300560049782206	12.962041070317362	24.70752955818295	0.006222775357809582
187.0	31.020535158680772	31.30678282514001	12.958929682638457	24.70752955818295	0.006222775357809582
188.0	31.020535158680772	31.309894212818918	12.95581829495955	24.70752955818295	0.006222775357809582
189.0	31.014312383322963	31.316116988176727	12.95581829495955	24.70752955818295	0.006222775357809582
190.0	31.017423771001866	31.316116988176727	12.95581829495955	24.704418170504045	0.006222775357809582
191.0	31.014312383322963	31.31922837585563	12.95581829495955	24.704418170504045	0.006222775357809582
192.0	31.017423771001866	31.322339763534536	12.95581829495955	24.698195395146236	0.006222775357809582
193.0	31.017423771001866	31.31922837585563	12.95581829495955	24.70130678282514	0.006222775357809582
194.0	31.014312383322963	31.322339763534536	12.95581829495955	24.70130678282514	0.006222775357809582
195.0	31.017423771001866	31.322339763534536	12.95581829495955	24.698195395146236	0.006222775357809582
196.0	31.014312383322963	31.328562538892346	12.95581829495955	24.69508400746733	0.006222775357809582
197.0	31.011200995644057	31.331673926571252	12.95581829495955	24.69508400746733	0.006222775357809582
198.0	31.011200995644057	31.331673926571252	12.95581829495955	24.69508400746733	0.006222775357809582
199.0	31.014312383322963	31.331673926571252	12.958929682638457	24.68886123210952	0.006222775357809582
200.0	31.011200995644057	31.33478531425016	12.962041070317362	24.685749844430617	0.006222775357809582
201.0	31.00497822028625	31.33478531425016	12.965152457996265	24.68886123210952	0.006222775357809582
202.0	30.950158670897892	31.360836288967707	13.00479123887748	24.67799141310435	0.0062223881525729574
203.0	30.952084629744864	31.356565028002485	13.011823273179838	24.673304293715	0.006222775357809582
204.0	30.952084629744864	31.356565028002485	13.011823273179838	24.673304293715	0.006222775357809582
205.0	30.958307405102676	31.356565028002485	13.011823273179838	24.667081518357186	0.006222775357809582
206.0	30.958307405102676	31.356565028002485	13.018046048537649	24.660858742999377	0.006222775357809582
207.0	30.958307405102676	31.3627878033603	13.018046048537649	24.654635967641568	0.006222775357809582
208.0	30.958307405102676	31.3627878033603	13.011823273179838	24.660858742999377	0.006222775357809582
209.0	30.964530180460486	31.3627878033603	13.005600497822028	24.660858742999377	0.006222775357809582
210.0	30.97075295581829	31.356565028002485	13.005600497822028	24.660858742999377	0.006222775357809582
211.0	30.976975731176104	31.356565028002485	12.999377722464219	24.660858742999377	0.006222775357809582
212.0	30.976975731176104	31.356565028002485	12.999377722464219	24.660858742999377	0.006222775357809582
213.0	30.976975731176104	31.356565028002485	12.999377722464219	24.660858742999377	0.006222775357809582
214.0	30.97075295581829	31.356565028002485	13.005600497822028	24.660858742999377	0.006222775357809582
215.0	30.976975731176104	31.356565028002485	13.005600497822028	24.654635967641568	0.006222775357809582
216.0	30.983198506533917	31.356565028002485	12.999377722464219	24.654635967641568	0.006222775357809582
217.0	30.983198506533917	31.356565028002485	12.999377722464219	24.654635967641568	0.006222775357809582
218.0	30.976975731176104	31.356565028002485	12.999377722464219	24.660858742999377	0.006222775357809582
219.0	30.976975731176104	31.35034225264468	13.005600497822028	24.660858742999377	0.006222775357809582
220.0	30.976975731176104	31.35034225264468	13.005600497822028	24.660858742999377	0.006222775357809582
221.0	30.983198506533917	31.35034225264468	13.005600497822028	24.654635967641568	0.006222775357809582
222.0	30.983198506533917	31.35034225264468	13.005600497822028	24.654635967641568	0.006222775357809582
223.0	30.983198506533917	31.356565028002485	13.005600497822028	24.64841319228376	0.006222775357809582
224.0	30.976975731176104	31.3627878033603	13.005600497822028	24.64841319228376	0.006222775357809582
225.0	30.97075295581829	31.3627878033603	13.011823273179838	24.64841319228376	0.006222775357809582
226.0	30.976975731176104	31.356565028002485	13.011823273179838	24.64841319228376	0.006222775357809582
227.0	30.97075295581829	31.3627878033603	13.011823273179838	24.64841319228376	0.006222775357809582
228.0	30.976975731176104	31.3627878033603	13.005600497822028	24.64841319228376	0.006222775357809582
229.0	30.976975731176104	31.3627878033603	13.005600497822028	24.64841319228376	0.006222775357809582
230.0	30.976975731176104	31.3627878033603	13.005600497822028	24.64841319228376	0.006222775357809582
231.0	30.97075295581829	31.3627878033603	13.005600497822028	24.654635967641568	0.006222775357809582
232.0	30.97075295581829	31.356565028002485	13.011823273179838	24.654635967641568	0.006222775357809582
233.0	30.97075295581829	31.35034225264468	13.018046048537649	24.654635967641568	0.006222775357809582
234.0	30.97075295581829	31.34411947728687	13.018046048537649	24.660858742999377	0.006222775357809582
235.0	30.97075295581829	31.337896701929058	13.018046048537649	24.667081518357186	0.006222775357809582
236.0	30.97075295581829	31.337896701929058	13.018046048537649	24.667081518357186	0.006222775357809582
237.0	30.97075295581829	31.337896701929058	13.018046048537649	24.667081518357186	0.006222775357809582
238.0	30.964530180460486	31.337896701929058	13.018046048537649	24.673304293715	0.006222775357809582
239.0	30.964530180460486	31.337896701929058	13.018046048537649	24.673304293715	0.006222775357809582
240.0	30.964530180460486	31.337896701929058	13.018046048537649	24.673304293715	0.006222775357809582
241.0	30.964530180460486	31.337896701929058	13.018046048537649	24.673304293715	0.006222775357809582
242.0	30.958307405102676	31.337896701929058	13.018046048537649	24.679527069072808	0.006222775357809582
243.0	30.952084629744864	31.34411947728687	13.018046048537649	24.679527069072808	0.006222775357809582
244.0	30.958307405102676	31.337896701929058	13.018046048537649	24.679527069072808	0.006222775357809582
245.0	30.952084629744864	31.337896701929058	13.024268823895458	24.679527069072808	0.006222775357809582
246.0	30.952084629744864	31.331673926571252	13.030491599253265	24.679527069072808	0.006222775357809582
247.0	30.945861854387058	31.331673926571252	13.036714374611078	24.679527069072808	0.006222775357809582
248.0	30.945861854387058	31.331673926571252	13.036714374611078	24.679527069072808	0.006222775357809582
249.0	30.945861854387058	31.337896701929058	13.036714374611078	24.673304293715	0.006222775357809582
250.0	30.945861854387058	31.337896701929058	13.036714374611078	24.673304293715	0.006222775357809582
251.0	30.945861854387058	31.337896701929058	13.036714374611078	24.673304293715	0.006222775357809582
252.0	30.952084629744864	31.337896701929058	13.036714374611078	24.667081518357186	0.006222775357809582
253.0	30.958307405102676	31.337896701929058	13.036714374611078	24.660858742999377	0.006222775357809582
254.0	30.964530180460486	31.337896701929058	13.036714374611078	24.654635967641568	0.006222775357809582
255.0	30.964530180460486	31.331673926571252	13.042937149968886	24.654635967641568	0.006222775357809582
256.0	30.964530180460486	31.331673926571252	13.042937149968886	24.654635967641568	0.006222775357809582
257.0	30.964530180460486	31.331673926571252	13.042937149968886	24.654635967641568	0.006222775357809582
258.0	30.964530180460486	31.32545115121344	13.042937149968886	24.660858742999377	0.006222775357809582
259.0	30.97075295581829	31.32545115121344	13.042937149968886	24.654635967641568	0.006222775357809582
260.0	30.976975731176104	31.31922837585563	13.042937149968886	24.654635967641568	0.006222775357809582
261.0	30.983198506533917	31.313005600497824	13.042937149968886	24.654635967641568	0.006222775357809582
262.0	30.983198506533917	31.30678282514001	13.042937149968886	24.660858742999377	0.006222775357809582
263.0	30.983198506533917	31.30678282514001	13.042937149968886	24.660858742999377	0.006222775357809582
264.0	30.983198506533917	31.300560049782206	13.049159925326695	24.660858742999377	0.006222775357809582
265.0	30.983198506533917	31.30678282514001	13.049159925326695	24.654635967641568	0.006222775357809582
266.0	30.983198506533917	31.30678282514001	13.049159925326695	24.654635967641568	0.006222775357809582
267.0	30.983198506533917	31.30678282514001	13.049159925326695	24.654635967641568	0.006222775357809582
268.0	30.989421281891723	31.300560049782206	13.049159925326695	24.654635967641568	0.006222775357809582
269.0	30.983198506533917	31.30678282514001	13.049159925326695	24.654635967641568	0.006222775357809582
270.0	30.989421281891723	31.30678282514001	13.049159925326695	24.64841319228376	0.006222775357809582
271.0	30.983198506533917	31.313005600497824	13.049159925326695	24.64841319228376	0.006222775357809582
272.0	30.983198506533917	31.30678282514001	13.055382700684506	24.64841319228376	0.006222775357809582
273.0	30.983198506533917	31.30678282514001	13.055382700684506	24.64841319228376	0.006222775357809582
274.0	30.976975731176104	31.30678282514001	13.055382700684506	24.654635967641568	0.006222775357809582
275.0	30.976975731176104	31.30678282514001	13.055382700684506	24.654635967641568	0.006222775357809582
276.0	30.976975731176104	31.313005600497824	13.055382700684506	24.64841319228376	0.006222775357809582
277.0	30.97075295581829	31.31922837585563	13.055382700684506	24.64841319228376	0.006222775357809582
278.0	30.964530180460486	31.32545115121344	13.055382700684506	24.64841319228376	0.006222775357809582
279.0	30.964530180460486	31.32545115121344	13.055382700684506	24.64841319228376	0.006222775357809582
280.0	30.964530180460486	31.31922837585563	13.055382700684506	24.654635967641568	0.006222775357809582
281.0	30.97075295581829	31.31922837585563	13.055382700684506	24.64841319228376	0.006222775357809582
282.0	30.976975731176104	31.313005600497824	13.055382700684506	24.64841319228376	0.006222775357809582
283.0	30.976975731176104	31.313005600497824	13.055382700684506	24.64841319228376	0.006222775357809582
284.0	30.976975731176104	31.313005600497824	13.055382700684506	24.64841319228376	0.006222775357809582
285.0	30.983198506533917	31.30678282514001	13.055382700684506	24.64841319228376	0.006222775357809582
286.0	30.983198506533917	31.30678282514001	13.055382700684506	24.64841319228376	0.006222775357809582
287.0	30.976975731176104	31.30678282514001	13.061605476042315	24.64841319228376	0.006222775357809582
288.0	30.983198506533917	31.30678282514001	13.061605476042315	24.64219041692595	0.006222775357809582
289.0	30.976975731176104	31.313005600497824	13.061605476042315	24.64219041692595	0.006222775357809582
290.0	30.983198506533917	31.30678282514001	13.061605476042315	24.64219041692595	0.006222775357809582
291.0	30.976975731176104	31.30678282514001	13.061605476042315	24.64841319228376	0.006222775357809582
292.0	30.97075295581829	31.313005600497824	13.061605476042315	24.64841319228376	0.006222775357809582
293.0	30.976975731176104	31.30678282514001	13.061605476042315	24.64841319228376	0.006222775357809582
294.0	30.976975731176104	31.30678282514001	13.061605476042315	24.64841319228376	0.006222775357809582
295.0	30.976975731176104	31.300560049782206	13.067828251400124	24.64841319228376	0.006222775357809582
296.0	30.983198506533917	31.294337274424393	13.067828251400124	24.64841319228376	0.006222775357809582
297.0	30.983198506533917	31.288114499066584	13.067828251400124	24.654635967641568	0.006222775357809582
298.0	30.983198506533917	31.288114499066584	13.067828251400124	24.654635967641568	0.006222775357809582
