# Position (bp)	A	C	G	T	N
0.0	31.06186755475855	31.330856923273988	12.924298706289228	24.67657230690406	0.00640450877417702
1.0	30.882541309081596	31.382092993467403	13.06519789932112	24.663763289355707	0.00640450877417702
2.0	30.96579992314589	31.34366594082234	12.975534776482645	24.708594850774944	0.00640450877417702
3.0	30.888945817855774	31.407711028564112	13.058793390546944	24.638145254258998	0.00640450877417702
4.0	30.97220443192007	31.407711028564112	12.969130267708467	24.644549763033176	0.00640450877417702
5.0	30.888945817855774	31.34366594082234	13.071602408095298	24.689381324452413	0.00640450877417702
6.0	31.05546304598437	31.407711028564112	12.975534776482645	24.5548866401947	0.00640450877417702
7.0	30.908159344178305	31.39490201101576	13.039579864224413	24.65095427180735	0.00640450877417702
8.0	31.004226975790957	31.34366594082234	12.96272575893429	24.682976815678238	0.00640450877417702
9.0	30.818496221339824	31.420520046112465	13.078006916869475	24.67657230690406	0.00640450877417702
10.0	31.049058537210193	31.311643396951457	12.956321250160114	24.67657230690406	0.00640450877417702
11.0	30.844114256436534	31.36928397591905	13.078006916869475	24.70219034200077	0.00640450877417702
12.0	31.03624951966184	31.32445241449981	12.96272575893429	24.67016779812988	0.00640450877417702
13.0	30.882541309081596	31.375688484693224	13.097220443192006	24.638145254258998	0.00640450877417702
14.0	31.004226975790957	31.266811835532216	13.001152811579352	24.7214038683233	0.00640450877417702
15.0	30.901754835404127	31.382092993467403	13.06519789932112	24.644549763033176	0.00640450877417702
16.0	30.952990905597538	31.30523888817728	13.039579864224413	24.69578583322659	0.00640450877417702
17.0	30.89535032662995	31.35007044959652	13.058793390546944	24.689381324452413	0.00640450877417702
18.0	30.933777379275007	31.286025361854747	13.013961829127707	24.759830920968362	0.00640450877417702
19.0	30.94658639682336	31.311643396951457	13.097220443192006	24.638145254258998	0.00640450877417702
20.0	30.901754835404127	31.35007044959652	13.052388881772767	24.689381324452413	0.00640450877417702
21.0	30.882541309081596	31.247598309209685	13.071602408095298	24.791853464839246	0.00640450877417702
22.0	31.01063148456513	31.27321634430639	13.058793390546944	24.65095427180735	0.00640450877417702
23.0	30.908159344178305	31.2988343794031	13.06519789932112	24.7214038683233	0.00640450877417702
24.0	30.985013449468426	31.23478929166133	13.058793390546944	24.71499935954912	0.00640450877417702
25.0	30.89535032662995	31.32445241449981	13.097220443192006	24.67657230690406	0.00640450877417702
26.0	30.97220443192007	31.266811835532216	13.033175355450238	24.7214038683233	0.00640450877417702
27.0	30.92737287050083	31.36928397591905	13.026770846676062	24.67016779812988	0.00640450877417702
28.0	30.92737287050083	31.34366594082234	13.001152811579352	24.7214038683233	0.00640450877417702
29.0	30.9914179582426	31.330856923273988	13.00755732035353	24.663763289355707	0.00640450877417702
30.0	30.920968361726654	31.337261432048162	13.04598437299859	24.689381324452413	0.00640450877417702
31.0	30.978608940694247	31.286025361854747	13.04598437299859	24.682976815678238	0.00640450877417702
32.0	30.985013449468426	31.330856923273988	13.026770846676062	24.65095427180735	0.00640450877417702
33.0	30.96579992314589	31.31804790572563	13.078006916869475	24.63174074548482	0.00640450877417702
34.0	31.04265402843602	31.215575765338798	13.06519789932112	24.67016779812988	0.00640450877417702
35.0	30.89535032662995	31.375688484693224	13.033175355450238	24.689381324452413	0.00640450877417702
36.0	31.004226975790957	31.247598309209685	13.039579864224413	24.70219034200077	0.00640450877417702
37.0	30.952990905597538	31.241193800435507	13.04598437299859	24.753426412194184	0.00640450877417702
38.0	31.01703599333931	31.30523888817728	13.001152811579352	24.67016779812988	0.00640450877417702
39.0	30.94658639682336	31.241193800435507	13.026770846676062	24.779044447290893	0.00640450877417702
40.0	31.068272063532724	31.25400281798386	12.969130267708467	24.70219034200077	0.00640450877417702
41.0	30.952990905597538	31.228384782887154	13.148456513385423	24.663763289355707	0.00640450877417702
42.0	31.068272063532724	31.247598309209685	12.96272575893429	24.71499935954912	0.00640450877417702
43.0	30.97220443192007	31.292429870628922	13.052388881772767	24.67657230690406	0.00640450877417702
44.0	31.004226975790957	31.35007044959652	12.94351223261176	24.69578583322659	0.00640450877417702
45.0	30.985013449468426	31.27321634430639	13.001152811579352	24.734212885871653	0.00640450877417702
46.0	30.99782246701678	31.30523888817728	13.039579864224413	24.65095427180735	0.00640450877417702
47.0	30.933777379275007	31.27321634430639	13.06519789932112	24.7214038683233	0.00640450877417702
48.0	31.068272063532724	31.228384782887154	13.026770846676062	24.67016779812988	0.00640450877417702
49.0	31.04265402843602	31.286025361854747	13.058793390546944	24.606122710388114	0.00640450877417702
50.0	31.06186755475855	31.157935186371205	13.026770846676062	24.74702190342001	0.00640450877417702
51.0	30.9914179582426	31.266811835532216	12.975534776482645	24.759830920968362	0.00640450877417702
52.0	31.049058537210193	31.241193800435507	12.988343794031	24.71499935954912	0.00640450877417702
53.0	30.97220443192007	31.27962085308057	13.013961829127707	24.727808377097478	0.00640450877417702
54.0	31.029845010887662	31.23478929166133	12.988343794031	24.74061739464583	0.00640450877417702
55.0	30.940181888049185	31.27962085308057	13.013961829127707	24.759830920968362	0.00640450877417702
56.0	30.97220443192007	31.228384782887154	13.020366337901883	24.772639938516715	0.00640450877417702
57.0	30.952990905597538	31.30523888817728	13.033175355450238	24.70219034200077	0.00640450877417702
58.0	30.985013449468426	31.35007044959652	12.969130267708467	24.689381324452413	0.00640450877417702
59.0	30.99782246701678	31.202766747790445	13.058793390546944	24.734212885871653	0.00640450877417702
60.0	30.99782246701678	31.401306519789934	12.956321250160114	24.638145254258998	0.00640450877417702
61.0	30.94658639682336	31.337261432048162	13.001152811579352	24.708594850774944	0.00640450877417702
62.0	31.01063148456513	31.31804790572563	12.981939285256821	24.682976815678238	0.00640450877417702
63.0	30.96579992314589	31.32445241449981	12.988343794031	24.71499935954912	0.00640450877417702
64.0	31.04265402843602	31.35007044959652	12.905085179966697	24.69578583322659	0.00640450877417702
65.0	30.978608940694247	31.34366594082234	12.994748302805176	24.67657230690406	0.00640450877417702
66.0	30.97220443192007	31.382092993467403	12.975534776482645	24.663763289355707	0.00640450877417702
67.0	30.9914179582426	31.35007044959652	13.001152811579352	24.65095427180735	0.00640450877417702
68.0	30.933777379275007	31.330856923273988	12.949916741385936	24.779044447290893	0.00640450877417702
69.0	31.03624951966184	31.311643396951457	12.949916741385936	24.69578583322659	0.00640450877417702
70.0	31.023440502113488	31.27321634430639	12.969130267708467	24.727808377097478	0.00640450877417702
71.0	30.959395414371716	31.38849750224158	12.94351223261176	24.70219034200077	0.00640450877417702
72.0	30.97220443192007	31.39490201101576	12.949916741385936	24.67657230690406	0.00640450877417702
73.0	30.97220443192007	31.38849750224158	12.930703215063405	24.70219034200077	0.00640450877417702
74.0	30.914563852952476	31.375688484693224	13.020366337901883	24.682976815678238	0.00640450877417702
75.0	31.01703599333931	31.26040732675804	12.949916741385936	24.76623542974254	0.00640450877417702
76.0	30.9914179582426	31.266811835532216	13.013961829127707	24.7214038683233	0.00640450877417702
77.0	30.97220443192007	31.311643396951457	13.001152811579352	24.708594850774944	0.00640450877417702
78.0	31.04265402843602	31.27962085308057	12.969130267708467	24.70219034200077	0.00640450877417702
79.0	30.92737287050083	31.286025361854747	12.975534776482645	24.804662482387602	0.00640450877417702
80.0	30.92737287050083	31.35007044959652	13.020366337901883	24.69578583322659	0.00640450877417702
81.0	31.01063148456513	31.23478929166133	12.969130267708467	24.779044447290893	0.00640450877417702
82.0	30.882541309081596	31.34366594082234	13.06519789932112	24.70219034200077	0.00640450877417702
83.0	30.99782246701678	31.34366594082234	12.981939285256821	24.67016779812988	0.00640450877417702
84.0	30.901754835404127	31.311643396951457	13.026770846676062	24.753426412194184	0.00640450877417702
85.0	30.978608940694247	31.356474958370693	12.937107723837581	24.7214038683233	0.00640450877417702
86.0	30.94658639682336	31.34366594082234	13.026770846676062	24.67657230690406	0.00640450877417702
87.0	30.959395414371716	31.311643396951457	12.924298706289228	24.798257973613424	0.00640450877417702
88.0	30.869732291533243	31.382092993467403	13.058793390546944	24.682976815678238	0.00640450877417702
89.0	30.978608940694247	31.36928397591905	12.949916741385936	24.69578583322659	0.00640450877417702
90.0	30.901754835404127	31.2988343794031	13.084411425643653	24.708594850774944	0.00640450877417702
91.0	30.96579992314589	31.32445241449981	12.981939285256821	24.7214038683233	0.00640450877417702
92.0	30.933777379275007	31.36287946714487	13.013961829127707	24.682976815678238	0.00640450877417702
93.0	30.952990905597538	31.407711028564112	12.885871653644166	24.74702190342001	0.00640450877417702
94.0	30.978608940694247	31.27321634430639	12.994748302805176	24.74702190342001	0.00640450877417702
95.0	30.96579992314589	31.420520046112465	12.898680671192519	24.708594850774944	0.00640450877417702
96.0	30.89535032662995	31.31804790572563	13.001152811579352	24.779044447290893	0.00640450877417702
97.0	30.908159344178305	31.503778660176764	12.892276162418343	24.689381324452413	0.00640450877417702
98.0	30.94856850060847	31.37129315314161	12.97636584897201	24.70377249727791	0.0
