# Position (bp)	A	C	G	T	N
0.0	31.040868454661556	31.379310344827587	12.911877394636015	24.661558109833972	0.006385696040868455
1.0	30.887611749680715	31.372924648786714	13.05236270753512	24.680715197956577	0.006385696040868455
2.0	30.970625798212005	31.379310344827587	12.956577266922094	24.687100893997446	0.006385696040868455
3.0	30.89399744572158	31.417624521072796	13.045977011494253	24.6360153256705	0.006385696040868455
4.0	30.983397190293744	31.417624521072796	12.956577266922094	24.6360153256705	0.006385696040868455
5.0	30.90038314176245	31.353767560664114	13.045977011494253	24.69348659003831	0.006385696040868455
6.0	31.060025542784164	31.430395913154534	12.956577266922094	24.54661558109834	0.006385696040868455
7.0	30.91315453384419	31.40485312899106	13.014048531289909	24.661558109833972	0.006385696040868455
8.0	30.99616858237548	31.372924648786714	12.943805874840358	24.680715197956577	0.006385696040868455
9.0	30.82375478927203	31.42401021711367	13.05236270753512	24.69348659003831	0.006385696040868455
10.0	31.040868454661556	31.32822477650064	12.937420178799488	24.687100893997446	0.006385696040868455
11.0	30.842911877394634	31.379310344827587	13.05874840357599	24.71264367816092	0.006385696040868455
12.0	31.015325670498083	31.334610472541506	12.950191570881225	24.69348659003831	0.006385696040868455
13.0	30.88122605363985	31.372924648786714	13.090676883780333	24.648786717752238	0.006385696040868455
14.0	30.977011494252878	31.28991060025543	12.988505747126435	24.738186462324393	0.006385696040868455
15.0	30.89399744572158	31.36653895274585	13.05874840357599	24.67432950191571	0.006385696040868455
16.0	30.932311621966797	31.32822477650064	13.033205619412517	24.699872286079184	0.006385696040868455
17.0	30.89399744572158	31.32822477650064	13.05236270753512	24.71902937420179	0.006385696040868455
18.0	30.919540229885058	31.309067688378033	13.014048531289909	24.75095785440613	0.006385696040868455
19.0	30.95785440613027	31.302681992337167	13.090676883780333	24.642401021711365	0.006385696040868455
20.0	30.887611749680715	31.360153256704983	13.039591315453384	24.70625798212005	0.006385696040868455
21.0	30.887611749680715	31.245210727969347	13.05874840357599	24.802043422733078	0.006385696040868455
22.0	30.99616858237548	31.28352490421456	13.039591315453384	24.67432950191571	0.006385696040868455
23.0	30.90038314176245	31.302681992337167	13.05236270753512	24.738186462324393	0.006385696040868455
24.0	30.970625798212005	31.257982120051086	13.039591315453384	24.725415070242658	0.006385696040868455
25.0	30.906768837803323	31.315453384418902	13.084291187739463	24.687100893997446	0.006385696040868455
26.0	30.938697318007662	31.302681992337167	13.014048531289909	24.738186462324393	0.006385696040868455
27.0	30.94508301404853	31.34738186462324	13.02043422733078	24.680715197956577	0.006385696040868455
28.0	30.887611749680715	31.36653895274585	13.001277139208172	24.738186462324393	0.006385696040868455
29.0	30.99616858237548	31.302681992337167	13.014048531289909	24.680715197956577	0.006385696040868455
30.0	30.906768837803323	31.34738186462324	13.045977011494253	24.69348659003831	0.006385696040868455
31.0	30.977011494252878	31.264367816091955	13.045977011494253	24.70625798212005	0.006385696040868455
32.0	30.970625798212005	31.34738186462324	13.02043422733078	24.655172413793103	0.006385696040868455
33.0	30.951468710089397	31.315453384418902	13.071519795657727	24.655172413793103	0.006385696040868455
34.0	31.028097062579825	31.245210727969347	13.05874840357599	24.661558109833972	0.006385696040868455
35.0	30.89399744572158	31.385696040868456	13.02043422733078	24.69348659003831	0.006385696040868455
36.0	30.98978288633461	31.28991060025543	13.02043422733078	24.69348659003831	0.006385696040868455
37.0	30.94508301404853	31.257982120051086	13.026819923371647	24.763729246487866	0.006385696040868455
38.0	30.98978288633461	31.34738186462324	12.98212005108557	24.67432950191571	0.006385696040868455
39.0	30.94508301404853	31.25159642401022	13.014048531289909	24.782886334610474	0.006385696040868455
40.0	31.053639846743298	31.27075351213282	12.956577266922094	24.71264367816092	0.006385696040868455
41.0	30.94508301404853	31.245210727969347	13.13537675606641	24.667943805874838	0.006385696040868455
42.0	31.047254150702425	31.277139208173693	12.943805874840358	24.725415070242658	0.006385696040868455
43.0	30.964240102171136	31.28991060025543	13.045977011494253	24.69348659003831	0.006385696040868455
44.0	30.964240102171136	31.379310344827587	12.943805874840358	24.70625798212005	0.006385696040868455
45.0	30.977011494252878	31.264367816091955	12.994891443167306	24.757343550446997	0.006385696040868455
46.0	30.95785440613027	31.32822477650064	13.033205619412517	24.67432950191571	0.006385696040868455
47.0	30.925925925925924	31.264367816091955	13.05236270753512	24.75095785440613	0.006385696040868455
48.0	31.03448275862069	31.23882503192848	13.014048531289909	24.70625798212005	0.006385696040868455
49.0	31.015325670498083	31.28352490421456	13.05874840357599	24.6360153256705	0.006385696040868455
50.0	31.040868454661556	31.162196679438058	13.014048531289909	24.776500638569605	0.006385696040868455
51.0	30.977011494252878	31.277139208173693	12.969348659003831	24.770114942528735	0.006385696040868455
52.0	31.021711366538952	31.27075351213282	12.975734355044699	24.725415070242658	0.006385696040868455
53.0	30.970625798212005	31.296296296296294	13.001277139208172	24.725415070242658	0.006385696040868455
54.0	31.008939974457217	31.27075351213282	12.98212005108557	24.731800766283524	0.006385696040868455
55.0	30.95785440613027	31.296296296296294	13.007662835249043	24.731800766283524	0.006385696040868455
56.0	30.964240102171136	31.23882503192848	13.007662835249043	24.782886334610474	0.006385696040868455
57.0	30.970625798212005	31.315453384418902	13.026819923371647	24.680715197956577	0.006385696040868455
58.0	30.99616858237548	31.353767560664114	12.943805874840358	24.699872286079184	0.006385696040868455
59.0	30.98978288633461	31.219667943805874	13.045977011494253	24.738186462324393	0.006385696040868455
60.0	30.99616858237548	31.40485312899106	12.943805874840358	24.648786717752238	0.006385696040868455
61.0	30.925925925925924	31.34738186462324	12.98212005108557	24.738186462324393	0.006385696040868455
62.0	30.99616858237548	31.321839080459768	12.969348659003831	24.70625798212005	0.006385696040868455
63.0	30.951468710089397	31.334610472541506	12.962962962962962	24.744572158365262	0.006385696040868455
64.0	31.021711366538952	31.353767560664114	12.89272030651341	24.725415070242658	0.006385696040868455
65.0	30.95785440613027	31.34738186462324	12.98212005108557	24.70625798212005	0.006385696040868455
66.0	30.964240102171136	31.385696040868456	12.962962962962962	24.680715197956577	0.006385696040868455
67.0	30.964240102171136	31.372924648786714	12.98212005108557	24.67432950191571	0.006385696040868455
68.0	30.919540229885058	31.334610472541506	12.943805874840358	24.795657726692212	0.006385696040868455
69.0	31.03448275862069	31.334610472541506	12.931034482758621	24.69348659003831	0.006385696040868455
70.0	31.008939974457217	31.28991060025543	12.962962962962962	24.731800766283524	0.006385696040868455
71.0	30.964240102171136	31.41123882503193	12.931034482758621	24.687100893997446	0.006385696040868455
72.0	30.95785440613027	31.417624521072796	12.937420178799488	24.680715197956577	0.006385696040868455
73.0	30.970625798212005	31.41123882503193	12.924648786717752	24.687100893997446	0.006385696040868455
74.0	30.91315453384419	31.385696040868456	13.007662835249043	24.687100893997446	0.006385696040868455
75.0	31.00255427841635	31.28991060025543	12.937420178799488	24.763729246487866	0.006385696040868455
76.0	30.983397190293744	31.28352490421456	13.001277139208172	24.725415070242658	0.006385696040868455
77.0	30.951468710089397	31.340996168582375	12.98212005108557	24.71902937420179	0.006385696040868455
78.0	31.028097062579825	31.296296296296294	12.962962962962962	24.70625798212005	0.006385696040868455
79.0	30.919540229885058	31.302681992337167	12.956577266922094	24.814814814814813	0.006385696040868455
80.0	30.91315453384419	31.360153256704983	13.007662835249043	24.71264367816092	0.006385696040868455
81.0	31.00255427841635	31.25159642401022	12.950191570881225	24.78927203065134	0.006385696040868455
82.0	30.874840357598977	31.353767560664114	13.045977011494253	24.71902937420179	0.006385696040868455
83.0	30.977011494252878	31.36653895274585	12.962962962962962	24.687100893997446	0.006385696040868455
84.0	30.906768837803323	31.296296296296294	13.014048531289909	24.776500638569605	0.006385696040868455
85.0	30.964240102171136	31.379310344827587	12.911877394636015	24.738186462324393	0.006385696040868455
86.0	30.938697318007662	31.353767560664114	13.014048531289909	24.687100893997446	0.006385696040868455
87.0	30.94508301404853	31.334610472541506	12.911877394636015	24.802043422733078	0.006385696040868455
88.0	30.862068965517242	31.40485312899106	13.039591315453384	24.687100893997446	0.006385696040868455
89.0	30.964240102171136	31.392081736909322	12.937420178799488	24.699872286079184	0.006385696040868455
90.0	30.887611749680715	31.32822477650064	13.05874840357599	24.71902937420179	0.006385696040868455
91.0	30.951468710089397	31.34738186462324	12.969348659003831	24.725415070242658	0.006385696040868455
92.0	30.919540229885058	31.385696040868456	12.994891443167306	24.69348659003831	0.006385696040868455
93.0	30.94508301404853	31.436781609195403	12.867177522349937	24.744572158365262	0.006385696040868455
94.0	30.964240102171136	31.296296296296294	12.98212005108557	24.75095785440613	0.006385696040868455
95.0	30.95785440613027	31.417624521072796	12.879948914431674	24.738186462324393	0.006385696040868455
96.0	30.90038314176245	31.32822477650064	12.98212005108557	24.782886334610474	0.006385696040868455
97.0	30.89399744572158	31.513409961685824	12.89272030651341	24.69348659003831	0.006385696040868455
98.0	30.94705919918258	31.394086467845966	12.951018583562169	24.707835749409284	0.0
