# Position (bp)	A	C	G	T	N
0.0	31.03404309575418	31.3655488971057	12.909600918016064	24.684431977559605	0.006375111564452377
1.0	30.861915083513964	31.41017467805687	13.043478260869565	24.678056865995153	0.006375111564452377
2.0	30.95754175698075	31.3655488971057	12.966976922096137	24.703557312252965	0.006375111564452377
3.0	30.874665306642868	31.461175570572486	13.037103149305112	24.620680861915083	0.006375111564452377
4.0	30.976667091674102	31.422924901185773	12.947851587402779	24.646181308172892	0.006375111564452377
5.0	30.874665306642868	31.39104934336351	13.043478260869565	24.684431977559605	0.006375111564452377
6.0	31.05316843044753	31.44842534744358	12.941476475838327	24.550554634706106	0.006375111564452377
7.0	30.89379064133622	31.435675124314677	13.005227591482852	24.658931531301796	0.006375111564452377
8.0	31.008542649496366	31.38467423179906	12.935101364273875	24.66530664286625	0.006375111564452377
9.0	30.81091419099834	31.44842534744358	13.043478260869565	24.69080708912406	0.006375111564452377
10.0	31.046793318883083	31.333673339283436	12.92872625270942	24.684431977559605	0.006375111564452377
11.0	30.836414637256155	31.39104934336351	13.043478260869565	24.72268264694632	0.006375111564452377
12.0	31.01491776106082	31.333673339283436	12.947851587402779	24.697182200688513	0.006375111564452377
13.0	30.868290195078412	31.397424454927965	13.08172893025628	24.646181308172892	0.006375111564452377
14.0	30.976667091674102	31.276297335203367	12.986102256789495	24.754558204768585	0.006375111564452377
15.0	30.881040418207316	31.378299120234605	13.049853372434017	24.684431977559605	0.006375111564452377
16.0	30.93841642228739	31.327298227718988	13.024352926176208	24.703557312252965	0.006375111564452377
17.0	30.874665306642868	31.34642356241234	13.056228483998469	24.71630753538187	0.006375111564452377
18.0	30.91291597602958	31.301797781461175	13.017977814611756	24.760933316333038	0.006375111564452377
19.0	30.93841642228739	31.31454800459008	13.088104041820731	24.652556419737344	0.006375111564452377
20.0	30.881040418207316	31.37192400867015	13.037103149305112	24.703557312252965	0.006375111564452377
21.0	30.881040418207316	31.25079688894556	13.049853372434017	24.811934208848655	0.006375111564452377
22.0	31.002167537931914	31.28267244676782	13.03072803774066	24.678056865995153	0.006375111564452377
23.0	30.887415529771772	31.308172893025628	13.043478260869565	24.754558204768585	0.006375111564452377
24.0	30.970291980109653	31.244421777381103	13.043478260869565	24.73543287007523	0.006375111564452377
25.0	30.89379064133622	31.320923116154532	13.068978707127373	24.709932423817417	0.006375111564452377
26.0	30.951166645416293	31.276297335203367	13.024352926176208	24.74180798163968	0.006375111564452377
27.0	30.925666199158485	31.352798673976796	13.005227591482852	24.709932423817417	0.006375111564452377
28.0	30.89379064133622	31.340048450847892	13.005227591482852	24.754558204768585	0.006375111564452377
29.0	30.976667091674102	31.295422669896723	13.017977814611756	24.703557312252965	0.006375111564452377
30.0	30.906540864465125	31.327298227718988	13.049853372434017	24.709932423817417	0.006375111564452377
31.0	30.951166645416293	31.269922223638915	13.049853372434017	24.72268264694632	0.006375111564452377
32.0	30.970291980109653	31.327298227718988	13.03072803774066	24.66530664286625	0.006375111564452377
33.0	30.932041310722937	31.320923116154532	13.075353818691827	24.66530664286625	0.006375111564452377
34.0	31.027667984189723	31.225296442687743	13.062603595562921	24.678056865995153	0.006375111564452377
35.0	30.874665306642868	31.403799566492413	13.024352926176208	24.69080708912406	0.006375111564452377
36.0	30.976667091674102	31.295422669896723	13.024352926176208	24.697182200688513	0.006375111564452377
37.0	30.925666199158485	31.276297335203367	13.03072803774066	24.760933316333038	0.006375111564452377
38.0	31.002167537931914	31.352798673976796	12.97335203366059	24.66530664286625	0.006375111564452377
39.0	30.932041310722937	31.257172000510007	13.011602703047304	24.7928088741553	0.006375111564452377
40.0	31.05316843044753	31.28267244676782	12.954226698967231	24.703557312252965	0.006375111564452377
41.0	30.93841642228739	31.25079688894556	13.1327298227719	24.6716817544307	0.006375111564452377
42.0	31.046793318883083	31.276297335203367	12.941476475838327	24.729057758510777	0.006375111564452377
43.0	30.94479153385184	31.301797781461175	13.037103149305112	24.709932423817417	0.006375111564452377
44.0	30.963916868545198	31.378299120234605	12.947851587402779	24.703557312252965	0.006375111564452377
45.0	30.95754175698075	31.263547112074463	12.992477368353947	24.780058651026394	0.006375111564452377
46.0	30.95754175698075	31.333673339283436	13.03072803774066	24.6716817544307	0.006375111564452377
47.0	30.906540864465125	31.269922223638915	13.043478260869565	24.773683539461942	0.006375111564452377
48.0	31.027667984189723	31.2316715542522	13.017977814611756	24.71630753538187	0.006375111564452377
49.0	30.995792426367462	31.28904755833227	13.049853372434017	24.658931531301796	0.006375111564452377
50.0	31.03404309575418	31.167920438607677	13.017977814611756	24.773683539461942	0.006375111564452377
51.0	30.951166645416293	31.28904755833227	12.966976922096137	24.786433762590846	0.006375111564452377
52.0	31.008542649496366	31.28267244676782	12.979727145225043	24.72268264694632	0.006375111564452377
53.0	30.95754175698075	31.308172893025628	12.9988524799184	24.729057758510777	0.006375111564452377
54.0	30.995792426367462	31.28904755833227	12.986102256789495	24.72268264694632	0.006375111564452377
55.0	30.93841642228739	31.295422669896723	13.005227591482852	24.754558204768585	0.006375111564452377
56.0	30.95754175698075	31.263547112074463	13.017977814611756	24.754558204768585	0.006375111564452377
57.0	30.951166645416293	31.333673339283436	13.017977814611756	24.69080708912406	0.006375111564452377
58.0	30.98941731480301	31.37192400867015	12.954226698967231	24.678056865995153	0.006375111564452377
59.0	30.970291980109653	31.2316715542522	13.049853372434017	24.74180798163968	0.006375111564452377
60.0	30.98941731480301	31.41017467805687	12.947851587402779	24.646181308172892	0.006375111564452377
61.0	30.91929108759403	31.34642356241234	12.992477368353947	24.73543287007523	0.006375111564452377
62.0	30.98941731480301	31.34642356241234	12.97335203366059	24.684431977559605	0.006375111564452377
63.0	30.951166645416293	31.327298227718988	12.97335203366059	24.74180798163968	0.006375111564452377
64.0	31.01491776106082	31.37192400867015	12.903225806451612	24.703557312252965	0.006375111564452377
65.0	30.963916868545198	31.352798673976796	12.986102256789495	24.69080708912406	0.006375111564452377
66.0	30.94479153385184	31.416549789621318	12.966976922096137	24.66530664286625	0.006375111564452377
67.0	30.970291980109653	31.38467423179906	12.986102256789495	24.652556419737344	0.006375111564452377
68.0	30.925666199158485	31.359173785541245	12.947851587402779	24.760933316333038	0.006375111564452377
69.0	31.03404309575418	31.34642356241234	12.935101364273875	24.678056865995153	0.006375111564452377
70.0	31.008542649496366	31.31454800459008	12.966976922096137	24.703557312252965	0.006375111564452377
71.0	30.963916868545198	31.41017467805687	12.935101364273875	24.684431977559605	0.006375111564452377
72.0	30.95754175698075	31.435675124314677	12.947851587402779	24.652556419737344	0.006375111564452377
73.0	30.983042203238558	31.403799566492413	12.92872625270942	24.678056865995153	0.006375111564452377
74.0	30.925666199158485	31.39104934336351	13.011602703047304	24.66530664286625	0.006375111564452377
75.0	31.021292872625274	31.28267244676782	12.941476475838327	24.748183093204133	0.006375111564452377
76.0	30.995792426367462	31.28904755833227	13.005227591482852	24.703557312252965	0.006375111564452377
77.0	30.970291980109653	31.333673339283436	12.986102256789495	24.703557312252965	0.006375111564452377
78.0	31.03404309575418	31.320923116154532	12.966976922096137	24.6716817544307	0.006375111564452377
79.0	30.932041310722937	31.295422669896723	12.960601810531685	24.805559097284203	0.006375111564452377
80.0	30.91929108759403	31.397424454927965	13.005227591482852	24.6716817544307	0.006375111564452377
81.0	31.008542649496366	31.257172000510007	12.947851587402779	24.780058651026394	0.006375111564452377
82.0	30.868290195078412	31.39104934336351	13.037103149305112	24.697182200688513	0.006375111564452377
83.0	30.98941731480301	31.37192400867015	12.966976922096137	24.66530664286625	0.006375111564452377
84.0	30.900165752900676	31.320923116154532	13.005227591482852	24.76730842789749	0.006375111564452377
85.0	30.976667091674102	31.378299120234605	12.915976029580516	24.72268264694632	0.006375111564452377
86.0	30.94479153385184	31.37192400867015	13.005227591482852	24.6716817544307	0.006375111564452377
87.0	30.963916868545198	31.327298227718988	12.909600918016064	24.7928088741553	0.006375111564452377
88.0	30.861915083513964	31.429300012750222	13.037103149305112	24.66530664286625	0.006375111564452377
89.0	30.976667091674102	31.39104934336351	12.935101364273875	24.69080708912406	0.006375111564452377
90.0	30.900165752900676	31.327298227718988	13.056228483998469	24.709932423817417	0.006375111564452377
91.0	30.95754175698075	31.359173785541245	12.966976922096137	24.709932423817417	0.006375111564452377
92.0	30.925666199158485	31.397424454927965	12.992477368353947	24.678056865995153	0.006375111564452377
93.0	30.94479153385184	31.435675124314677	12.871350248629351	24.74180798163968	0.006375111564452377
94.0	30.970291980109653	31.301797781461175	12.979727145225043	24.74180798163968	0.006375111564452377
95.0	30.951166645416293	31.442050235879126	12.871350248629351	24.729057758510777	0.006375111564452377
96.0	30.887415529771772	31.34642356241234	12.979727145225043	24.780058651026394	0.006375111564452377
97.0	30.900165752900676	31.531301797781463	12.884100471758256	24.678056865995153	0.006375111564452377
98.0	30.9467644246095	31.405801721389864	12.95505259802359	24.692381255977047	0.0
